1692824628,187,timing,elapsed_us,115,start_us,1692824628540675,stop_us,1692824628540790,-,BESInterface::execute_request
1692824628,187,timing,elapsed_us,170,start_us,1692824628540654,stop_us,1692824628540824,-,BESServerHandler::execute
1692824628,187,timing,elapsed_us,230,start_us,1692824628452772,stop_us,1692824628453002,-,BESInterface::execute_request
1692824628,187,timing,elapsed_us,34,start_us,1692824628452926,stop_us,1692824628452960,[thread:http-nio-8080-exec-9-37][bes_client:/-0],ShowBesKeyResponseHandler::execute
1692824628,187,timing,elapsed_us,369,start_us,1692824628452678,stop_us,1692824628453047,-,BESServerHandler::execute
1692824628,187,timing,elapsed_us,6,start_us,1692824628452989,stop_us,1692824628452995,[thread:http-nio-8080-exec-9-37][bes_client:/-0],show besKey for SupportEmail; transmitting
1692824628,187,timing,elapsed_us,7,start_us,1692824628540763,stop_us,1692824628540770,client: /-0:1,show status; transmitting
1692824698,187,timing,elapsed_us,11,start_us,1692824698017348,stop_us,1692824698017359,[thread:http-nio-8080-exec-8-36][bes_client:/-0],show node for /data/nc/fnoc1.nc; transmitting
1692824698,187,timing,elapsed_us,11,start_us,1692824698153249,stop_us,1692824698153260,[thread:http-nio-8080-exec-8-36][bes_client:/-0],show version; transmitting
1692824698,187,timing,elapsed_us,126,start_us,1692824698420657,stop_us,1692824698420783,-,BESServerHandler::execute
1692824698,187,timing,elapsed_us,13,start_us,1692824698060817,stop_us,1692824698060830,client: /-0:3,show status; transmitting
1692824698,187,timing,elapsed_us,13,start_us,1692824698240795,stop_us,1692824698240808,client: /-0:5,show status; transmitting
1692824698,187,timing,elapsed_us,134,start_us,1692824698240701,stop_us,1692824698240835,-,BESInterface::execute_request
1692824698,187,timing,elapsed_us,145,start_us,1692824698060715,stop_us,1692824698060860,-,BESInterface::execute_request
1692824698,187,timing,elapsed_us,1457,start_us,1692824698333837,stop_us,1692824698335294,[thread:http-nio-8080-exec-8-36][bes_client:/-0],NCRequestHandler::nc_build_dmr
1692824698,187,timing,elapsed_us,17,start_us,1692824698153100,stop_us,1692824698153117,[thread:http-nio-8080-exec-8-36][bes_client:/-0],NCRequestHandler::nc_build_version
1692824698,187,timing,elapsed_us,18,start_us,1692824698333254,stop_us,1692824698333272,[thread:http-nio-8080-exec-8-36][bes_client:/-0],set container in catalog values catalogContainer,/data/nc/fnoc1.nc; transmitting
1692824698,187,timing,elapsed_us,214,start_us,1692824698240680,stop_us,1692824698240894,-,BESServerHandler::execute
1692824698,187,timing,elapsed_us,229,start_us,1692824698060693,stop_us,1692824698060922,-,BESServerHandler::execute
1692824698,187,timing,elapsed_us,2694,start_us,1692824698332725,stop_us,1692824698335419,-,BESInterface::execute_request
1692824698,187,timing,elapsed_us,2733,start_us,1692824698332703,stop_us,1692824698335436,-,BESServerHandler::execute
1692824698,187,timing,elapsed_us,439,start_us,1692824698016866,stop_us,1692824698017305,[thread:http-nio-8080-exec-8-36][bes_client:/-0],ShowNodeResponseHandler::execute
1692824698,187,timing,elapsed_us,578,start_us,1692824698152697,stop_us,1692824698153275,-,BESInterface::execute_request
1692824698,187,timing,elapsed_us,638,start_us,1692824698016735,stop_us,1692824698017373,-,BESInterface::execute_request
1692824698,187,timing,elapsed_us,662,start_us,1692824698152674,stop_us,1692824698153336,-,BESServerHandler::execute
1692824698,187,timing,elapsed_us,7,start_us,1692824698420728,stop_us,1692824698420735,client: /-0:7,show status; transmitting
1692824698,187,timing,elapsed_us,756,start_us,1692824698016701,stop_us,1692824698017457,-,BESServerHandler::execute
1692824698,187,timing,elapsed_us,8,start_us,1692824698333332,stop_us,1692824698333340,[thread:http-nio-8080-exec-8-36][bes_client:/-0],define d1 in default as catalogContainer; transmitting
1692824698,187,timing,elapsed_us,82,start_us,1692824698420668,stop_us,1692824698420750,-,BESInterface::execute_request
1692824698,187,timing,elapsed_us,97,start_us,1692824698335311,stop_us,1692824698335408,[thread:http-nio-8080-exec-8-36][bes_client:/-0],get dmr for d1 return as dap2; transmitting
1692827043,187,error,CredentialsManager::load_credentials() - CredentialsManager config file /etc/bes/credentials.conf was specified but is not present.1692827043,187,timing,elapsed_us,678171,start_us,1692827043216966,stop_us,1692827043895137,-,RemoteResource::get_url() - source url: https://cmr.uat.earthdata.nasa.gov/search/granules.umm_json_v1_4?collection_concept_id=C1241426872-NSIDC_CUAT&granule_ur=ATL06_20200101021201_00820603_005_01.h5
1692827043,187,timing,elapsed_us,4,start_us,1692827043895631,stop_us,1692827043895635,http-nio-8080-exec-3:31[bes_client:/-0],define d1 in default as ngapContainer with ngapContainer.dap4constraint="/orbit_info_rgt;/orbit_info_crossing_time;/gt3r_land_ice_segments_latitude[0:64:];/gt3r_land_ice_segments_longitude[0:64:];/gt3r_land_ice_segments_delta_time[0:64:];/gt3l_land_ice_segments_latitude[0:64:];/gt3l_land_ice_segments_longitude[0:64:];/gt3l_land_ice_segments_delta_time[0:64:];/gt2r_land_ice_segments_latitude[0:64:];/gt2r_land_ice_segments_longitude[0:64:];/gt2r_land_ice_segments_delta_time[0:64:];/gt2l_land_ice_segments_latitude[0:64:];/gt2l_land_ice_segments_longitude[0:64:];/gt2l_land_ice_segments_delta_time[0:64:];/gt1r_land_ice_segments_latitude[0:64:];/gt1r_land_ice_segments_longitude[0:64:];/gt1r_land_ice_segments_delta_time[0:64:];/gt1l_land_ice_segments_latitude[0:64:];/gt1l_land_ice_segments_longitude[0:64:];/gt1l_land_ice_segments_delta_time[0:64:]"; transmitting
1692827043,187,timing,elapsed_us,9,start_us,1692827043895596,stop_us,1692827043895605,http-nio-8080-exec-3:31[bes_client:/-0],set container in ngap values ngapContainer,collections/C1241426872-NSIDC_CUAT/granules/ATL06_20200101021201_00820603_005_01.h5; transmitting
1692827050,187,timing,elapsed_us,6372848,start_us,1692827043896490,stop_us,1692827050269338,-,RemoteResource::get_url() - source url: https://data.nsidc.uat.earthdatacloud.nasa.gov/nsidc-cumulus-uat-protected/ATLAS/ATL06/005/2020/01/01/ATL06_20200101021201_00820603_005_01.h5.dmrpp
1692827052,187,timing,elapsed_us,205162,start_us,1692827052642094,stop_us,1692827052847256,-,DmrppArray::read_super_chunks_concurrent() -  name: gt1r_land_ice_segments_longitude
1692827052,187,timing,elapsed_us,2292321,start_us,1692827050281119,stop_us,1692827052573440,-,CurlUtils::retrieve_effective_url() -  Following Redirects Starting With: https://data.nsidc.uat.earthdatacloud.nasa.gov/nsidc-cumulus-uat-protected/ATLAS/ATL06/005/2020/01/01/ATL06_20200101021201_00820603_005_01.h5
1692827052,187,timing,elapsed_us,2360519,start_us,1692827050281067,stop_us,1692827052641586,-,DmrppArray::read_contiguous() -  name: orbit_info_rgt
1692827052,187,timing,elapsed_us,34718,start_us,1692827052941505,stop_us,1692827052976223,-,DmrppArray::read_super_chunks_concurrent() -  name: gt2r_land_ice_segments_longitude
1692827052,187,timing,elapsed_us,93340,start_us,1692827052847857,stop_us,1692827052941197,-,DmrppArray::read_super_chunks_concurrent() -  name: gt1r_land_ice_segments_latitude
1692827053,187,timing,elapsed_us,126173,start_us,1692827053316846,stop_us,1692827053443019,-,DmrppArray::read_super_chunks_concurrent() -  name: gt2l_land_ice_segments_longitude
1692827053,187,timing,elapsed_us,231563,start_us,1692827053595787,stop_us,1692827053827350,-,DmrppArray::read_super_chunks_concurrent() -  name: gt3r_land_ice_segments_latitude
1692827053,187,timing,elapsed_us,23560,start_us,1692827053932800,stop_us,1692827053956360,-,DmrppArray::read_super_chunks_concurrent() -  name: gt2r_land_ice_segments_delta_time
1692827053,187,timing,elapsed_us,25700,start_us,1692827053906771,stop_us,1692827053932471,-,DmrppArray::read_super_chunks_concurrent() -  name: gt2l_land_ice_segments_delta_time
1692827053,187,timing,elapsed_us,25905,start_us,1692827053956726,stop_us,1692827053982631,-,DmrppArray::read_super_chunks_concurrent() -  name: gt3l_land_ice_segments_delta_time
1692827053,187,timing,elapsed_us,29228,start_us,1692827053877257,stop_us,1692827053906485,-,DmrppArray::read_super_chunks_concurrent() -  name: gt1r_land_ice_segments_delta_time
1692827053,187,timing,elapsed_us,39765,start_us,1692827052976513,stop_us,1692827053016278,-,DmrppArray::read_super_chunks_concurrent() -  name: gt2r_land_ice_segments_latitude
1692827053,187,timing,elapsed_us,49003,start_us,1692827053827960,stop_us,1692827053876963,-,DmrppArray::read_super_chunks_concurrent() -  name: gt1l_land_ice_segments_delta_time
1692827053,187,timing,elapsed_us,54452,start_us,1692827053262079,stop_us,1692827053316531,-,DmrppArray::read_super_chunks_concurrent() -  name: gt3l_land_ice_segments_latitude
1692827053,187,timing,elapsed_us,68020,start_us,1692827053111493,stop_us,1692827053179513,-,DmrppArray::read_super_chunks_concurrent() -  name: gt1l_land_ice_segments_latitude
1692827053,187,timing,elapsed_us,68908,start_us,1692827053526538,stop_us,1692827053595446,-,DmrppArray::read_super_chunks_concurrent() -  name: gt3r_land_ice_segments_longitude
1692827053,187,timing,elapsed_us,81875,start_us,1692827053179873,stop_us,1692827053261748,-,DmrppArray::read_super_chunks_concurrent() -  name: gt3l_land_ice_segments_longitude
1692827053,187,timing,elapsed_us,82883,start_us,1692827053443321,stop_us,1692827053526204,-,DmrppArray::read_super_chunks_concurrent() -  name: gt2l_land_ice_segments_latitude
1692827053,187,timing,elapsed_us,94609,start_us,1692827053016574,stop_us,1692827053111183,-,DmrppArray::read_super_chunks_concurrent() -  name: gt1l_land_ice_segments_longitude
1692827054,187,timing,elapsed_us,10838244,start_us,1692827043212693,stop_us,1692827054050937,-,BESInterface::execute_request
1692827054,187,timing,elapsed_us,10838964,start_us,1692827043212668,stop_us,1692827054051632,-,BESServerHandler::execute
1692827054,187,timing,elapsed_us,21692,start_us,1692827054028929,stop_us,1692827054050621,-,DmrppArray::read_contiguous() -  name: orbit_info_crossing_time
1692827054,187,timing,elapsed_us,3771389,start_us,1692827050279504,stop_us,1692827054050893,-,BESDapResponseBuilder::serialize_dap4_data() - Timer
1692827054,187,timing,elapsed_us,3771770,start_us,1692827050279149,stop_us,1692827054050919,http-nio-8080-exec-3:31[bes_client:/-0],get dap for d1 return as dap2; transmitting
1692827054,187,timing,elapsed_us,45836,start_us,1692827053982978,stop_us,1692827054028814,-,DmrppArray::read_super_chunks_concurrent() -  name: gt3r_land_ice_segments_delta_time
1692827054,187,timing,elapsed_us,7,start_us,1692827054061129,stop_us,1692827054061136,client: /-0:9,show status; transmitting
1692827054,187,timing,elapsed_us,780,start_us,1692827054060367,stop_us,1692827054061147,-,BESInterface::execute_request
1692827054,187,timing,elapsed_us,816,start_us,1692827054060357,stop_us,1692827054061173,-,BESServerHandler::execute
1692827093,187,timing,elapsed_us,209516,start_us,1692827093285177,stop_us,1692827093494693,-,RemoteResource::get_url() - source url: https://cmr.uat.earthdata.nasa.gov/search/granules.umm_json_v1_4?collection_concept_id=C1241426872-NSIDC_CUAT&granule_ur=ATL06_20200101020331_00820602_005_01.h5
1692827093,187,timing,elapsed_us,6,start_us,1692827093495059,stop_us,1692827093495065,http-nio-8080-exec-7:35[bes_client:/-0],set container in ngap values ngapContainer,collections/C1241426872-NSIDC_CUAT/granules/ATL06_20200101020331_00820602_005_01.h5; transmitting
1692827093,187,timing,elapsed_us,6,start_us,1692827093495226,stop_us,1692827093495232,http-nio-8080-exec-7:35[bes_client:/-0],define d1 in default as ngapContainer with ngapContainer.dap4constraint="/orbit_info_rgt;/orbit_info_crossing_time;/gt3r_land_ice_segments_latitude[0:1:];/gt3r_land_ice_segments_longitude[0:1:];/gt3r_land_ice_segments_delta_time[0:1:];/gt3l_land_ice_segments_latitude[0:1:];/gt3l_land_ice_segments_longitude[0:1:];/gt3l_land_ice_segments_delta_time[0:1:];/gt2r_land_ice_segments_latitude[0:1:];/gt2r_land_ice_segments_longitude[0:1:];/gt2r_land_ice_segments_delta_time[0:1:];/gt2l_land_ice_segments_latitude[0:1:];/gt2l_land_ice_segments_longitude[0:1:];/gt2l_land_ice_segments_delta_time[0:1:];/gt1r_land_ice_segments_latitude[0:1:];/gt1r_land_ice_segments_longitude[0:1:];/gt1r_land_ice_segments_delta_time[0:1:];/gt1l_land_ice_segments_latitude[0:1:];/gt1l_land_ice_segments_longitude[0:1:];/gt1l_land_ice_segments_delta_time[0:1:]"; transmitting
1692827095,187,timing,elapsed_us,2427543,start_us,1692827093496097,stop_us,1692827095923640,-,RemoteResource::get_url() - source url: https://data.nsidc.uat.earthdatacloud.nasa.gov/nsidc-cumulus-uat-protected/ATLAS/ATL06/005/2020/01/01/ATL06_20200101020331_00820602_005_01.h5.dmrpp
1692827098,187,timing,elapsed_us,18425,start_us,1692827098613411,stop_us,1692827098631836,-,DmrppArray::read_super_chunks_unconstrained_concurrent() -  name: gt3r_land_ice_segments_longitude
1692827098,187,timing,elapsed_us,18484,start_us,1692827098693700,stop_us,1692827098712184,-,DmrppArray::read_super_chunks_unconstrained_concurrent() -  name: gt1l_land_ice_segments_delta_time
1692827098,187,timing,elapsed_us,18614,start_us,1692827098820234,stop_us,1692827098838848,-,DmrppArray::read_super_chunks_unconstrained_concurrent() -  name: gt3r_land_ice_segments_delta_time
1692827098,187,timing,elapsed_us,18629,start_us,1692827098572248,stop_us,1692827098590877,-,DmrppArray::read_super_chunks_unconstrained_concurrent() -  name: gt2l_land_ice_segments_longitude
1692827098,187,timing,elapsed_us,18688,start_us,1692827098756934,stop_us,1692827098775622,-,DmrppArray::read_super_chunks_unconstrained_concurrent() -  name: gt2r_land_ice_segments_delta_time
1692827098,187,timing,elapsed_us,19352,start_us,1692827098507342,stop_us,1692827098526694,-,DmrppArray::read_super_chunks_unconstrained_concurrent() -  name: gt1l_land_ice_segments_latitude
1692827098,187,timing,elapsed_us,20328,start_us,1692827098454782,stop_us,1692827098475110,-,DmrppArray::read_super_chunks_unconstrained_concurrent() -  name: gt2r_land_ice_segments_latitude
1692827098,187,timing,elapsed_us,20331,start_us,1692827098433986,stop_us,1692827098454317,-,DmrppArray::read_super_chunks_unconstrained_concurrent() -  name: gt2r_land_ice_segments_longitude
1692827098,187,timing,elapsed_us,20539,start_us,1692827098712578,stop_us,1692827098733117,-,DmrppArray::read_super_chunks_unconstrained_concurrent() -  name: gt1r_land_ice_segments_delta_time
1692827098,187,timing,elapsed_us,21521,start_us,1692827098839288,stop_us,1692827098860809,-,DmrppArray::read_contiguous() -  name: orbit_info_crossing_time
1692827098,187,timing,elapsed_us,21574,start_us,1692827098550178,stop_us,1692827098571752,-,DmrppArray::read_super_chunks_unconstrained_concurrent() -  name: gt3l_land_ice_segments_latitude
1692827098,187,timing,elapsed_us,21574,start_us,1692827098591319,stop_us,1692827098612893,-,DmrppArray::read_super_chunks_unconstrained_concurrent() -  name: gt2l_land_ice_segments_latitude
1692827098,187,timing,elapsed_us,223,start_us,1692827098978805,stop_us,1692827098979028,-,BESInterface::execute_request
1692827098,187,timing,elapsed_us,22540,start_us,1692827098527186,stop_us,1692827098549726,-,DmrppArray::read_super_chunks_unconstrained_concurrent() -  name: gt3l_land_ice_segments_longitude
1692827098,187,timing,elapsed_us,22822,start_us,1692827098733653,stop_us,1692827098756475,-,DmrppArray::read_super_chunks_unconstrained_concurrent() -  name: gt2l_land_ice_segments_delta_time
1692827098,187,timing,elapsed_us,2305820,start_us,1692827095934315,stop_us,1692827098240135,-,CurlUtils::retrieve_effective_url() -  Following Redirects Starting With: https://data.nsidc.uat.earthdatacloud.nasa.gov/nsidc-cumulus-uat-protected/ATLAS/ATL06/005/2020/01/01/ATL06_20200101020331_00820602_005_01.h5
1692827098,187,timing,elapsed_us,2400965,start_us,1692827095934272,stop_us,1692827098335237,-,DmrppArray::read_contiguous() -  name: orbit_info_rgt
1692827098,187,timing,elapsed_us,262,start_us,1692827098978796,stop_us,1692827098979058,-,BESServerHandler::execute
1692827098,187,timing,elapsed_us,27978,start_us,1692827098405545,stop_us,1692827098433523,-,DmrppArray::read_super_chunks_unconstrained_concurrent() -  name: gt1r_land_ice_segments_latitude
1692827098,187,timing,elapsed_us,2928151,start_us,1692827095932840,stop_us,1692827098860991,-,BESDapResponseBuilder::serialize_dap4_data() - Timer
1692827098,187,timing,elapsed_us,2928517,start_us,1692827095932488,stop_us,1692827098861005,http-nio-8080-exec-7:35[bes_client:/-0],get dap for d1 return as dap2; transmitting
1692827098,187,timing,elapsed_us,31241,start_us,1692827098475644,stop_us,1692827098506885,-,DmrppArray::read_super_chunks_unconstrained_concurrent() -  name: gt1l_land_ice_segments_longitude
1692827098,187,timing,elapsed_us,43512,start_us,1692827098776146,stop_us,1692827098819658,-,DmrppArray::read_super_chunks_unconstrained_concurrent() -  name: gt3l_land_ice_segments_delta_time
1692827098,187,timing,elapsed_us,5580256,start_us,1692827093280761,stop_us,1692827098861017,-,BESInterface::execute_request
1692827098,187,timing,elapsed_us,5581511,start_us,1692827093280726,stop_us,1692827098862237,-,BESServerHandler::execute
1692827098,187,timing,elapsed_us,60868,start_us,1692827098632299,stop_us,1692827098693167,-,DmrppArray::read_super_chunks_unconstrained_concurrent() -  name: gt3r_land_ice_segments_latitude
1692827098,187,timing,elapsed_us,69442,start_us,1692827098335616,stop_us,1692827098405058,-,DmrppArray::read_super_chunks_unconstrained_concurrent() -  name: gt1r_land_ice_segments_longitude
1692827098,187,timing,elapsed_us,7,start_us,1692827098979008,stop_us,1692827098979015,client: /-0:11,show status; transmitting
1692827159,187,timing,elapsed_us,14,start_us,1692827159120762,stop_us,1692827159120776,http-nio-8080-exec-6:34[bes_client:/-0],define d1 in default as ngapContainer with ngapContainer.dap4constraint="/orbit_info_rgt;/orbit_info_crossing_time;/gt3r_land_ice_segments_latitude[0:256:];/gt3r_land_ice_segments_longitude[0:256:];/gt3r_land_ice_segments_delta_time[0:256:];/gt3l_land_ice_segments_latitude[0:256:];/gt3l_land_ice_segments_longitude[0:256:];/gt3l_land_ice_segments_delta_time[0:256:];/gt2r_land_ice_segments_latitude[0:256:];/gt2r_land_ice_segments_longitude[0:256:];/gt2r_land_ice_segments_delta_time[0:256:];/gt2l_land_ice_segments_latitude[0:256:];/gt2l_land_ice_segments_longitude[0:256:];/gt2l_land_ice_segments_delta_time[0:256:];/gt1r_land_ice_segments_latitude[0:256:];/gt1r_land_ice_segments_longitude[0:256:];/gt1r_land_ice_segments_delta_time[0:256:];/gt1l_land_ice_segments_latitude[0:256:];/gt1l_land_ice_segments_longitude[0:256:];/gt1l_land_ice_segments_delta_time[0:256:]"; transmitting
1692827159,187,timing,elapsed_us,211284,start_us,1692827158908905,stop_us,1692827159120189,-,RemoteResource::get_url() - source url: https://cmr.uat.earthdata.nasa.gov/search/granules.umm_json_v1_4?collection_concept_id=C1241426872-NSIDC_CUAT&granule_ur=ATL06_20200101020331_00820602_005_01.h5
1692827159,187,timing,elapsed_us,7,start_us,1692827159120567,stop_us,1692827159120574,http-nio-8080-exec-6:34[bes_client:/-0],set container in ngap values ngapContainer,collections/C1241426872-NSIDC_CUAT/granules/ATL06_20200101020331_00820602_005_01.h5; transmitting
1692827161,187,timing,elapsed_us,20585,start_us,1692827161764590,stop_us,1692827161785175,-,DmrppArray::read_super_chunks_concurrent() -  name: gt3l_land_ice_segments_longitude
1692827161,187,timing,elapsed_us,21840,start_us,1692827161716666,stop_us,1692827161738506,-,DmrppArray::read_super_chunks_concurrent() -  name: gt1l_land_ice_segments_longitude
1692827161,187,timing,elapsed_us,21843,start_us,1692827161694610,stop_us,1692827161716453,-,DmrppArray::read_super_chunks_concurrent() -  name: gt2r_land_ice_segments_latitude
1692827161,187,timing,elapsed_us,2276852,start_us,1692827159121622,stop_us,1692827161398474,-,RemoteResource::get_url() - source url: https://data.nsidc.uat.earthdatacloud.nasa.gov/nsidc-cumulus-uat-protected/ATLAS/ATL06/005/2020/01/01/ATL06_20200101020331_00820602_005_01.h5.dmrpp
1692827161,187,timing,elapsed_us,25718,start_us,1692827161738689,stop_us,1692827161764407,-,DmrppArray::read_super_chunks_concurrent() -  name: gt1l_land_ice_segments_latitude
1692827161,187,timing,elapsed_us,30011,start_us,1692827161897508,stop_us,1692827161927519,-,DmrppArray::read_super_chunks_concurrent() -  name: gt3r_land_ice_segments_longitude
1692827161,187,timing,elapsed_us,34342,start_us,1692827161822997,stop_us,1692827161857339,-,DmrppArray::read_super_chunks_concurrent() -  name: gt2l_land_ice_segments_longitude
1692827161,187,timing,elapsed_us,37431,start_us,1692827161785372,stop_us,1692827161822803,-,DmrppArray::read_super_chunks_concurrent() -  name: gt3l_land_ice_segments_latitude
1692827161,187,timing,elapsed_us,39785,start_us,1692827161857538,stop_us,1692827161897323,-,DmrppArray::read_super_chunks_concurrent() -  name: gt2l_land_ice_segments_latitude
1692827161,187,timing,elapsed_us,42336,start_us,1692827161652003,stop_us,1692827161694339,-,DmrppArray::read_super_chunks_concurrent() -  name: gt2r_land_ice_segments_longitude
1692827161,187,timing,elapsed_us,71370,start_us,1692827161580430,stop_us,1692827161651800,-,DmrppArray::read_super_chunks_concurrent() -  name: gt1r_land_ice_segments_latitude
1692827161,187,timing,elapsed_us,83250,start_us,1692827161496970,stop_us,1692827161580220,-,DmrppArray::read_super_chunks_concurrent() -  name: gt1r_land_ice_segments_longitude
1692827161,187,timing,elapsed_us,88103,start_us,1692827161408474,stop_us,1692827161496577,-,DmrppArray::read_contiguous() -  name: orbit_info_rgt
1692827162,187,timing,elapsed_us,144680,start_us,1692827162142613,stop_us,1692827162287293,-,DmrppArray::read_super_chunks_concurrent() -  name: gt3l_land_ice_segments_delta_time
1692827162,187,timing,elapsed_us,198,start_us,1692827162383845,stop_us,1692827162384043,-,BESInterface::execute_request
1692827162,187,timing,elapsed_us,20333,start_us,1692827162048960,stop_us,1692827162069293,-,DmrppArray::read_super_chunks_concurrent() -  name: gt1r_land_ice_segments_delta_time
1692827162,187,timing,elapsed_us,23406,start_us,1692827162025386,stop_us,1692827162048792,-,DmrppArray::read_super_chunks_concurrent() -  name: gt1l_land_ice_segments_delta_time
1692827162,187,timing,elapsed_us,235,start_us,1692827162383837,stop_us,1692827162384072,-,BESServerHandler::execute
1692827162,187,timing,elapsed_us,28009,start_us,1692827162069490,stop_us,1692827162097499,-,DmrppArray::read_super_chunks_concurrent() -  name: gt2l_land_ice_segments_delta_time
1692827162,187,timing,elapsed_us,31141,start_us,1692827162348335,stop_us,1692827162379476,-,DmrppArray::read_contiguous() -  name: orbit_info_crossing_time
1692827162,187,timing,elapsed_us,3474989,start_us,1692827158904753,stop_us,1692827162379742,-,BESInterface::execute_request
1692827162,187,timing,elapsed_us,3476161,start_us,1692827158904713,stop_us,1692827162380874,-,BESServerHandler::execute
1692827162,187,timing,elapsed_us,44606,start_us,1692827162097832,stop_us,1692827162142438,-,DmrppArray::read_super_chunks_concurrent() -  name: gt2r_land_ice_segments_delta_time
1692827162,187,timing,elapsed_us,60757,start_us,1692827162287488,stop_us,1692827162348245,-,DmrppArray::read_super_chunks_concurrent() -  name: gt3r_land_ice_segments_delta_time
1692827162,187,timing,elapsed_us,9,start_us,1692827162384024,stop_us,1692827162384033,client: /-0:13,show status; transmitting
1692827162,187,timing,elapsed_us,972639,start_us,1692827161407054,stop_us,1692827162379693,-,BESDapResponseBuilder::serialize_dap4_data() - Timer
1692827162,187,timing,elapsed_us,972998,start_us,1692827161406721,stop_us,1692827162379719,http-nio-8080-exec-6:34[bes_client:/-0],get dap for d1 return as dap2; transmitting
1692827162,187,timing,elapsed_us,97480,start_us,1692827161927701,stop_us,1692827162025181,-,DmrppArray::read_super_chunks_concurrent() -  name: gt3r_land_ice_segments_latitude
1692827167,187,timing,elapsed_us,219042,start_us,1692827167657108,stop_us,1692827167876150,-,RemoteResource::get_url() - source url: https://cmr.uat.earthdata.nasa.gov/search/granules.umm_json_v1_4?collection_concept_id=C1241426872-NSIDC_CUAT&granule_ur=ATL06_20200101021201_00820603_005_01.h5
1692827167,187,timing,elapsed_us,6,start_us,1692827167876831,stop_us,1692827167876837,http-nio-8080-exec-7:35[bes_client:/-0],define d1 in default as ngapContainer with ngapContainer.dap4constraint="/orbit_info_rgt;/orbit_info_crossing_time;/gt3r_land_ice_segments_latitude[0:64:];/gt3r_land_ice_segments_longitude[0:64:];/gt3r_land_ice_segments_delta_time[0:64:];/gt3l_land_ice_segments_latitude[0:64:];/gt3l_land_ice_segments_longitude[0:64:];/gt3l_land_ice_segments_delta_time[0:64:];/gt2r_land_ice_segments_latitude[0:64:];/gt2r_land_ice_segments_longitude[0:64:];/gt2r_land_ice_segments_delta_time[0:64:];/gt2l_land_ice_segments_latitude[0:64:];/gt2l_land_ice_segments_longitude[0:64:];/gt2l_land_ice_segments_delta_time[0:64:];/gt1r_land_ice_segments_latitude[0:64:];/gt1r_land_ice_segments_longitude[0:64:];/gt1r_land_ice_segments_delta_time[0:64:];/gt1l_land_ice_segments_latitude[0:64:];/gt1l_land_ice_segments_longitude[0:64:];/gt1l_land_ice_segments_delta_time[0:64:]"; transmitting
1692827167,187,timing,elapsed_us,8,start_us,1692827167876639,stop_us,1692827167876647,http-nio-8080-exec-7:35[bes_client:/-0],set container in ngap values ngapContainer,collections/C1241426872-NSIDC_CUAT/granules/ATL06_20200101021201_00820603_005_01.h5; transmitting
1692827170,187,timing,elapsed_us,124470,start_us,1692827170262641,stop_us,1692827170387111,-,DmrppArray::read_super_chunks_concurrent() -  name: gt1r_land_ice_segments_longitude
1692827170,187,timing,elapsed_us,22554,start_us,1692827170599177,stop_us,1692827170621731,-,DmrppArray::read_super_chunks_concurrent() -  name: gt1l_land_ice_segments_latitude
1692827170,187,timing,elapsed_us,2295482,start_us,1692827167877692,stop_us,1692827170173174,-,RemoteResource::get_url() - source url: https://data.nsidc.uat.earthdatacloud.nasa.gov/nsidc-cumulus-uat-protected/ATLAS/ATL06/005/2020/01/01/ATL06_20200101021201_00820603_005_01.h5.dmrpp
1692827170,187,timing,elapsed_us,23949,start_us,1692827170574925,stop_us,1692827170598874,-,DmrppArray::read_super_chunks_concurrent() -  name: gt1l_land_ice_segments_longitude
1692827170,187,timing,elapsed_us,24110,start_us,1692827170880348,stop_us,1692827170904458,-,DmrppArray::read_super_chunks_concurrent() -  name: gt1l_land_ice_segments_delta_time
1692827170,187,timing,elapsed_us,26675,start_us,1692827170936871,stop_us,1692827170963546,-,DmrppArray::read_super_chunks_concurrent() -  name: gt2l_land_ice_segments_delta_time
1692827170,187,timing,elapsed_us,27811,start_us,1692827170690615,stop_us,1692827170718426,-,DmrppArray::read_super_chunks_concurrent() -  name: gt3l_land_ice_segments_latitude
1692827170,187,timing,elapsed_us,28930,start_us,1692827170760749,stop_us,1692827170789679,-,DmrppArray::read_super_chunks_concurrent() -  name: gt2l_land_ice_segments_latitude
1692827170,187,timing,elapsed_us,28988,start_us,1692827170963962,stop_us,1692827170992950,-,DmrppArray::read_super_chunks_concurrent() -  name: gt2r_land_ice_segments_delta_time
1692827170,187,timing,elapsed_us,31767,start_us,1692827170904788,stop_us,1692827170936555,-,DmrppArray::read_super_chunks_concurrent() -  name: gt1r_land_ice_segments_delta_time
1692827170,187,timing,elapsed_us,36389,start_us,1692827170843656,stop_us,1692827170880045,-,DmrppArray::read_super_chunks_concurrent() -  name: gt3r_land_ice_segments_latitude
1692827170,187,timing,elapsed_us,41604,start_us,1692827170718749,stop_us,1692827170760353,-,DmrppArray::read_super_chunks_concurrent() -  name: gt2l_land_ice_segments_longitude
1692827170,187,timing,elapsed_us,46580,start_us,1692827170477869,stop_us,1692827170524449,-,DmrppArray::read_super_chunks_concurrent() -  name: gt2r_land_ice_segments_longitude
1692827170,187,timing,elapsed_us,49897,start_us,1692827170524722,stop_us,1692827170574619,-,DmrppArray::read_super_chunks_concurrent() -  name: gt2r_land_ice_segments_latitude
1692827170,187,timing,elapsed_us,53249,start_us,1692827170790019,stop_us,1692827170843268,-,DmrppArray::read_super_chunks_concurrent() -  name: gt3r_land_ice_segments_longitude
1692827170,187,timing,elapsed_us,67986,start_us,1692827170622061,stop_us,1692827170690047,-,DmrppArray::read_super_chunks_concurrent() -  name: gt3l_land_ice_segments_longitude
1692827170,187,timing,elapsed_us,78007,start_us,1692827170184243,stop_us,1692827170262250,-,DmrppArray::read_contiguous() -  name: orbit_info_rgt
1692827170,187,timing,elapsed_us,90142,start_us,1692827170387439,stop_us,1692827170477581,-,DmrppArray::read_super_chunks_concurrent() -  name: gt1r_land_ice_segments_latitude
1692827171,187,timing,elapsed_us,178,start_us,1692827171093008,stop_us,1692827171093186,-,BESInterface::execute_request
1692827171,187,timing,elapsed_us,218,start_us,1692827171092997,stop_us,1692827171093215,-,BESServerHandler::execute
1692827171,187,timing,elapsed_us,22776,start_us,1692827171060807,stop_us,1692827171083583,-,DmrppArray::read_contiguous() -  name: orbit_info_crossing_time
1692827171,187,timing,elapsed_us,28215,start_us,1692827170993275,stop_us,1692827171021490,-,DmrppArray::read_super_chunks_concurrent() -  name: gt3l_land_ice_segments_delta_time
1692827171,187,timing,elapsed_us,3431132,start_us,1692827167652739,stop_us,1692827171083871,-,BESInterface::execute_request
1692827171,187,timing,elapsed_us,3432472,start_us,1692827167652711,stop_us,1692827171085183,-,BESServerHandler::execute
1692827171,187,timing,elapsed_us,38883,start_us,1692827171021818,stop_us,1692827171060701,-,DmrppArray::read_super_chunks_concurrent() -  name: gt3r_land_ice_segments_delta_time
1692827171,187,timing,elapsed_us,8,start_us,1692827171093165,stop_us,1692827171093173,client: /-0:15,show status; transmitting
1692827171,187,timing,elapsed_us,901014,start_us,1692827170182809,stop_us,1692827171083823,-,BESDapResponseBuilder::serialize_dap4_data() - Timer
1692827171,187,timing,elapsed_us,901393,start_us,1692827170182458,stop_us,1692827171083851,http-nio-8080-exec-7:35[bes_client:/-0],get dap for d1 return as dap2; transmitting
1692827183,187,timing,elapsed_us,499558,start_us,1692827183492881,stop_us,1692827183992439,-,RemoteResource::get_url() - source url: https://cmr.uat.earthdata.nasa.gov/search/granules.umm_json_v1_4?collection_concept_id=C1241427013-NSIDC_CUAT&granule_ur=ATL13_20200101002212_00810601_005_01.h5
1692827183,187,timing,elapsed_us,6,start_us,1692827183993001,stop_us,1692827183993007,http-nio-8080-exec-5:33[bes_client:/-0],define d1 in default as ngapContainer with ngapContainer.dap4constraint="/gt3r_rgt[0:1:];/gt3r_segment_lat[0:1:];/gt3r_segment_lon[0:1:];/gt3r_ht_ortho[0:1:];/gt3r_ht_water_surf[0:1:];/gt3l_rgt[0:1:];/gt3l_segment_lat[0:1:];/gt3l_segment_lon[0:1:];/gt3l_ht_ortho[0:1:];/gt3l_ht_water_surf[0:1:];/gt2r_rgt[0:1:];/gt2r_segment_lat[0:1:];/gt2r_segment_lon[0:1:];/gt2r_ht_ortho[0:1:];/gt2r_ht_water_surf[0:1:];/gt2l_rgt[0:1:];/gt2l_segment_lat[0:1:];/gt2l_segment_lon[0:1:];/gt2l_ht_ortho[0:1:];/gt2l_ht_water_surf[0:1:];/gt1r_rgt[0:1:];/gt1r_segment_lat[0:1:];/gt1r_segment_lon[0:1:];/gt1r_ht_ortho[0:1:];/gt1r_ht_water_surf[0:1:];/gt1l_rgt[0:1:];/gt1l_segment_lat[0:1:];/gt1l_segment_lon[0:1:];/gt1l_ht_ortho[0:1:];/gt1l_ht_water_surf[0:1:]"; transmitting
1692827183,187,timing,elapsed_us,7,start_us,1692827183992846,stop_us,1692827183992853,http-nio-8080-exec-5:33[bes_client:/-0],set container in ngap values ngapContainer,collections/C1241427013-NSIDC_CUAT/granules/ATL13_20200101002212_00810601_005_01.h5; transmitting
1692827190,187,timing,elapsed_us,6540028,start_us,1692827183993834,stop_us,1692827190533862,-,RemoteResource::get_url() - source url: https://data.nsidc.uat.earthdatacloud.nasa.gov/nsidc-cumulus-uat-protected/ATLAS/ATL13/005/2020/01/ATL13_20200101002212_00810601_005_01.h5.dmrpp
1692827193,187,timing,elapsed_us,123730,start_us,1692827193683747,stop_us,1692827193807477,-,DmrppArray::read_super_chunks_unconstrained_concurrent() -  name: gt2r_rgt
1692827193,187,timing,elapsed_us,147270,start_us,1692827193396380,stop_us,1692827193543650,-,DmrppArray::read_super_chunks_unconstrained_concurrent() -  name: gt1r_ht_ortho
1692827193,187,timing,elapsed_us,147411,start_us,1692827193245258,stop_us,1692827193392669,-,DmrppArray::read_super_chunks_unconstrained_concurrent() -  name: gt1r_segment_lon
1692827193,187,timing,elapsed_us,185303,start_us,1692827193808573,stop_us,1692827193993876,-,DmrppArray::read_super_chunks_unconstrained_concurrent() -  name: gt2r_segment_lon
1692827193,187,timing,elapsed_us,201002,start_us,1692827193042194,stop_us,1692827193243196,-,DmrppArray::read_super_chunks_unconstrained_concurrent() -  name: gt1r_rgt
1692827193,187,timing,elapsed_us,2495346,start_us,1692827190544820,stop_us,1692827193040166,-,CurlUtils::retrieve_effective_url() -  Following Redirects Starting With: https://data.nsidc.uat.earthdatacloud.nasa.gov/nsidc-cumulus-uat-protected/ATLAS/ATL13/005/2020/01/ATL13_20200101002212_00810601_005_01.h5
1692827193,187,timing,elapsed_us,57209,start_us,1692827193545795,stop_us,1692827193603004,-,DmrppArray::read_super_chunks_unconstrained_concurrent() -  name: gt1r_segment_lat
1692827193,187,timing,elapsed_us,74665,start_us,1692827193607019,stop_us,1692827193681684,-,DmrppArray::read_super_chunks_unconstrained_concurrent() -  name: gt1r_ht_water_surf
1692827194,187,timing,elapsed_us,101648,start_us,1692827194205053,stop_us,1692827194306701,-,DmrppArray::read_super_chunks_unconstrained_concurrent() -  name: gt2r_ht_water_surf
1692827194,187,timing,elapsed_us,108591,start_us,1692827194093031,stop_us,1692827194201622,-,DmrppArray::read_super_chunks_unconstrained_concurrent() -  name: gt2r_segment_lat
1692827194,187,timing,elapsed_us,110136,start_us,1692827194498408,stop_us,1692827194608544,-,DmrppArray::read_super_chunks_unconstrained_concurrent() -  name: gt1l_ht_ortho
1692827194,187,timing,elapsed_us,122684,start_us,1692827194374884,stop_us,1692827194497568,-,DmrppArray::read_super_chunks_unconstrained_concurrent() -  name: gt1l_segment_lon
1692827194,187,timing,elapsed_us,133562,start_us,1692827194609098,stop_us,1692827194742660,-,DmrppArray::read_super_chunks_unconstrained_concurrent() -  name: gt1l_segment_lat
1692827194,187,timing,elapsed_us,23702,start_us,1692827194886620,stop_us,1692827194910322,-,DmrppArray::read_super_chunks_unconstrained_concurrent() -  name: gt3l_ht_ortho
1692827194,187,timing,elapsed_us,25240,start_us,1692827194910956,stop_us,1692827194936196,-,DmrppArray::read_super_chunks_unconstrained_concurrent() -  name: gt3l_segment_lat
1692827194,187,timing,elapsed_us,28917,start_us,1692827194856705,stop_us,1692827194885622,-,DmrppArray::read_super_chunks_unconstrained_concurrent() -  name: gt3l_segment_lon
1692827194,187,timing,elapsed_us,47867,start_us,1692827194937528,stop_us,1692827194985395,-,DmrppArray::read_super_chunks_unconstrained_concurrent() -  name: gt3l_ht_water_surf
1692827194,187,timing,elapsed_us,50683,start_us,1692827194743730,stop_us,1692827194794413,-,DmrppArray::read_super_chunks_unconstrained_concurrent() -  name: gt1l_ht_water_surf
1692827194,187,timing,elapsed_us,60954,start_us,1692827194795101,stop_us,1692827194856055,-,DmrppArray::read_super_chunks_unconstrained_concurrent() -  name: gt3l_rgt
1692827194,187,timing,elapsed_us,66249,start_us,1692827194308145,stop_us,1692827194374394,-,DmrppArray::read_super_chunks_unconstrained_concurrent() -  name: gt1l_rgt
1692827194,187,timing,elapsed_us,94325,start_us,1692827193996848,stop_us,1692827194091173,-,DmrppArray::read_super_chunks_unconstrained_concurrent() -  name: gt2r_ht_ortho
1692827195,187,timing,elapsed_us,12108333,start_us,1692827183488701,stop_us,1692827195597034,-,BESInterface::execute_request
1692827195,187,timing,elapsed_us,12110083,start_us,1692827183488685,stop_us,1692827195598768,-,BESServerHandler::execute
1692827195,187,timing,elapsed_us,130672,start_us,1692827195254856,stop_us,1692827195385528,-,DmrppArray::read_super_chunks_unconstrained_concurrent() -  name: gt3r_segment_lon
1692827195,187,timing,elapsed_us,195,start_us,1692827195708253,stop_us,1692827195708448,-,BESInterface::execute_request
1692827195,187,timing,elapsed_us,22484,start_us,1692827195201248,stop_us,1692827195223732,-,DmrppArray::read_super_chunks_unconstrained_concurrent() -  name: gt2l_ht_water_surf
1692827195,187,timing,elapsed_us,22499,start_us,1692827195177893,stop_us,1692827195200392,-,DmrppArray::read_super_chunks_unconstrained_concurrent() -  name: gt2l_segment_lat
1692827195,187,timing,elapsed_us,240,start_us,1692827195708240,stop_us,1692827195708480,-,BESServerHandler::execute
1692827195,187,timing,elapsed_us,28592,start_us,1692827195224824,stop_us,1692827195253416,-,DmrppArray::read_super_chunks_unconstrained_concurrent() -  name: gt3r_rgt
1692827195,187,timing,elapsed_us,37753,start_us,1692827195068808,stop_us,1692827195106561,-,DmrppArray::read_super_chunks_unconstrained_concurrent() -  name: gt2l_segment_lon
1692827195,187,timing,elapsed_us,50204,start_us,1692827195389047,stop_us,1692827195439251,-,DmrppArray::read_super_chunks_unconstrained_concurrent() -  name: gt3r_ht_ortho
1692827195,187,timing,elapsed_us,5053801,start_us,1692827190543207,stop_us,1692827195597008,-,BESDapResponseBuilder::serialize_dap4_data() - Timer
1692827195,187,timing,elapsed_us,5054191,start_us,1692827190542835,stop_us,1692827195597026,http-nio-8080-exec-5:33[bes_client:/-0],get dap for d1 return as dap2; transmitting
1692827195,187,timing,elapsed_us,62295,start_us,1692827195533261,stop_us,1692827195595556,-,DmrppArray::read_super_chunks_unconstrained_concurrent() -  name: gt3r_ht_water_surf
1692827195,187,timing,elapsed_us,69838,start_us,1692827195107548,stop_us,1692827195177386,-,DmrppArray::read_super_chunks_unconstrained_concurrent() -  name: gt2l_ht_ortho
1692827195,187,timing,elapsed_us,7,start_us,1692827195708425,stop_us,1692827195708432,client: /-0:17,show status; transmitting
1692827195,187,timing,elapsed_us,82341,start_us,1692827194986017,stop_us,1692827195068358,-,DmrppArray::read_super_chunks_unconstrained_concurrent() -  name: gt2l_rgt
1692827195,187,timing,elapsed_us,88186,start_us,1692827195441516,stop_us,1692827195529702,-,DmrppArray::read_super_chunks_unconstrained_concurrent() -  name: gt3r_segment_lat
1692827203,187,timing,elapsed_us,11,start_us,1692827203029209,stop_us,1692827203029220,http-nio-8080-exec-7:35[bes_client:/-0],set container in ngap values ngapContainer,collections/C1241427013-NSIDC_CUAT/granules/ATL13_20200101063921_00850601_005_01.h5; transmitting
1692827203,187,timing,elapsed_us,8,start_us,1692827203029431,stop_us,1692827203029439,http-nio-8080-exec-7:35[bes_client:/-0],define d1 in default as ngapContainer with ngapContainer.dap4constraint="/gt3r_rgt[0:1:];/gt3r_segment_lat[0:1:];/gt3r_segment_lon[0:1:];/gt3r_ht_ortho[0:1:];/gt3r_ht_water_surf[0:1:];/gt3l_rgt[0:1:];/gt3l_segment_lat[0:1:];/gt3l_segment_lon[0:1:];/gt3l_ht_ortho[0:1:];/gt3l_ht_water_surf[0:1:];/gt2r_rgt[0:1:];/gt2r_segment_lat[0:1:];/gt2r_segment_lon[0:1:];/gt2r_ht_ortho[0:1:];/gt2r_ht_water_surf[0:1:];/gt2l_rgt[0:1:];/gt2l_segment_lat[0:1:];/gt2l_segment_lon[0:1:];/gt2l_ht_ortho[0:1:];/gt2l_ht_water_surf[0:1:];/gt1r_rgt[0:1:];/gt1r_segment_lat[0:1:];/gt1r_segment_lon[0:1:];/gt1r_ht_ortho[0:1:];/gt1r_ht_water_surf[0:1:];/gt1l_rgt[0:1:];/gt1l_segment_lat[0:1:];/gt1l_segment_lon[0:1:];/gt1l_ht_ortho[0:1:];/gt1l_ht_water_surf[0:1:]"; transmitting
1692827203,187,timing,elapsed_us,910907,start_us,1692827202117277,stop_us,1692827203028184,-,RemoteResource::get_url() - source url: https://cmr.uat.earthdata.nasa.gov/search/granules.umm_json_v1_4?collection_concept_id=C1241427013-NSIDC_CUAT&granule_ur=ATL13_20200101063921_00850601_005_01.h5
1692827205,187,timing,elapsed_us,2432577,start_us,1692827203030309,stop_us,1692827205462886,-,RemoteResource::get_url() - source url: https://data.nsidc.uat.earthdatacloud.nasa.gov/nsidc-cumulus-uat-protected/ATLAS/ATL13/005/2020/01/ATL13_20200101063921_00850601_005_01.h5.dmrpp
1692827207,187,timing,elapsed_us,2495003,start_us,1692827205473845,stop_us,1692827207968848,-,CurlUtils::retrieve_effective_url() -  Following Redirects Starting With: https://data.nsidc.uat.earthdatacloud.nasa.gov/nsidc-cumulus-uat-protected/ATLAS/ATL13/005/2020/01/ATL13_20200101063921_00850601_005_01.h5
1692827208,187,timing,elapsed_us,106368,start_us,1692827208606046,stop_us,1692827208712414,-,DmrppArray::read_super_chunks_unconstrained_concurrent() -  name: gt1r_ht_ortho
1692827208,187,timing,elapsed_us,147778,start_us,1692827208714232,stop_us,1692827208862010,-,DmrppArray::read_super_chunks_unconstrained_concurrent() -  name: gt1r_segment_lat
1692827208,187,timing,elapsed_us,276279,start_us,1692827207971463,stop_us,1692827208247742,-,DmrppArray::read_super_chunks_unconstrained_concurrent() -  name: gt1r_rgt
1692827208,187,timing,elapsed_us,31065,start_us,1692827208865640,stop_us,1692827208896705,-,DmrppArray::read_super_chunks_unconstrained_concurrent() -  name: gt1r_ht_water_surf
1692827208,187,timing,elapsed_us,353699,start_us,1692827208249168,stop_us,1692827208602867,-,DmrppArray::read_super_chunks_unconstrained_concurrent() -  name: gt1r_segment_lon
1692827209,187,timing,elapsed_us,110205,start_us,1692827209599144,stop_us,1692827209709349,-,DmrppArray::read_super_chunks_unconstrained_concurrent() -  name: gt3l_segment_lon
1692827209,187,timing,elapsed_us,117482,start_us,1692827209755356,stop_us,1692827209872838,-,DmrppArray::read_super_chunks_unconstrained_concurrent() -  name: gt3l_ht_water_surf
1692827209,187,timing,elapsed_us,139386,start_us,1692827208898357,stop_us,1692827209037743,-,DmrppArray::read_super_chunks_unconstrained_concurrent() -  name: gt2r_rgt
1692827209,187,timing,elapsed_us,184657,start_us,1692827209038968,stop_us,1692827209223625,-,DmrppArray::read_super_chunks_unconstrained_concurrent() -  name: gt2r_segment_lon
1692827209,187,timing,elapsed_us,20692,start_us,1692827209710170,stop_us,1692827209730862,-,DmrppArray::read_super_chunks_unconstrained_concurrent() -  name: gt3l_ht_ortho
1692827209,187,timing,elapsed_us,20945,start_us,1692827209554986,stop_us,1692827209575931,-,DmrppArray::read_super_chunks_unconstrained_concurrent() -  name: gt1l_ht_water_surf
1692827209,187,timing,elapsed_us,21252,start_us,1692827209873370,stop_us,1692827209894622,-,DmrppArray::read_super_chunks_unconstrained_concurrent() -  name: gt2l_rgt
1692827209,187,timing,elapsed_us,21711,start_us,1692827209895026,stop_us,1692827209916737,-,DmrppArray::read_super_chunks_unconstrained_concurrent() -  name: gt2l_segment_lon
1692827209,187,timing,elapsed_us,22057,start_us,1692827209576548,stop_us,1692827209598605,-,DmrppArray::read_super_chunks_unconstrained_concurrent() -  name: gt3l_rgt
1692827209,187,timing,elapsed_us,23216,start_us,1692827209731405,stop_us,1692827209754621,-,DmrppArray::read_super_chunks_unconstrained_concurrent() -  name: gt3l_segment_lat
1692827209,187,timing,elapsed_us,26209,start_us,1692827209401340,stop_us,1692827209427549,-,DmrppArray::read_super_chunks_unconstrained_concurrent() -  name: gt1l_rgt
1692827209,187,timing,elapsed_us,27844,start_us,1692827209372321,stop_us,1692827209400165,-,DmrppArray::read_super_chunks_unconstrained_concurrent() -  name: gt2r_ht_water_surf
1692827209,187,timing,elapsed_us,31406,start_us,1692827209427938,stop_us,1692827209459344,-,DmrppArray::read_super_chunks_unconstrained_concurrent() -  name: gt1l_segment_lon
1692827209,187,timing,elapsed_us,35739,start_us,1692827209518270,stop_us,1692827209554009,-,DmrppArray::read_super_chunks_unconstrained_concurrent() -  name: gt1l_segment_lat
1692827209,187,timing,elapsed_us,42279,start_us,1692827209327057,stop_us,1692827209369336,-,DmrppArray::read_super_chunks_unconstrained_concurrent() -  name: gt2r_segment_lat
1692827209,187,timing,elapsed_us,57523,start_us,1692827209460233,stop_us,1692827209517756,-,DmrppArray::read_super_chunks_unconstrained_concurrent() -  name: gt1l_ht_ortho
1692827209,187,timing,elapsed_us,60953,start_us,1692827209917589,stop_us,1692827209978542,-,DmrppArray::read_super_chunks_unconstrained_concurrent() -  name: gt2l_ht_ortho
1692827209,187,timing,elapsed_us,99429,start_us,1692827209226201,stop_us,1692827209325630,-,DmrppArray::read_super_chunks_unconstrained_concurrent() -  name: gt2r_ht_ortho
1692827210,187,timing,elapsed_us,105644,start_us,1692827210030713,stop_us,1692827210136357,-,DmrppArray::read_super_chunks_unconstrained_concurrent() -  name: gt3r_rgt
1692827210,187,timing,elapsed_us,207,start_us,1692827210854097,stop_us,1692827210854304,-,BESInterface::execute_request
1692827210,187,timing,elapsed_us,21156,start_us,1692827210008669,stop_us,1692827210029825,-,DmrppArray::read_super_chunks_unconstrained_concurrent() -  name: gt2l_ht_water_surf
1692827210,187,timing,elapsed_us,249,start_us,1692827210854086,stop_us,1692827210854335,-,BESServerHandler::execute
1692827210,187,timing,elapsed_us,27809,start_us,1692827210638649,stop_us,1692827210666458,-,DmrppArray::read_super_chunks_unconstrained_concurrent() -  name: gt3r_segment_lat
1692827210,187,timing,elapsed_us,28224,start_us,1692827209979267,stop_us,1692827210007491,-,DmrppArray::read_super_chunks_unconstrained_concurrent() -  name: gt2l_segment_lat
1692827210,187,timing,elapsed_us,31751,start_us,1692827210669512,stop_us,1692827210701263,-,DmrppArray::read_super_chunks_unconstrained_concurrent() -  name: gt3r_ht_water_surf
1692827210,187,timing,elapsed_us,36157,start_us,1692827210600992,stop_us,1692827210637149,-,DmrppArray::read_super_chunks_unconstrained_concurrent() -  name: gt3r_ht_ortho
1692827210,187,timing,elapsed_us,460563,start_us,1692827210137522,stop_us,1692827210598085,-,DmrppArray::read_super_chunks_unconstrained_concurrent() -  name: gt3r_segment_lon
1692827210,187,timing,elapsed_us,5230717,start_us,1692827205472236,stop_us,1692827210702953,-,BESDapResponseBuilder::serialize_dap4_data() - Timer
1692827210,187,timing,elapsed_us,5231099,start_us,1692827205471869,stop_us,1692827210702968,http-nio-8080-exec-7:35[bes_client:/-0],get dap for d1 return as dap2; transmitting
1692827210,187,timing,elapsed_us,8,start_us,1692827210854282,stop_us,1692827210854290,client: /-0:19,show status; transmitting
1692827210,187,timing,elapsed_us,8590211,start_us,1692827202112764,stop_us,1692827210702975,-,BESInterface::execute_request
1692827210,187,timing,elapsed_us,8591826,start_us,1692827202112739,stop_us,1692827210704565,-,BESServerHandler::execute
1692828670,187,timing,elapsed_us,562340,start_us,1692828669849268,stop_us,1692828670411608,-,RemoteResource::get_url() - source url: https://cmr.uat.earthdata.nasa.gov/search/granules.umm_json_v1_4?collection_concept_id=C1241426887-NSIDC_CUAT&granule_ur=ATL07-01_20200101015629_00820601_005_01.h5
1692828670,187,timing,elapsed_us,8,start_us,1692828670412040,stop_us,1692828670412048,http-nio-8080-exec-6:34[bes_client:/-0],set container in ngap values ngapContainer,collections/C1241426887-NSIDC_CUAT/granules/ATL07-01_20200101015629_00820601_005_01.h5; transmitting
1692828670,187,timing,elapsed_us,9,start_us,1692828670412242,stop_us,1692828670412251,http-nio-8080-exec-6:34[bes_client:/-0],define d1 in default as ngapContainer with ngapContainer.dap4constraint="/orbit_info_rgt;/orbit_info_crossing_time;/gt3r_sea_ice_segments_latitude[0:1024:];/gt3r_sea_ice_segments_longitude[0:1024:];/gt3r_sea_ice_segments_delta_time[0:1024:];/gt3l_sea_ice_segments_latitude[0:1024:];/gt3l_sea_ice_segments_longitude[0:1024:];/gt3l_sea_ice_segments_delta_time[0:1024:];/gt2r_sea_ice_segments_latitude[0:1024:];/gt2r_sea_ice_segments_longitude[0:1024:];/gt2r_sea_ice_segments_delta_time[0:1024:];/gt2l_sea_ice_segments_latitude[0:1024:];/gt2l_sea_ice_segments_longitude[0:1024:];/gt2l_sea_ice_segments_delta_time[0:1024:];/gt1r_sea_ice_segments_latitude[0:1024:];/gt1r_sea_ice_segments_longitude[0:1024:];/gt1r_sea_ice_segments_delta_time[0:1024:];/gt1l_sea_ice_segments_latitude[0:1024:];/gt1l_sea_ice_segments_longitude[0:1024:];/gt1l_sea_ice_segments_delta_time[0:1024:]"; transmitting
1692828672,187,timing,elapsed_us,2390186,start_us,1692828670413156,stop_us,1692828672803342,-,RemoteResource::get_url() - source url: https://data.nsidc.uat.earthdatacloud.nasa.gov/nsidc-cumulus-uat-protected/ATLAS/ATL07/005/2020/01/01/ATL07-01_20200101015629_00820601_005_01.h5.dmrpp
1692828675,187,timing,elapsed_us,139112,start_us,1692828675798809,stop_us,1692828675937921,-,DmrppArray::read_super_chunks_concurrent() -  name: gt2r_sea_ice_segments_longitude
1692828675,187,timing,elapsed_us,2324810,start_us,1692828672821384,stop_us,1692828675146194,-,CurlUtils::retrieve_effective_url() -  Following Redirects Starting With: https://data.nsidc.uat.earthdatacloud.nasa.gov/nsidc-cumulus-uat-protected/ATLAS/ATL07/005/2020/01/01/ATL07-01_20200101015629_00820601_005_01.h5
1692828675,187,timing,elapsed_us,2392244,start_us,1692828672821338,stop_us,1692828675213582,-,DmrppArray::read_contiguous() -  name: orbit_info_rgt
1692828675,187,timing,elapsed_us,510449,start_us,1692828675215132,stop_us,1692828675725581,-,DmrppArray::read_super_chunks_concurrent() -  name: gt1r_sea_ice_segments_longitude
1692828675,187,timing,elapsed_us,70870,start_us,1692828675726875,stop_us,1692828675797745,-,DmrppArray::read_super_chunks_concurrent() -  name: gt1r_sea_ice_segments_latitude
1692828676,187,timing,elapsed_us,119143,start_us,1692828676429767,stop_us,1692828676548910,-,DmrppArray::read_super_chunks_concurrent() -  name: gt3l_sea_ice_segments_longitude
1692828676,187,timing,elapsed_us,373883,start_us,1692828676016009,stop_us,1692828676389892,-,DmrppArray::read_super_chunks_concurrent() -  name: gt1l_sea_ice_segments_longitude
1692828676,187,timing,elapsed_us,37575,start_us,1692828676390998,stop_us,1692828676428573,-,DmrppArray::read_super_chunks_concurrent() -  name: gt1l_sea_ice_segments_latitude
1692828676,187,timing,elapsed_us,377461,start_us,1692828676598103,stop_us,1692828676975564,-,DmrppArray::read_super_chunks_concurrent() -  name: gt2l_sea_ice_segments_longitude
1692828676,187,timing,elapsed_us,47203,start_us,1692828676550015,stop_us,1692828676597218,-,DmrppArray::read_super_chunks_concurrent() -  name: gt3l_sea_ice_segments_latitude
1692828676,187,timing,elapsed_us,75992,start_us,1692828675938916,stop_us,1692828676014908,-,DmrppArray::read_super_chunks_concurrent() -  name: gt2r_sea_ice_segments_latitude
1692828677,187,timing,elapsed_us,101001,start_us,1692828677408230,stop_us,1692828677509231,-,DmrppArray::read_super_chunks_concurrent() -  name: gt1r_sea_ice_segments_delta_time
1692828677,187,timing,elapsed_us,105378,start_us,1692828677046982,stop_us,1692828677152360,-,DmrppArray::read_super_chunks_concurrent() -  name: gt3r_sea_ice_segments_longitude
1692828677,187,timing,elapsed_us,116923,start_us,1692828677636345,stop_us,1692828677753268,-,DmrppArray::read_super_chunks_concurrent() -  name: gt3r_sea_ice_segments_delta_time
1692828677,187,timing,elapsed_us,158872,start_us,1692828677248327,stop_us,1692828677407199,-,DmrppArray::read_super_chunks_concurrent() -  name: gt1l_sea_ice_segments_delta_time
1692828677,187,timing,elapsed_us,34635,start_us,1692828677510205,stop_us,1692828677544840,-,DmrppArray::read_super_chunks_concurrent() -  name: gt2l_sea_ice_segments_delta_time
1692828677,187,timing,elapsed_us,35812,start_us,1692828677753403,stop_us,1692828677789215,-,DmrppArray::read_contiguous() -  name: orbit_info_crossing_time
1692828677,187,timing,elapsed_us,40000,start_us,1692828677595232,stop_us,1692828677635232,-,DmrppArray::read_super_chunks_concurrent() -  name: gt3l_sea_ice_segments_delta_time
1692828677,187,timing,elapsed_us,481,start_us,1692828677790623,stop_us,1692828677791104,-,BESInterface::execute_request
1692828677,187,timing,elapsed_us,48353,start_us,1692828677545755,stop_us,1692828677594108,-,DmrppArray::read_super_chunks_concurrent() -  name: gt2r_sea_ice_segments_delta_time
1692828677,187,timing,elapsed_us,4969432,start_us,1692828672820059,stop_us,1692828677789491,-,BESDapResponseBuilder::serialize_dap4_data() - Timer
1692828677,187,timing,elapsed_us,4969838,start_us,1692828672819681,stop_us,1692828677789519,http-nio-8080-exec-6:34[bes_client:/-0],get dap for d1 return as dap2; transmitting
1692828677,187,timing,elapsed_us,523,start_us,1692828677790619,stop_us,1692828677791142,-,BESServerHandler::execute
1692828677,187,timing,elapsed_us,6,start_us,1692828677791091,stop_us,1692828677791097,client: /-0:21,show status; transmitting
1692828677,187,timing,elapsed_us,69166,start_us,1692828676976570,stop_us,1692828677045736,-,DmrppArray::read_super_chunks_concurrent() -  name: gt2l_sea_ice_segments_latitude
1692828677,187,timing,elapsed_us,7944755,start_us,1692828669844780,stop_us,1692828677789535,-,BESInterface::execute_request
1692828677,187,timing,elapsed_us,7945853,start_us,1692828669844747,stop_us,1692828677790600,-,BESServerHandler::execute
1692828677,187,timing,elapsed_us,93772,start_us,1692828677153434,stop_us,1692828677247206,-,DmrppArray::read_super_chunks_concurrent() -  name: gt3r_sea_ice_segments_latitude
1692828735,187,timing,elapsed_us,685292,start_us,1692828734888842,stop_us,1692828735574134,-,RemoteResource::get_url() - source url: https://cmr.uat.earthdata.nasa.gov/search/granules.umm_json_v1_4?collection_concept_id=C1241426887-NSIDC_CUAT&granule_ur=ATL07-01_20200101015629_00820601_005_01.h5
1692828735,187,timing,elapsed_us,7,start_us,1692828735574559,stop_us,1692828735574566,http-nio-8080-exec-6:34[bes_client:/-0],set container in ngap values ngapContainer,collections/C1241426887-NSIDC_CUAT/granules/ATL07-01_20200101015629_00820601_005_01.h5; transmitting
1692828735,187,timing,elapsed_us,7,start_us,1692828735574898,stop_us,1692828735574905,http-nio-8080-exec-6:34[bes_client:/-0],define d1 in default as ngapContainer with ngapContainer.dap4constraint="/orbit_info_rgt;/orbit_info_crossing_time;/gt3r_sea_ice_segments_latitude[0:1024:];/gt3r_sea_ice_segments_longitude[0:1024:];/gt3r_sea_ice_segments_delta_time[0:1024:];/gt3l_sea_ice_segments_latitude[0:1024:];/gt3l_sea_ice_segments_longitude[0:1024:];/gt3l_sea_ice_segments_delta_time[0:1024:];/gt2r_sea_ice_segments_latitude[0:1024:];/gt2r_sea_ice_segments_longitude[0:1024:];/gt2r_sea_ice_segments_delta_time[0:1024:];/gt2l_sea_ice_segments_latitude[0:1024:];/gt2l_sea_ice_segments_longitude[0:1024:];/gt2l_sea_ice_segments_delta_time[0:1024:];/gt1r_sea_ice_segments_latitude[0:1024:];/gt1r_sea_ice_segments_longitude[0:1024:];/gt1r_sea_ice_segments_delta_time[0:1024:];/gt1l_sea_ice_segments_latitude[0:1024:];/gt1l_sea_ice_segments_longitude[0:1024:];/gt1l_sea_ice_segments_delta_time[0:1024:]"; transmitting
1692828737,187,timing,elapsed_us,2319790,start_us,1692828735575805,stop_us,1692828737895595,-,RemoteResource::get_url() - source url: https://data.nsidc.uat.earthdatacloud.nasa.gov/nsidc-cumulus-uat-protected/ATLAS/ATL07/005/2020/01/01/ATL07-01_20200101015629_00820601_005_01.h5.dmrpp
1692828737,187,timing,elapsed_us,67134,start_us,1692828737914758,stop_us,1692828737981892,-,DmrppArray::read_contiguous() -  name: orbit_info_rgt
1692828738,187,timing,elapsed_us,158756,start_us,1692828738603554,stop_us,1692828738762310,-,DmrppArray::read_super_chunks_concurrent() -  name: gt3r_sea_ice_segments_longitude
1692828738,187,timing,elapsed_us,195018,start_us,1692828738763510,stop_us,1692828738958528,-,DmrppArray::read_super_chunks_concurrent() -  name: gt3r_sea_ice_segments_latitude
1692828738,187,timing,elapsed_us,41803,start_us,1692828738959666,stop_us,1692828739001469,-,DmrppArray::read_super_chunks_concurrent() -  name: gt1l_sea_ice_segments_delta_time
1692828738,187,timing,elapsed_us,42866,start_us,1692828738462365,stop_us,1692828738505231,-,DmrppArray::read_super_chunks_concurrent() -  name: gt2l_sea_ice_segments_longitude
1692828738,187,timing,elapsed_us,43017,start_us,1692828738418422,stop_us,1692828738461439,-,DmrppArray::read_super_chunks_concurrent() -  name: gt3l_sea_ice_segments_latitude
1692828738,187,timing,elapsed_us,43635,start_us,1692828738249867,stop_us,1692828738293502,-,DmrppArray::read_super_chunks_concurrent() -  name: gt1l_sea_ice_segments_longitude
1692828738,187,timing,elapsed_us,44153,start_us,1692828738151581,stop_us,1692828738195734,-,DmrppArray::read_super_chunks_concurrent() -  name: gt2r_sea_ice_segments_longitude
1692828738,187,timing,elapsed_us,48054,start_us,1692828738369283,stop_us,1692828738417337,-,DmrppArray::read_super_chunks_concurrent() -  name: gt3l_sea_ice_segments_longitude
1692828738,187,timing,elapsed_us,52212,start_us,1692828738196671,stop_us,1692828738248883,-,DmrppArray::read_super_chunks_concurrent() -  name: gt2r_sea_ice_segments_latitude
1692828738,187,timing,elapsed_us,67558,start_us,1692828738083114,stop_us,1692828738150672,-,DmrppArray::read_super_chunks_concurrent() -  name: gt1r_sea_ice_segments_latitude
1692828738,187,timing,elapsed_us,73488,start_us,1692828738294567,stop_us,1692828738368055,-,DmrppArray::read_super_chunks_concurrent() -  name: gt1l_sea_ice_segments_latitude
1692828738,187,timing,elapsed_us,95648,start_us,1692828738506190,stop_us,1692828738601838,-,DmrppArray::read_super_chunks_concurrent() -  name: gt2l_sea_ice_segments_latitude
1692828738,187,timing,elapsed_us,99036,start_us,1692828737983003,stop_us,1692828738082039,-,DmrppArray::read_super_chunks_concurrent() -  name: gt1r_sea_ice_segments_longitude
1692828739,187,timing,elapsed_us,140,start_us,1692828739331095,stop_us,1692828739331235,-,BESInterface::execute_request
1692828739,187,timing,elapsed_us,1416000,start_us,1692828737913470,stop_us,1692828739329470,-,BESDapResponseBuilder::serialize_dap4_data() - Timer
1692828739,187,timing,elapsed_us,1416398,start_us,1692828737913100,stop_us,1692828739329498,http-nio-8080-exec-6:34[bes_client:/-0],get dap for d1 return as dap2; transmitting
1692828739,187,timing,elapsed_us,15240,start_us,1692828739313980,stop_us,1692828739329220,-,DmrppArray::read_contiguous() -  name: orbit_info_crossing_time
1692828739,187,timing,elapsed_us,166,start_us,1692828739331092,stop_us,1692828739331258,-,BESServerHandler::execute
1692828739,187,timing,elapsed_us,34567,start_us,1692828739132198,stop_us,1692828739166765,-,DmrppArray::read_super_chunks_concurrent() -  name: gt2r_sea_ice_segments_delta_time
1692828739,187,timing,elapsed_us,4444807,start_us,1692828734884706,stop_us,1692828739329513,-,BESInterface::execute_request
1692828739,187,timing,elapsed_us,4446394,start_us,1692828734884679,stop_us,1692828739331073,-,BESServerHandler::execute
1692828739,187,timing,elapsed_us,55090,start_us,1692828739076018,stop_us,1692828739131108,-,DmrppArray::read_super_chunks_concurrent() -  name: gt2l_sea_ice_segments_delta_time
1692828739,187,timing,elapsed_us,59346,start_us,1692828739254505,stop_us,1692828739313851,-,DmrppArray::read_super_chunks_concurrent() -  name: gt3r_sea_ice_segments_delta_time
1692828739,187,timing,elapsed_us,7,start_us,1692828739331221,stop_us,1692828739331228,client: /-0:23,show status; transmitting
1692828739,187,timing,elapsed_us,72483,start_us,1692828739002473,stop_us,1692828739074956,-,DmrppArray::read_super_chunks_concurrent() -  name: gt1r_sea_ice_segments_delta_time
1692828739,187,timing,elapsed_us,85680,start_us,1692828739167816,stop_us,1692828739253496,-,DmrppArray::read_super_chunks_concurrent() -  name: gt3l_sea_ice_segments_delta_time
1692829334,187,timing,elapsed_us,480037,start_us,1692829333893419,stop_us,1692829334373456,-,RemoteResource::get_url() - source url: https://cmr.uat.earthdata.nasa.gov/search/granules.umm_json_v1_4?collection_concept_id=C1241426887-NSIDC_CUAT&granule_ur=ATL07-01_20200101015629_00820601_005_01.h5
1692829334,187,timing,elapsed_us,6,start_us,1692829334373898,stop_us,1692829334373904,http-nio-8080-exec-2:30[bes_client:/-0],set container in ngap values ngapContainer,collections/C1241426887-NSIDC_CUAT/granules/ATL07-01_20200101015629_00820601_005_01.h5; transmitting
1692829334,187,timing,elapsed_us,8,start_us,1692829334374175,stop_us,1692829334374183,http-nio-8080-exec-2:30[bes_client:/-0],define d1 in default as ngapContainer with ngapContainer.dap4constraint="/orbit_info_rgt;/orbit_info_crossing_time;/gt3r_sea_ice_segments_latitude[0:1024:];/gt3r_sea_ice_segments_longitude[0:1024:];/gt3r_sea_ice_segments_delta_time[0:1024:];/gt3l_sea_ice_segments_latitude[0:1024:];/gt3l_sea_ice_segments_longitude[0:1024:];/gt3l_sea_ice_segments_delta_time[0:1024:];/gt2r_sea_ice_segments_latitude[0:1024:];/gt2r_sea_ice_segments_longitude[0:1024:];/gt2r_sea_ice_segments_delta_time[0:1024:];/gt2l_sea_ice_segments_latitude[0:1024:];/gt2l_sea_ice_segments_longitude[0:1024:];/gt2l_sea_ice_segments_delta_time[0:1024:];/gt1r_sea_ice_segments_latitude[0:1024:];/gt1r_sea_ice_segments_longitude[0:1024:];/gt1r_sea_ice_segments_delta_time[0:1024:];/gt1l_sea_ice_segments_latitude[0:1024:];/gt1l_sea_ice_segments_longitude[0:1024:];/gt1l_sea_ice_segments_delta_time[0:1024:]"; transmitting
1692829337,187,timing,elapsed_us,3091685,start_us,1692829334375063,stop_us,1692829337466748,-,RemoteResource::get_url() - source url: https://data.nsidc.uat.earthdatacloud.nasa.gov/nsidc-cumulus-uat-protected/ATLAS/ATL07/005/2020/01/01/ATL07-01_20200101015629_00820601_005_01.h5.dmrpp
1692829337,187,timing,elapsed_us,323730,start_us,1692829337485724,stop_us,1692829337809454,-,DmrppArray::read_contiguous() -  name: orbit_info_rgt
1692829338,187,timing,elapsed_us,125440,start_us,1692829338481616,stop_us,1692829338607056,-,DmrppArray::read_super_chunks_concurrent() -  name: gt1r_sea_ice_segments_latitude
1692829338,187,timing,elapsed_us,669758,start_us,1692829337810691,stop_us,1692829338480449,-,DmrppArray::read_super_chunks_concurrent() -  name: gt1r_sea_ice_segments_longitude
1692829340,187,timing,elapsed_us,1632512,start_us,1692829338607991,stop_us,1692829340240503,-,DmrppArray::read_super_chunks_concurrent() -  name: gt2r_sea_ice_segments_longitude
1692829340,187,timing,elapsed_us,166121,start_us,1692829340241473,stop_us,1692829340407594,-,DmrppArray::read_super_chunks_concurrent() -  name: gt2r_sea_ice_segments_latitude
1692829340,187,timing,elapsed_us,557477,start_us,1692829340408640,stop_us,1692829340966117,-,DmrppArray::read_super_chunks_concurrent() -  name: gt1l_sea_ice_segments_longitude
1692829341,187,timing,elapsed_us,190825,start_us,1692829340967265,stop_us,1692829341158090,-,DmrppArray::read_super_chunks_concurrent() -  name: gt1l_sea_ice_segments_latitude
1692829341,187,timing,elapsed_us,338321,start_us,1692829341632756,stop_us,1692829341971077,-,DmrppArray::read_super_chunks_concurrent() -  name: gt3l_sea_ice_segments_latitude
1692829341,187,timing,elapsed_us,472268,start_us,1692829341159114,stop_us,1692829341631382,-,DmrppArray::read_super_chunks_concurrent() -  name: gt3l_sea_ice_segments_longitude
1692829342,187,timing,elapsed_us,186957,start_us,1692829342628353,stop_us,1692829342815310,-,DmrppArray::read_super_chunks_concurrent() -  name: gt3r_sea_ice_segments_longitude
1692829342,187,timing,elapsed_us,565965,start_us,1692829341971914,stop_us,1692829342537879,-,DmrppArray::read_super_chunks_concurrent() -  name: gt2l_sea_ice_segments_longitude
1692829342,187,timing,elapsed_us,88123,start_us,1692829342539011,stop_us,1692829342627134,-,DmrppArray::read_super_chunks_concurrent() -  name: gt2l_sea_ice_segments_latitude
1692829343,187,timing,elapsed_us,10028505,start_us,1692829333888761,stop_us,1692829343917266,-,BESInterface::execute_request
1692829343,187,timing,elapsed_us,10029869,start_us,1692829333888728,stop_us,1692829343918597,-,BESServerHandler::execute
1692829343,187,timing,elapsed_us,118559,start_us,1692829343289657,stop_us,1692829343408216,-,DmrppArray::read_super_chunks_concurrent() -  name: gt1l_sea_ice_segments_delta_time
1692829343,187,timing,elapsed_us,127995,start_us,1692829343409403,stop_us,1692829343537398,-,DmrppArray::read_super_chunks_concurrent() -  name: gt1r_sea_ice_segments_delta_time
1692829343,187,timing,elapsed_us,137500,start_us,1692829343755796,stop_us,1692829343893296,-,DmrppArray::read_super_chunks_concurrent() -  name: gt3r_sea_ice_segments_delta_time
1692829343,187,timing,elapsed_us,142,start_us,1692829343918619,stop_us,1692829343918761,-,BESInterface::execute_request
1692829343,187,timing,elapsed_us,169,start_us,1692829343918615,stop_us,1692829343918784,-,BESServerHandler::execute
1692829343,187,timing,elapsed_us,23620,start_us,1692829343893422,stop_us,1692829343917042,-,DmrppArray::read_contiguous() -  name: orbit_info_crossing_time
1692829343,187,timing,elapsed_us,471979,start_us,1692829342816532,stop_us,1692829343288511,-,DmrppArray::read_super_chunks_concurrent() -  name: gt3r_sea_ice_segments_latitude
1692829343,187,timing,elapsed_us,55284,start_us,1692829343538349,stop_us,1692829343593633,-,DmrppArray::read_super_chunks_concurrent() -  name: gt2l_sea_ice_segments_delta_time
1692829343,187,timing,elapsed_us,6,start_us,1692829343918747,stop_us,1692829343918753,client: /-0:25,show status; transmitting
1692829343,187,timing,elapsed_us,6432814,start_us,1692829337484423,stop_us,1692829343917237,-,BESDapResponseBuilder::serialize_dap4_data() - Timer
1692829343,187,timing,elapsed_us,6433188,start_us,1692829337484064,stop_us,1692829343917252,http-nio-8080-exec-2:30[bes_client:/-0],get dap for d1 return as dap2; transmitting
1692829343,187,timing,elapsed_us,66742,start_us,1692829343594591,stop_us,1692829343661333,-,DmrppArray::read_super_chunks_concurrent() -  name: gt2r_sea_ice_segments_delta_time
1692829343,187,timing,elapsed_us,92383,start_us,1692829343662325,stop_us,1692829343754708,-,DmrppArray::read_super_chunks_concurrent() -  name: gt3l_sea_ice_segments_delta_time
1692829375,187,timing,elapsed_us,223402,start_us,1692829375009177,stop_us,1692829375232579,-,RemoteResource::get_url() - source url: https://cmr.uat.earthdata.nasa.gov/search/granules.umm_json_v1_4?collection_concept_id=C1241426887-NSIDC_CUAT&granule_ur=ATL07-01_20200101015629_00820601_005_01.h5
1692829375,187,timing,elapsed_us,7,start_us,1692829375233044,stop_us,1692829375233051,http-nio-8080-exec-7:35[bes_client:/-0],set container in ngap values ngapContainer,collections/C1241426887-NSIDC_CUAT/granules/ATL07-01_20200101015629_00820601_005_01.h5; transmitting
1692829375,187,timing,elapsed_us,9,start_us,1692829375233384,stop_us,1692829375233393,http-nio-8080-exec-7:35[bes_client:/-0],define d1 in default as ngapContainer with ngapContainer.dap4constraint="/orbit_info_rgt;/orbit_info_crossing_time;/gt3r_sea_ice_segments_latitude[0:1024:];/gt3r_sea_ice_segments_longitude[0:1024:];/gt3r_sea_ice_segments_delta_time[0:1024:];/gt3l_sea_ice_segments_latitude[0:1024:];/gt3l_sea_ice_segments_longitude[0:1024:];/gt3l_sea_ice_segments_delta_time[0:1024:];/gt2r_sea_ice_segments_latitude[0:1024:];/gt2r_sea_ice_segments_longitude[0:1024:];/gt2r_sea_ice_segments_delta_time[0:1024:];/gt2l_sea_ice_segments_latitude[0:1024:];/gt2l_sea_ice_segments_longitude[0:1024:];/gt2l_sea_ice_segments_delta_time[0:1024:];/gt1r_sea_ice_segments_latitude[0:1024:];/gt1r_sea_ice_segments_longitude[0:1024:];/gt1r_sea_ice_segments_delta_time[0:1024:];/gt1l_sea_ice_segments_latitude[0:1024:];/gt1l_sea_ice_segments_longitude[0:1024:];/gt1l_sea_ice_segments_delta_time[0:1024:]"; transmitting
1692829377,187,timing,elapsed_us,190924,start_us,1692829377796404,stop_us,1692829377987328,-,DmrppArray::read_super_chunks_concurrent() -  name: gt2r_sea_ice_segments_longitude
1692829377,187,timing,elapsed_us,2317075,start_us,1692829375234277,stop_us,1692829377551352,-,RemoteResource::get_url() - source url: https://data.nsidc.uat.earthdatacloud.nasa.gov/nsidc-cumulus-uat-protected/ATLAS/ATL07/005/2020/01/01/ATL07-01_20200101015629_00820601_005_01.h5.dmrpp
1692829377,187,timing,elapsed_us,58447,start_us,1692829377736858,stop_us,1692829377795305,-,DmrppArray::read_super_chunks_concurrent() -  name: gt1r_sea_ice_segments_latitude
1692829377,187,timing,elapsed_us,81405,start_us,1692829377567403,stop_us,1692829377648808,-,DmrppArray::read_contiguous() -  name: orbit_info_rgt
1692829377,187,timing,elapsed_us,85736,start_us,1692829377649900,stop_us,1692829377735636,-,DmrppArray::read_super_chunks_concurrent() -  name: gt1r_sea_ice_segments_longitude
1692829378,187,timing,elapsed_us,118290,start_us,1692829377988247,stop_us,1692829378106537,-,DmrppArray::read_super_chunks_concurrent() -  name: gt2r_sea_ice_segments_latitude
1692829378,187,timing,elapsed_us,127656,start_us,1692829378666738,stop_us,1692829378794394,-,DmrppArray::read_super_chunks_concurrent() -  name: gt3r_sea_ice_segments_latitude
1692829378,187,timing,elapsed_us,152739,start_us,1692829378512757,stop_us,1692829378665496,-,DmrppArray::read_super_chunks_concurrent() -  name: gt3r_sea_ice_segments_longitude
1692829378,187,timing,elapsed_us,43835,start_us,1692829378161769,stop_us,1692829378205604,-,DmrppArray::read_super_chunks_concurrent() -  name: gt1l_sea_ice_segments_latitude
1692829378,187,timing,elapsed_us,53158,start_us,1692829378107506,stop_us,1692829378160664,-,DmrppArray::read_super_chunks_concurrent() -  name: gt1l_sea_ice_segments_longitude
1692829378,187,timing,elapsed_us,53851,start_us,1692829378457668,stop_us,1692829378511519,-,DmrppArray::read_super_chunks_concurrent() -  name: gt2l_sea_ice_segments_latitude
1692829378,187,timing,elapsed_us,71149,start_us,1692829378206726,stop_us,1692829378277875,-,DmrppArray::read_super_chunks_concurrent() -  name: gt3l_sea_ice_segments_longitude
1692829378,187,timing,elapsed_us,74851,start_us,1692829378795594,stop_us,1692829378870445,-,DmrppArray::read_super_chunks_concurrent() -  name: gt1l_sea_ice_segments_delta_time
1692829378,187,timing,elapsed_us,77530,start_us,1692829378379195,stop_us,1692829378456725,-,DmrppArray::read_super_chunks_concurrent() -  name: gt2l_sea_ice_segments_longitude
1692829378,187,timing,elapsed_us,82812,start_us,1692829378871648,stop_us,1692829378954460,-,DmrppArray::read_super_chunks_concurrent() -  name: gt1r_sea_ice_segments_delta_time
1692829378,187,timing,elapsed_us,99250,start_us,1692829378278934,stop_us,1692829378378184,-,DmrppArray::read_super_chunks_concurrent() -  name: gt3l_sea_ice_segments_latitude
1692829379,187,timing,elapsed_us,112942,start_us,1692829378955323,stop_us,1692829379068265,-,DmrppArray::read_super_chunks_concurrent() -  name: gt2l_sea_ice_segments_delta_time
1692829379,187,timing,elapsed_us,136360,start_us,1692829379252825,stop_us,1692829379389185,-,DmrppArray::read_super_chunks_concurrent() -  name: gt3r_sea_ice_segments_delta_time
1692829379,187,timing,elapsed_us,138568,start_us,1692829379113056,stop_us,1692829379251624,-,DmrppArray::read_super_chunks_concurrent() -  name: gt3l_sea_ice_segments_delta_time
1692829379,187,timing,elapsed_us,149,start_us,1692829379418990,stop_us,1692829379419139,-,BESInterface::execute_request
1692829379,187,timing,elapsed_us,182,start_us,1692829379418986,stop_us,1692829379419168,-,BESServerHandler::execute
1692829379,187,timing,elapsed_us,1851181,start_us,1692829377566112,stop_us,1692829379417293,-,BESDapResponseBuilder::serialize_dap4_data() - Timer
1692829379,187,timing,elapsed_us,1851569,start_us,1692829377565750,stop_us,1692829379417319,http-nio-8080-exec-7:35[bes_client:/-0],get dap for d1 return as dap2; transmitting
1692829379,187,timing,elapsed_us,27707,start_us,1692829379389321,stop_us,1692829379417028,-,DmrppArray::read_contiguous() -  name: orbit_info_crossing_time
1692829379,187,timing,elapsed_us,42507,start_us,1692829379069409,stop_us,1692829379111916,-,DmrppArray::read_super_chunks_concurrent() -  name: gt2r_sea_ice_segments_delta_time
1692829379,187,timing,elapsed_us,4412579,start_us,1692829375004756,stop_us,1692829379417335,-,BESInterface::execute_request
1692829379,187,timing,elapsed_us,4414248,start_us,1692829375004720,stop_us,1692829379418968,-,BESServerHandler::execute
1692829379,187,timing,elapsed_us,6,start_us,1692829379419126,stop_us,1692829379419132,client: /-0:27,show status; transmitting
1692832886,187,timing,elapsed_us,6,start_us,1692832886723783,stop_us,1692832886723789,http-nio-8080-exec-10:38[bes_client:/-0],define d1 in default as ngapContainer; transmitting
1692832886,187,timing,elapsed_us,626508,start_us,1692832886096553,stop_us,1692832886723061,-,RemoteResource::get_url() - source url: https://cmr.uat.earthdata.nasa.gov/search/granules.umm_json_v1_4?collection_concept_id=C1238618610-POCUMULUS&granule_ur=saildrone-gen_5-arctic_misst_2019_adcp-sd1036-20190514T230000-20191011T183000-5_minutes-v1.1580261088235
1692832886,187,timing,elapsed_us,8,start_us,1692832886723430,stop_us,1692832886723438,http-nio-8080-exec-10:38[bes_client:/-0],set container in ngap values ngapContainer,collections/C1238618610-POCUMULUS/granules/saildrone-gen_5-arctic_misst_2019_adcp-sd1036-20190514T230000-20191011T183000-5_minutes-v1.1580261088235; transmitting
1692832889,187,timing,elapsed_us,121,start_us,1692832889519586,stop_us,1692832889519707,-,BESInterface::execute_request
1692832889,187,timing,elapsed_us,148,start_us,1692832889519581,stop_us,1692832889519729,-,BESServerHandler::execute
1692832889,187,timing,elapsed_us,2790558,start_us,1692832886725416,stop_us,1692832889515974,-,RemoteResource::get_url() - source url: https://archive.podaac.sit.earthdata.nasa.gov/podaac-sit-cumulus-protected/SAILDRONE_ARCTIC/saildrone-gen_5-arctic_misst_2019_adcp-sd1036-20190514T230000-20191011T183000-5_minutes-v1.1580261088235.nc.dmrpp
1692832889,187,timing,elapsed_us,3434656,start_us,1692832886084777,stop_us,1692832889519433,-,BESInterface::execute_request
1692832889,187,timing,elapsed_us,3434750,start_us,1692832886084742,stop_us,1692832889519492,-,BESServerHandler::execute
1692832889,187,timing,elapsed_us,6,start_us,1692832889519693,stop_us,1692832889519699,client: /-0:29,show status; transmitting
1692832889,187,timing,elapsed_us,624,start_us,1692832889518795,stop_us,1692832889519419,http-nio-8080-exec-10:38[bes_client:/-0],get dmr for d1 return as dap2; transmitting
1692834650,187,timing,elapsed_us,1059455,start_us,1692834649850161,stop_us,1692834650909616,-,RemoteResource::get_url() - source url: https://cmr.uat.earthdata.nasa.gov/search/granules.umm_json_v1_4?collection_concept_id=C1259239381-POCUMULUS&granule_ur=20230821130000-STAR-L3C_GHRSST-SSTsubskin-AHI_H09-ACSPO_V2.90-v02.0-fv01.0
1692834650,187,timing,elapsed_us,5,start_us,1692834650910055,stop_us,1692834650910060,http-nio-8080-exec-9:37[bes_client:/-0],define d1 in default as ngapContainer; transmitting
1692834650,187,timing,elapsed_us,7,start_us,1692834650909979,stop_us,1692834650909986,http-nio-8080-exec-9:37[bes_client:/-0],set container in ngap values ngapContainer,collections/C1259239381-POCUMULUS/granules/20230821130000-STAR-L3C_GHRSST-SSTsubskin-AHI_H09-ACSPO_V2.90-v02.0-fv01.0; transmitting
1692834653,187,timing,elapsed_us,113,start_us,1692834653653031,stop_us,1692834653653144,-,BESServerHandler::execute
1692834653,187,timing,elapsed_us,2739855,start_us,1692834650911376,stop_us,1692834653651231,-,RemoteResource::get_url() - source url: https://archive.podaac.sit.earthdata.nasa.gov/podaac-sit-cumulus-protected/H09-AHI-L3C-ACSPO-v2.90/20230821130000-STAR-L3C_GHRSST-SSTsubskin-AHI_H09-ACSPO_V2.90-v02.0-fv01.0.nc.dmrpp
1692834653,187,timing,elapsed_us,3812116,start_us,1692834649840761,stop_us,1692834653652877,-,BESInterface::execute_request
1692834653,187,timing,elapsed_us,3812207,start_us,1692834649840725,stop_us,1692834653652932,-,BESServerHandler::execute
1692834653,187,timing,elapsed_us,412,start_us,1692834653652450,stop_us,1692834653652862,http-nio-8080-exec-9:37[bes_client:/-0],get dmr for d1 return as dap2; transmitting
1692834653,187,timing,elapsed_us,7,start_us,1692834653653107,stop_us,1692834653653114,client: /-0:31,show status; transmitting
1692834653,187,timing,elapsed_us,85,start_us,1692834653653036,stop_us,1692834653653121,-,BESInterface::execute_request
1692835407,187,timing,elapsed_us,6,start_us,1692835407777846,stop_us,1692835407777852,http-nio-8080-exec-9:37[bes_client:/-0],define d1 in default as ngapContainer; transmitting
1692835407,187,timing,elapsed_us,8,start_us,1692835407777773,stop_us,1692835407777781,http-nio-8080-exec-9:37[bes_client:/-0],set container in ngap values ngapContainer,collections/C1259239381-POCUMULUS/granules/20230821130000-STAR-L3C_GHRSST-SSTsubskin-AHI_H09-ACSPO_V2.90-v02.0-fv01.0; transmitting
1692835407,187,timing,elapsed_us,979328,start_us,1692835406798088,stop_us,1692835407777416,-,RemoteResource::get_url() - source url: https://cmr.uat.earthdata.nasa.gov/search/granules.umm_json_v1_4?collection_concept_id=C1259239381-POCUMULUS&granule_ur=20230821130000-STAR-L3C_GHRSST-SSTsubskin-AHI_H09-ACSPO_V2.90-v02.0-fv01.0
1692835410,187,timing,elapsed_us,125,start_us,1692835410642837,stop_us,1692835410642962,-,BESServerHandler::execute
1692835410,187,timing,elapsed_us,2861937,start_us,1692835407779159,stop_us,1692835410641096,-,RemoteResource::get_url() - source url: https://archive.podaac.sit.earthdata.nasa.gov/podaac-sit-cumulus-protected/H09-AHI-L3C-ACSPO-v2.90/20230821130000-STAR-L3C_GHRSST-SSTsubskin-AHI_H09-ACSPO_V2.90-v02.0-fv01.0.nc.dmrpp
1692835410,187,timing,elapsed_us,3853903,start_us,1692835406788778,stop_us,1692835410642681,-,BESInterface::execute_request
1692835410,187,timing,elapsed_us,3853983,start_us,1692835406788742,stop_us,1692835410642725,-,BESServerHandler::execute
1692835410,187,timing,elapsed_us,393,start_us,1692835410642275,stop_us,1692835410642668,http-nio-8080-exec-9:37[bes_client:/-0],get dmr for d1 return as dap2; transmitting
1692835410,187,timing,elapsed_us,5,start_us,1692835410642926,stop_us,1692835410642931,client: /-0:33,show status; transmitting
1692835410,187,timing,elapsed_us,97,start_us,1692835410642842,stop_us,1692835410642939,-,BESInterface::execute_request
1692835609,187,timing,elapsed_us,479346,start_us,1692835608734524,stop_us,1692835609213870,-,RemoteResource::get_url() - source url: https://cmr.uat.earthdata.nasa.gov/search/granules.umm_json_v1_4?collection_concept_id=C1259239346-POCUMULUS&granule_ur=20230821140000-STAR-L2P_GHRSST-SSTsubskin-AHI_H09-ACSPO_V2.90-v02.0-fv01.0
1692835609,187,timing,elapsed_us,6,start_us,1692835609214219,stop_us,1692835609214225,http-nio-8080-exec-8:36[bes_client:/-0],set container in ngap values ngapContainer,collections/C1259239346-POCUMULUS/granules/20230821140000-STAR-L2P_GHRSST-SSTsubskin-AHI_H09-ACSPO_V2.90-v02.0-fv01.0; transmitting
1692835609,187,timing,elapsed_us,6,start_us,1692835609214284,stop_us,1692835609214290,http-nio-8080-exec-8:36[bes_client:/-0],define d1 in default as ngapContainer; transmitting
1692835611,187,timing,elapsed_us,140,start_us,1692835611552232,stop_us,1692835611552372,-,BESServerHandler::execute
1692835611,187,timing,elapsed_us,2330119,start_us,1692835609215603,stop_us,1692835611545722,-,RemoteResource::get_url() - source url: https://archive.podaac.sit.earthdata.nasa.gov/podaac-sit-cumulus-protected/H09-AHI-L2P-ACSPO-v2.90/20230821140000-STAR-L2P_GHRSST-SSTsubskin-AHI_H09-ACSPO_V2.90-v02.0-fv01.0.nc.dmrpp
1692835611,187,timing,elapsed_us,270,start_us,1692835611546842,stop_us,1692835611547112,http-nio-8080-exec-8:36[bes_client:/-0],get dap for d1 return as netcdf; transmitting
1692835611,187,timing,elapsed_us,2822460,start_us,1692835608724760,stop_us,1692835611547220,-,BESInterface::execute_request
1692835611,187,timing,elapsed_us,2822573,start_us,1692835608724718,stop_us,1692835611547291,-,BESServerHandler::execute
1692835611,187,timing,elapsed_us,7,start_us,1692835611552318,stop_us,1692835611552325,client: /-0:35,show status; transmitting
1692835611,187,timing,elapsed_us,9,start_us,1692835611546914,stop_us,1692835611546923,-,BESDapResponseBuilder::dap4_process_ce_for_intern_data() - Timer
1692835611,187,timing,elapsed_us,97,start_us,1692835611552242,stop_us,1692835611552339,-,BESInterface::execute_request
1692867619,187,timing,elapsed_us,507340,start_us,1692867618760871,stop_us,1692867619268211,-,RemoteResource::get_url() - source url: https://cmr.uat.earthdata.nasa.gov/search/granules.umm_json_v1_4?collection_concept_id=C1241426907-NSIDC_CUAT&granule_ur=ATL08_20200101220129_00940612_005_01.h5
1692867619,187,timing,elapsed_us,7,start_us,1692867619268562,stop_us,1692867619268569,http-nio-8080-exec-3:31[bes_client:/-0],set container in ngap values ngapContainer,collections/C1241426907-NSIDC_CUAT/granules/ATL08_20200101220129_00940612_005_01.h5; transmitting
1692867619,187,timing,elapsed_us,9,start_us,1692867619268668,stop_us,1692867619268677,http-nio-8080-exec-3:31[bes_client:/-0],define d1 in default as ngapContainer with ngapContainer.dap4constraint="/orbit_info_rgt;/orbit_info_orbit_number;/orbit_info_crossing_time;/orbit_info_sc_orient;/orbit_info_sc_orient_time"; transmitting
1692867622,187,timing,elapsed_us,3219625,start_us,1692867619269533,stop_us,1692867622489158,-,RemoteResource::get_url() - source url: https://data.nsidc.uat.earthdatacloud.nasa.gov/nsidc-cumulus-uat-protected/ATLAS/ATL08/005/2020/01/01/ATL08_20200101220129_00940612_005_01.h5.dmrpp
1692867625,187,timing,elapsed_us,170,start_us,1692867625241667,stop_us,1692867625241837,-,BESInterface::execute_request
1692867625,187,timing,elapsed_us,17397,start_us,1692867625124193,stop_us,1692867625141590,-,DmrppArray::read_contiguous() -  name: orbit_info_sc_orient_time
1692867625,187,timing,elapsed_us,19482,start_us,1692867625197313,stop_us,1692867625216795,-,DmrppArray::read_contiguous() -  name: orbit_info_rgt
1692867625,187,timing,elapsed_us,203,start_us,1692867625241662,stop_us,1692867625241865,-,BESServerHandler::execute
1692867625,187,timing,elapsed_us,21503,start_us,1692867625216882,stop_us,1692867625238385,-,DmrppArray::read_contiguous() -  name: orbit_info_sc_orient
1692867625,187,timing,elapsed_us,2527611,start_us,1692867622494143,stop_us,1692867625021754,-,CurlUtils::retrieve_effective_url() -  Following Redirects Starting With: https://data.nsidc.uat.earthdatacloud.nasa.gov/nsidc-cumulus-uat-protected/ATLAS/ATL08/005/2020/01/01/ATL08_20200101220129_00940612_005_01.h5
1692867625,187,timing,elapsed_us,2629925,start_us,1692867622494100,stop_us,1692867625124025,-,DmrppArray::read_contiguous() -  name: orbit_info_crossing_time
1692867625,187,timing,elapsed_us,2745438,start_us,1692867622493135,stop_us,1692867625238573,-,BESDapResponseBuilder::serialize_dap4_data() - Timer
1692867625,187,timing,elapsed_us,2745521,start_us,1692867622493078,stop_us,1692867625238599,http-nio-8080-exec-3:31[bes_client:/-0],get dap for d1 return as dap2; transmitting
1692867625,187,timing,elapsed_us,55433,start_us,1692867625141756,stop_us,1692867625197189,-,DmrppArray::read_contiguous() -  name: orbit_info_orbit_number
1692867625,187,timing,elapsed_us,6481867,start_us,1692867618756755,stop_us,1692867625238622,-,BESInterface::execute_request
1692867625,187,timing,elapsed_us,6482625,start_us,1692867618756720,stop_us,1692867625239345,-,BESServerHandler::execute
1692867625,187,timing,elapsed_us,7,start_us,1692867625241817,stop_us,1692867625241824,client: /-0:37,show status; transmitting
1692870031,187,timing,elapsed_us,212767,start_us,1692870031743268,stop_us,1692870031956035,-,RemoteResource::get_url() - source url: https://cmr.uat.earthdata.nasa.gov/search/granules.umm_json_v1_4?collection_concept_id=C1225808238-GES_DISC&granule_ur=GPM_3IMERGHH.06%3A3B-HHR.MS.MRG.3IMERG.20210930-S000000-E002959.0000.V06B.HDF5
1692870031,187,timing,elapsed_us,6,start_us,1692870031956180,stop_us,1692870031956186,[http-nio-8080-exec-3:31:ngap_request][bes_client:/-0],set container in ngap values ngapContainer,collections/C1225808238-GES_DISC/granules/GPM_3IMERGHH.06:3B-HHR.MS.MRG.3IMERG.20210930-S000000-E002959.0000.V06B.HDF5; transmitting
1692870031,187,timing,elapsed_us,7,start_us,1692870031956291,stop_us,1692870031956298,[http-nio-8080-exec-3:31:ngap_request][bes_client:/-0],define d1 in default as ngapContainer; transmitting
1692870034,187,timing,elapsed_us,2258712,start_us,1692870031957215,stop_us,1692870034215927,-,RemoteResource::get_url() - source url: https://data.gesdisc.uat.earthdata.nasa.gov/data/GPM_L3/GPM_3IMERGHH.06/2021/273/3B-HHR.MS.MRG.3IMERG.20210930-S000000-E002959.0000.V06B.HDF5.dmrpp
1692870034,187,timing,elapsed_us,702,start_us,1692870034217427,stop_us,1692870034218129,[http-nio-8080-exec-3:31:ngap_request][bes_client:/-0],DmrppRequestHandler::dap_build_dap2data() - timer
1692870036,187,timing,elapsed_us,129644,start_us,1692870036622787,stop_us,1692870036752431,-,DmrppArray::read_super_chunks_unconstrained_concurrent() -  name: /Grid/precipitationQualityIndex
1692870036,187,timing,elapsed_us,152067,start_us,1692870036798000,stop_us,1692870036950067,-,DmrppArray::read_super_chunks_unconstrained_concurrent() -  name: /Grid/HQprecipSource
1692870036,187,timing,elapsed_us,2402513,start_us,1692870034218245,stop_us,1692870036620758,-,CurlUtils::retrieve_effective_url() -  Following Redirects Starting With: https://data.gesdisc.uat.earthdata.nasa.gov/data/GPM_L3/GPM_3IMERGHH.06/2021/273/3B-HHR.MS.MRG.3IMERG.20210930-S000000-E002959.0000.V06B.HDF5
1692870036,187,timing,elapsed_us,44683,start_us,1692870036752957,stop_us,1692870036797640,-,DmrppArray::read_super_chunks_unconstrained_concurrent() -  name: /Grid/IRkalmanFilterWeight
1692870037,187,timing,elapsed_us,174982,start_us,1692870037018529,stop_us,1692870037193511,-,DmrppArray::read_super_chunks_unconstrained_concurrent() -  name: /Grid/precipitationCal
1692870037,187,timing,elapsed_us,17523,start_us,1692870037193599,stop_us,1692870037211122,-,DmrppArray::read_contiguous() -  name: /Grid/time
1692870037,187,timing,elapsed_us,18329,start_us,1692870037718219,stop_us,1692870037736548,-,DmrppArray::read_contiguous() -  name: /Grid/lat
1692870037,187,timing,elapsed_us,21414,start_us,1692870037843411,stop_us,1692870037864825,-,DmrppArray::read_super_chunks_unconstrained_concurrent() -  name: /Grid/HQobservationTime
1692870037,187,timing,elapsed_us,27730,start_us,1692870037951680,stop_us,1692870037979410,-,DmrppArray::read_contiguous() -  name: /Grid/time_bnds
1692870037,187,timing,elapsed_us,27775,start_us,1692870037815258,stop_us,1692870037843033,-,DmrppArray::read_super_chunks_unconstrained_concurrent() -  name: /Grid/probabilityLiquidPrecipitation
1692870037,187,timing,elapsed_us,449299,start_us,1692870037268832,stop_us,1692870037718131,-,DmrppArray::read_super_chunks_unconstrained_concurrent() -  name: /Grid/precipitationUncal
1692870037,187,timing,elapsed_us,57124,start_us,1692870037211183,stop_us,1692870037268307,-,DmrppArray::read_contiguous() -  name: /Grid/lat_bnds
1692870037,187,timing,elapsed_us,67611,start_us,1692870036950136,stop_us,1692870037017747,-,DmrppArray::read_contiguous() -  name: /Grid/lon
1692870037,187,timing,elapsed_us,77319,start_us,1692870037737487,stop_us,1692870037814806,-,DmrppArray::read_super_chunks_unconstrained_concurrent() -  name: /Grid/HQprecipitation
1692870037,187,timing,elapsed_us,86194,start_us,1692870037865386,stop_us,1692870037951580,-,DmrppArray::read_super_chunks_unconstrained_concurrent() -  name: /Grid/randomError
1692870038,187,timing,elapsed_us,18168,start_us,1692870038021934,stop_us,1692870038040102,-,DmrppArray::read_contiguous() -  name: /Grid/lon_bnds
1692870038,187,timing,elapsed_us,3821994,start_us,1692870034218155,stop_us,1692870038040149,-,BESDapResponseBuilder::intern_dap2_data() - Timer
1692870038,187,timing,elapsed_us,41416,start_us,1692870037980427,stop_us,1692870038021843,-,DmrppArray::read_super_chunks_unconstrained_concurrent() -  name: /Grid/IRprecipitation
1692870062,187,timing,elapsed_us,163,start_us,1692870062051172,stop_us,1692870062051335,-,BESInterface::execute_request
1692870062,187,timing,elapsed_us,193,start_us,1692870062051168,stop_us,1692870062051361,-,BESServerHandler::execute
1692870062,187,timing,elapsed_us,27823952,start_us,1692870034218147,stop_us,1692870062042099,[http-nio-8080-exec-3:31:ngap_request][bes_client:/-0],get dods for d1 return as ascii; transmitting
1692870062,187,timing,elapsed_us,30305422,start_us,1692870031736718,stop_us,1692870062042140,-,BESInterface::execute_request
1692870062,187,timing,elapsed_us,30314444,start_us,1692870031736694,stop_us,1692870062051138,-,BESServerHandler::execute
1692870062,187,timing,elapsed_us,6,start_us,1692870062051322,stop_us,1692870062051328,client: /-0:39,show status; transmitting
1692877183,187,timing,elapsed_us,212914,start_us,1692877183514865,stop_us,1692877183727779,-,RemoteResource::get_url() - source url: https://cmr.uat.earthdata.nasa.gov/search/granules.umm_json_v1_4?collection_concept_id=C1215802944-GES_DISC&granule_ur=M2T1NXSLV.5.12.4%3AMERRA2_400.tavg1_2d_slv_Nx.20210831.nc4
1692877183,187,timing,elapsed_us,5,start_us,1692877183728201,stop_us,1692877183728206,[http-nio-8080-exec-3:31:ngap_request][bes_client:/-0],define d1 in default as ngapContainer; transmitting
1692877183,187,timing,elapsed_us,6,start_us,1692877183728142,stop_us,1692877183728148,[http-nio-8080-exec-3:31:ngap_request][bes_client:/-0],set container in ngap values ngapContainer,collections/C1215802944-GES_DISC/granules/M2T1NXSLV.5.12.4:MERRA2_400.tavg1_2d_slv_Nx.20210831.nc4; transmitting
1692877186,187,timing,elapsed_us,2348362,start_us,1692877183728920,stop_us,1692877186077282,-,RemoteResource::get_url() - source url: https://data.gesdisc.uat.earthdata.nasa.gov/data/MERRA2/M2T1NXSLV.5.12.4/2021/08/MERRA2_400.tavg1_2d_slv_Nx.20210831.nc4.dmrpp
1692877186,187,timing,elapsed_us,2845,start_us,1692877186081179,stop_us,1692877186084024,[http-nio-8080-exec-3:31:ngap_request][bes_client:/-0],DmrppRequestHandler::dap_build_dap2data() - timer
1692877188,187,timing,elapsed_us,2334505,start_us,1692877186084402,stop_us,1692877188418907,-,CurlUtils::retrieve_effective_url() -  Following Redirects Starting With: https://data.gesdisc.uat.earthdata.nasa.gov/data/MERRA2/M2T1NXSLV.5.12.4/2021/08/MERRA2_400.tavg1_2d_slv_Nx.20210831.nc4
1692877188,187,timing,elapsed_us,448682,start_us,1692877188427504,stop_us,1692877188876186,-,DmrppArray::read_super_chunks_unconstrained_concurrent() -  name: U2M
1692877189,187,timing,elapsed_us,185179,start_us,1692877189735877,stop_us,1692877189921056,-,DmrppArray::read_super_chunks_unconstrained_concurrent() -  name: T2M
1692877189,187,timing,elapsed_us,190657,start_us,1692877189537864,stop_us,1692877189728521,-,DmrppArray::read_super_chunks_unconstrained_concurrent() -  name: TROPPB
1692877189,187,timing,elapsed_us,284536,start_us,1692877188883549,stop_us,1692877189168085,-,DmrppArray::read_super_chunks_unconstrained_concurrent() -  name: V250
1692877189,187,timing,elapsed_us,355181,start_us,1692877189175357,stop_us,1692877189530538,-,DmrppArray::read_super_chunks_unconstrained_concurrent() -  name: TROPT
1692877190,187,timing,elapsed_us,186332,start_us,1692877190515715,stop_us,1692877190702047,-,DmrppArray::read_super_chunks_unconstrained_concurrent() -  name: TOX
1692877190,187,timing,elapsed_us,199320,start_us,1692877190309081,stop_us,1692877190508401,-,DmrppArray::read_super_chunks_unconstrained_concurrent() -  name: T500
1692877190,187,timing,elapsed_us,373408,start_us,1692877189928371,stop_us,1692877190301779,-,DmrppArray::read_super_chunks_unconstrained_concurrent() -  name: TQL
1692877190,187,timing,elapsed_us,44693,start_us,1692877190702432,stop_us,1692877190747125,-,DmrppArray::read_super_chunks_unconstrained_concurrent() -  name: lon
1692877191,187,timing,elapsed_us,361814,start_us,1692877190754250,stop_us,1692877191116064,-,DmrppArray::read_super_chunks_unconstrained_concurrent() -  name: U850
1692877191,187,timing,elapsed_us,380875,start_us,1692877191562557,stop_us,1692877191943432,-,DmrppArray::read_super_chunks_unconstrained_concurrent() -  name: V850
1692877191,187,timing,elapsed_us,431834,start_us,1692877191123408,stop_us,1692877191555242,-,DmrppArray::read_super_chunks_unconstrained_concurrent() -  name: PS
1692877192,187,timing,elapsed_us,206896,start_us,1692877192272097,stop_us,1692877192478993,-,DmrppArray::read_super_chunks_unconstrained_concurrent() -  name: H250
1692877192,187,timing,elapsed_us,314077,start_us,1692877191950753,stop_us,1692877192264830,-,DmrppArray::read_super_chunks_unconstrained_concurrent() -  name: OMEGA500
1692877192,187,timing,elapsed_us,339101,start_us,1692877192486369,stop_us,1692877192825470,-,DmrppArray::read_super_chunks_unconstrained_concurrent() -  name: Q250
1692877193,187,timing,elapsed_us,137058,start_us,1692877193149946,stop_us,1692877193287004,-,DmrppArray::read_super_chunks_unconstrained_concurrent() -  name: PBLTOP
1692877193,187,timing,elapsed_us,215119,start_us,1692877193718643,stop_us,1692877193933762,-,DmrppArray::read_super_chunks_unconstrained_concurrent() -  name: V50M
1692877193,187,timing,elapsed_us,26703,start_us,1692877193287899,stop_us,1692877193314602,-,DmrppArray::read_super_chunks_unconstrained_concurrent() -  name: time
1692877193,187,timing,elapsed_us,309796,start_us,1692877192832767,stop_us,1692877193142563,-,DmrppArray::read_super_chunks_unconstrained_concurrent() -  name: T2MDEW
1692877193,187,timing,elapsed_us,389706,start_us,1692877193321578,stop_us,1692877193711284,-,DmrppArray::read_super_chunks_unconstrained_concurrent() -  name: CLDPRS
1692877194,187,timing,elapsed_us,222315,start_us,1692877194670764,stop_us,1692877194893079,-,DmrppArray::read_super_chunks_unconstrained_concurrent() -  name: H1000
1692877194,187,timing,elapsed_us,279327,start_us,1692877194384061,stop_us,1692877194663388,-,DmrppArray::read_super_chunks_unconstrained_concurrent() -  name: DISPH
1692877194,187,timing,elapsed_us,435543,start_us,1692877193941213,stop_us,1692877194376756,-,DmrppArray::read_super_chunks_unconstrained_concurrent() -  name: Q500
1692877195,187,timing,elapsed_us,120014,start_us,1692877195515159,stop_us,1692877195635173,-,DmrppArray::read_super_chunks_unconstrained_concurrent() -  name: TROPPT
1692877195,187,timing,elapsed_us,141558,start_us,1692877194900468,stop_us,1692877195042026,-,DmrppArray::read_super_chunks_unconstrained_concurrent() -  name: TO3
1692877195,187,timing,elapsed_us,174044,start_us,1692877195049376,stop_us,1692877195223420,-,DmrppArray::read_super_chunks_unconstrained_concurrent() -  name: TS
1692877195,187,timing,elapsed_us,247786,start_us,1692877195642492,stop_us,1692877195890278,-,DmrppArray::read_super_chunks_unconstrained_concurrent() -  name: TQI
1692877195,187,timing,elapsed_us,276993,start_us,1692877195230835,stop_us,1692877195507828,-,DmrppArray::read_super_chunks_unconstrained_concurrent() -  name: T10M
1692877196,187,timing,elapsed_us,16322,start_us,1692877196065043,stop_us,1692877196081365,-,DmrppArray::read_super_chunks_unconstrained_concurrent() -  name: lat
1692877196,187,timing,elapsed_us,166899,start_us,1692877195897650,stop_us,1692877196064549,-,DmrppArray::read_super_chunks_unconstrained_concurrent() -  name: SLP
1692877196,187,timing,elapsed_us,213792,start_us,1692877196088519,stop_us,1692877196302311,-,DmrppArray::read_super_chunks_unconstrained_concurrent() -  name: U250
1692877196,187,timing,elapsed_us,396939,start_us,1692877196309658,stop_us,1692877196706597,-,DmrppArray::read_super_chunks_unconstrained_concurrent() -  name: Q850
1692877197,187,timing,elapsed_us,184107,start_us,1692877197090043,stop_us,1692877197274150,-,DmrppArray::read_super_chunks_unconstrained_concurrent() -  name: TQV
1692877197,187,timing,elapsed_us,204822,start_us,1692877197635686,stop_us,1692877197840508,-,DmrppArray::read_super_chunks_unconstrained_concurrent() -  name: T250
1692877197,187,timing,elapsed_us,346649,start_us,1692877197281688,stop_us,1692877197628337,-,DmrppArray::read_super_chunks_unconstrained_concurrent() -  name: V2M
1692877197,187,timing,elapsed_us,368640,start_us,1692877196714016,stop_us,1692877197082656,-,DmrppArray::read_super_chunks_unconstrained_concurrent() -  name: ZLCL
1692877198,187,timing,elapsed_us,175004,start_us,1692877198356917,stop_us,1692877198531921,-,DmrppArray::read_super_chunks_unconstrained_concurrent() -  name: H850
1692877198,187,timing,elapsed_us,176509,start_us,1692877198539237,stop_us,1692877198715746,-,DmrppArray::read_super_chunks_unconstrained_concurrent() -  name: T850
1692877198,187,timing,elapsed_us,234484,start_us,1692877198114939,stop_us,1692877198349423,-,DmrppArray::read_super_chunks_unconstrained_concurrent() -  name: V10M
1692877198,187,timing,elapsed_us,245034,start_us,1692877198722920,stop_us,1692877198967954,-,DmrppArray::read_super_chunks_unconstrained_concurrent() -  name: U50M
1692877198,187,timing,elapsed_us,259767,start_us,1692877197847809,stop_us,1692877198107576,-,DmrppArray::read_super_chunks_unconstrained_concurrent() -  name: TROPQ
1692877199,187,timing,elapsed_us,180655,start_us,1692877199786873,stop_us,1692877199967528,-,DmrppArray::read_super_chunks_unconstrained_concurrent() -  name: H500
1692877199,187,timing,elapsed_us,188284,start_us,1692877199591279,stop_us,1692877199779563,-,DmrppArray::read_super_chunks_unconstrained_concurrent() -  name: TROPPV
1692877199,187,timing,elapsed_us,194229,start_us,1692877199187356,stop_us,1692877199381585,-,DmrppArray::read_super_chunks_unconstrained_concurrent() -  name: QV2M
1692877199,187,timing,elapsed_us,195103,start_us,1692877199388815,stop_us,1692877199583918,-,DmrppArray::read_super_chunks_unconstrained_concurrent() -  name: CLDTMP
1692877199,187,timing,elapsed_us,204603,start_us,1692877198975469,stop_us,1692877199180072,-,DmrppArray::read_super_chunks_unconstrained_concurrent() -  name: U10M
1692877200,187,timing,elapsed_us,14690894,start_us,1692877186084053,stop_us,1692877200774947,-,BESDapResponseBuilder::intern_dap2_data() - Timer
1692877200,187,timing,elapsed_us,173991,start_us,1692877200600907,stop_us,1692877200774898,-,DmrppArray::read_super_chunks_unconstrained_concurrent() -  name: QV10M
1692877200,187,timing,elapsed_us,174632,start_us,1692877200213902,stop_us,1692877200388534,-,DmrppArray::read_super_chunks_unconstrained_concurrent() -  name: T2MWET
1692877200,187,timing,elapsed_us,197715,start_us,1692877200395827,stop_us,1692877200593542,-,DmrppArray::read_super_chunks_unconstrained_concurrent() -  name: U500
1692877200,187,timing,elapsed_us,231488,start_us,1692877199975055,stop_us,1692877200206543,-,DmrppArray::read_super_chunks_unconstrained_concurrent() -  name: V500
1692877314,187,timing,elapsed_us,128441666,start_us,1692877186084044,stop_us,1692877314525710,[http-nio-8080-exec-3:31:ngap_request][bes_client:/-0],get dods for d1 return as ascii; transmitting
1692877314,187,timing,elapsed_us,131017008,start_us,1692877183508746,stop_us,1692877314525754,-,BESInterface::execute_request
1692877314,187,timing,elapsed_us,131024699,start_us,1692877183508721,stop_us,1692877314533420,-,BESServerHandler::execute
1692877314,187,timing,elapsed_us,134,start_us,1692877314533455,stop_us,1692877314533589,-,BESInterface::execute_request
1692877314,187,timing,elapsed_us,163,start_us,1692877314533451,stop_us,1692877314533614,-,BESServerHandler::execute
1692877314,187,timing,elapsed_us,6,start_us,1692877314533576,stop_us,1692877314533582,client: /-0:41,show status; transmitting
1692890134,187,timing,elapsed_us,7,start_us,1692890134850717,stop_us,1692890134850724,http-nio-8080-exec-10:38[bes_client:/-0],set container in ngap values ngapContainer,collections/C1241426907-NSIDC_CUAT/granules/ATL08_20200101145654_00900605_005_01.h5; transmitting
1692890134,187,timing,elapsed_us,7,start_us,1692890134850964,stop_us,1692890134850971,http-nio-8080-exec-10:38[bes_client:/-0],define d1 in default as ngapContainer with ngapContainer.dap4constraint="/orbit_info_rgt;/orbit_info_crossing_time;/gt3r_land_segments_latitude[0:64:];/gt3r_land_segments_longitude[0:64:];/gt3r_land_segments_delta_time[0:64:];/gt3l_land_segments_latitude[0:64:];/gt3l_land_segments_longitude[0:64:];/gt3l_land_segments_delta_time[0:64:];/gt2r_land_segments_latitude[0:64:];/gt2r_land_segments_longitude[0:64:];/gt2r_land_segments_delta_time[0:64:];/gt2l_land_segments_latitude[0:64:];/gt2l_land_segments_longitude[0:64:];/gt2l_land_segments_delta_time[0:64:];/gt1r_land_segments_latitude[0:64:];/gt1r_land_segments_longitude[0:64:];/gt1r_land_segments_delta_time[0:64:];/gt1l_land_segments_latitude[0:64:];/gt1l_land_segments_longitude[0:64:];/gt1l_land_segments_delta_time[0:64:]"; transmitting
1692890134,187,timing,elapsed_us,709252,start_us,1692890134141275,stop_us,1692890134850527,-,RemoteResource::get_url() - source url: https://cmr.uat.earthdata.nasa.gov/search/granules.umm_json_v1_4?collection_concept_id=C1241426907-NSIDC_CUAT&granule_ur=ATL08_20200101145654_00900605_005_01.h5
1692890137,187,timing,elapsed_us,2511129,start_us,1692890134851825,stop_us,1692890137362954,-,RemoteResource::get_url() - source url: https://data.nsidc.uat.earthdatacloud.nasa.gov/nsidc-cumulus-uat-protected/ATLAS/ATL08/005/2020/01/01/ATL08_20200101145654_00900605_005_01.h5.dmrpp
1692890139,187,timing,elapsed_us,18746,start_us,1692890139921256,stop_us,1692890139940002,-,DmrppArray::read_contiguous() -  name: gt2l_land_segments_delta_time
1692890139,187,timing,elapsed_us,2359587,start_us,1692890137380576,stop_us,1692890139740163,-,CurlUtils::retrieve_effective_url() -  Following Redirects Starting With: https://data.nsidc.uat.earthdatacloud.nasa.gov/nsidc-cumulus-uat-protected/ATLAS/ATL08/005/2020/01/01/ATL08_20200101145654_00900605_005_01.h5
1692890139,187,timing,elapsed_us,2485435,start_us,1692890137380531,stop_us,1692890139865966,-,DmrppArray::read_contiguous() -  name: gt1l_land_segments_delta_time
1692890139,187,timing,elapsed_us,55038,start_us,1692890139866139,stop_us,1692890139921177,-,DmrppArray::read_contiguous() -  name: gt1r_land_segments_delta_time
1692890140,187,timing,elapsed_us,111,start_us,1692890140648402,stop_us,1692890140648513,-,BESInterface::execute_request
1692890140,187,timing,elapsed_us,138,start_us,1692890140648398,stop_us,1692890140648536,-,BESServerHandler::execute
1692890140,187,timing,elapsed_us,16092,start_us,1692890140394153,stop_us,1692890140410245,-,DmrppArray::read_contiguous() -  name: gt3l_land_segments_longitude
1692890140,187,timing,elapsed_us,17851,start_us,1692890140490368,stop_us,1692890140508219,-,DmrppArray::read_contiguous() -  name: gt2l_land_segments_longitude
1692890140,187,timing,elapsed_us,18235,start_us,1692890140375759,stop_us,1692890140393994,-,DmrppArray::read_contiguous() -  name: gt1l_land_segments_latitude
1692890140,187,timing,elapsed_us,18279,start_us,1692890140357332,stop_us,1692890140375611,-,DmrppArray::read_contiguous() -  name: gt1l_land_segments_longitude
1692890140,187,timing,elapsed_us,19791,start_us,1692890140508301,stop_us,1692890140528092,-,DmrppArray::read_contiguous() -  name: gt2l_land_segments_latitude
1692890140,187,timing,elapsed_us,19884,start_us,1692890140627176,stop_us,1692890140647060,-,DmrppArray::read_contiguous() -  name: gt3r_land_segments_latitude
1692890140,187,timing,elapsed_us,20513,start_us,1692890140336757,stop_us,1692890140357270,-,DmrppArray::read_contiguous() -  name: gt2r_land_segments_latitude
1692890140,187,timing,elapsed_us,21227,start_us,1692890140119281,stop_us,1692890140140508,-,DmrppArray::read_contiguous() -  name: orbit_info_crossing_time
1692890140,187,timing,elapsed_us,29120,start_us,1692890140029159,stop_us,1692890140058279,-,DmrppArray::read_contiguous() -  name: gt3l_land_segments_delta_time
1692890140,187,timing,elapsed_us,3268007,start_us,1692890137379254,stop_us,1692890140647261,-,BESDapResponseBuilder::serialize_dap4_data() - Timer
1692890140,187,timing,elapsed_us,3268266,start_us,1692890137379009,stop_us,1692890140647275,http-nio-8080-exec-10:38[bes_client:/-0],get dap for d1 return as dap2; transmitting
1692890140,187,timing,elapsed_us,34740,start_us,1692890140140684,stop_us,1692890140175424,-,DmrppArray::read_contiguous() -  name: orbit_info_rgt
1692890140,187,timing,elapsed_us,38931,start_us,1692890140241744,stop_us,1692890140280675,-,DmrppArray::read_contiguous() -  name: gt1r_land_segments_latitude
1692890140,187,timing,elapsed_us,55825,start_us,1692890140280750,stop_us,1692890140336575,-,DmrppArray::read_contiguous() -  name: gt2r_land_segments_longitude
1692890140,187,timing,elapsed_us,6,start_us,1692890140648501,stop_us,1692890140648507,client: /-0:43,show status; transmitting
1692890140,187,timing,elapsed_us,60846,start_us,1692890140058361,stop_us,1692890140119207,-,DmrppArray::read_contiguous() -  name: gt3r_land_segments_delta_time
1692890140,187,timing,elapsed_us,6510532,start_us,1692890134136751,stop_us,1692890140647283,-,BESInterface::execute_request
1692890140,187,timing,elapsed_us,6511654,start_us,1692890134136725,stop_us,1692890140648379,-,BESServerHandler::execute
1692890140,187,timing,elapsed_us,66004,start_us,1692890140175579,stop_us,1692890140241583,-,DmrppArray::read_contiguous() -  name: gt1r_land_segments_longitude
1692890140,187,timing,elapsed_us,79938,start_us,1692890140410352,stop_us,1692890140490290,-,DmrppArray::read_contiguous() -  name: gt3l_land_segments_latitude
1692890140,187,timing,elapsed_us,88849,start_us,1692890139940153,stop_us,1692890140029002,-,DmrppArray::read_contiguous() -  name: gt2r_land_segments_delta_time
1692890140,187,timing,elapsed_us,98839,start_us,1692890140528202,stop_us,1692890140627041,-,DmrppArray::read_contiguous() -  name: gt3r_land_segments_longitude
1692891312,187,timing,elapsed_us,484996,start_us,1692891311859445,stop_us,1692891312344441,-,RemoteResource::get_url() - source url: https://cmr.uat.earthdata.nasa.gov/search/granules.umm_json_v1_4?collection_concept_id=C1225808238-GES_DISC&granule_ur=GPM_3IMERGHH.06%3A3B-HHR.MS.MRG.3IMERG.20210930-S000000-E002959.0000.V06B.HDF5
1692891312,187,timing,elapsed_us,5,start_us,1692891312345152,stop_us,1692891312345157,[http-nio-8080-exec-2:30:ngap_request][bes_client:/-0],define d1 in default as ngapContainer; transmitting
1692891312,187,timing,elapsed_us,8,start_us,1692891312344819,stop_us,1692891312344827,[http-nio-8080-exec-2:30:ngap_request][bes_client:/-0],set container in ngap values ngapContainer,collections/C1225808238-GES_DISC/granules/GPM_3IMERGHH.06:3B-HHR.MS.MRG.3IMERG.20210930-S000000-E002959.0000.V06B.HDF5; transmitting
1692891315,187,timing,elapsed_us,120,start_us,1692891315314776,stop_us,1692891315314896,-,BESServerHandler::execute
1692891315,187,timing,elapsed_us,2965426,start_us,1692891312346073,stop_us,1692891315311499,-,RemoteResource::get_url() - source url: https://data.gesdisc.uat.earthdata.nasa.gov/data/GPM_L3/GPM_3IMERGHH.06/2021/273/3B-HHR.MS.MRG.3IMERG.20210930-S000000-E002959.0000.V06B.HDF5.dmrpp
1692891315,187,timing,elapsed_us,3461810,start_us,1692891311852746,stop_us,1692891315314556,-,BESInterface::execute_request
1692891315,187,timing,elapsed_us,3461881,start_us,1692891311852711,stop_us,1692891315314592,-,BESServerHandler::execute
1692891315,187,timing,elapsed_us,368,start_us,1692891315314177,stop_us,1692891315314545,[http-nio-8080-exec-2:30:ngap_request][bes_client:/-0],get ddx for d1 return as dap2; transmitting
1692891315,187,timing,elapsed_us,5,start_us,1692891315314860,stop_us,1692891315314865,client: /-0:45,show status; transmitting
1692891315,187,timing,elapsed_us,746,start_us,1692891315313379,stop_us,1692891315314125,[http-nio-8080-exec-2:30:ngap_request][bes_client:/-0],DmrppRequestHandler::dap_build_dds() - timer
1692891315,187,timing,elapsed_us,91,start_us,1692891315314781,stop_us,1692891315314872,-,BESInterface::execute_request
1692892101,187,timing,elapsed_us,440404,start_us,1692892100581002,stop_us,1692892101021406,-,RemoteResource::get_url() - source url: https://cmr.uat.earthdata.nasa.gov/search/granules.umm_json_v1_4?collection_concept_id=C1241426872-NSIDC_CUAT&granule_ur=ATL06_20200101223747_00950603_005_01.h5
1692892101,187,timing,elapsed_us,6,start_us,1692892101021681,stop_us,1692892101021687,http-nio-8080-exec-7:35[bes_client:/-0],define d1 in default as ngapContainer; transmitting
1692892101,187,timing,elapsed_us,7,start_us,1692892101021607,stop_us,1692892101021614,http-nio-8080-exec-7:35[bes_client:/-0],set container in ngap values ngapContainer,collections/C1241426872-NSIDC_CUAT/granules/ATL06_20200101223747_00950603_005_01.h5; transmitting
1692892103,187,timing,elapsed_us,122,start_us,1692892103491219,stop_us,1692892103491341,-,BESServerHandler::execute
1692892103,187,timing,elapsed_us,2450602,start_us,1692892101022529,stop_us,1692892103473131,-,RemoteResource::get_url() - source url: https://data.nsidc.uat.earthdatacloud.nasa.gov/nsidc-cumulus-uat-protected/ATLAS/ATL06/005/2020/01/01/ATL06_20200101223747_00950603_005_01.h5.dmrpp
1692892103,187,timing,elapsed_us,2913762,start_us,1692892100576763,stop_us,1692892103490525,-,BESInterface::execute_request
1692892103,187,timing,elapsed_us,2914477,start_us,1692892100576727,stop_us,1692892103491204,-,BESServerHandler::execute
1692892103,187,timing,elapsed_us,6,start_us,1692892103491304,stop_us,1692892103491310,client: /-0:47,show status; transmitting
1692892103,187,timing,elapsed_us,8292,start_us,1692892103482214,stop_us,1692892103490506,http-nio-8080-exec-7:35[bes_client:/-0],get dmr for d1 return as dap2; transmitting
1692892103,187,timing,elapsed_us,95,start_us,1692892103491222,stop_us,1692892103491317,-,BESInterface::execute_request
1692892351,187,timing,elapsed_us,341657,start_us,1692892351449105,stop_us,1692892351790762,-,RemoteResource::get_url() - source url: https://cmr.uat.earthdata.nasa.gov/search/granules.umm_json_v1_4?collection_concept_id=C1241426872-NSIDC_CUAT&granule_ur=ATL06_20200101223747_00950603_005_01.h5
1692892351,187,timing,elapsed_us,6,start_us,1692892351791343,stop_us,1692892351791349,http-nio-8080-exec-1:29[bes_client:/-0],define d1 in default as ngapContainer; transmitting
1692892351,187,timing,elapsed_us,7,start_us,1692892351791135,stop_us,1692892351791142,http-nio-8080-exec-1:29[bes_client:/-0],set container in ngap values ngapContainer,collections/C1241426872-NSIDC_CUAT/granules/ATL06_20200101223747_00950603_005_01.h5; transmitting
1692892354,187,timing,elapsed_us,127,start_us,1692892354084179,stop_us,1692892354084306,-,BESInterface::execute_request
1692892354,187,timing,elapsed_us,153,start_us,1692892354084175,stop_us,1692892354084328,-,BESServerHandler::execute
1692892354,187,timing,elapsed_us,2274626,start_us,1692892351792205,stop_us,1692892354066831,-,RemoteResource::get_url() - source url: https://data.nsidc.uat.earthdatacloud.nasa.gov/nsidc-cumulus-uat-protected/ATLAS/ATL06/005/2020/01/01/ATL06_20200101223747_00950603_005_01.h5.dmrpp
1692892354,187,timing,elapsed_us,2638740,start_us,1692892351444769,stop_us,1692892354083509,-,BESInterface::execute_request
1692892354,187,timing,elapsed_us,2639424,start_us,1692892351444736,stop_us,1692892354084160,-,BESServerHandler::execute
1692892354,187,timing,elapsed_us,6,start_us,1692892354084293,stop_us,1692892354084299,client: /-0:49,show status; transmitting
1692892354,187,timing,elapsed_us,8358,start_us,1692892354075133,stop_us,1692892354083491,http-nio-8080-exec-1:29[bes_client:/-0],get dmr for d1 return as dap2; transmitting
1692892550,187,timing,elapsed_us,205612,start_us,1692892550704962,stop_us,1692892550910574,-,RemoteResource::get_url() - source url: https://cmr.uat.earthdata.nasa.gov/search/granules.umm_json_v1_4?collection_concept_id=C1241426872-NSIDC_CUAT&granule_ur=ATL06_20200101223747_00950603_005_01.h5
1692892550,187,timing,elapsed_us,7,start_us,1692892550911090,stop_us,1692892550911097,http-nio-8080-exec-6:34[bes_client:/-0],set container in ngap values ngapContainer,collections/C1241426872-NSIDC_CUAT/granules/ATL06_20200101223747_00950603_005_01.h5; transmitting
1692892550,187,timing,elapsed_us,7,start_us,1692892550911289,stop_us,1692892550911296,http-nio-8080-exec-6:34[bes_client:/-0],define d1 in default as ngapContainer with ngapContainer.dap4constraint="/orbit_info_rgt;/orbit_info_crossing_time;/gt3r_land_ice_segments_latitude[0:256:];/gt3r_land_ice_segments_longitude[0:256:];/gt3r_land_ice_segments_delta_time[0:256:];/gt3l_land_ice_segments_latitude[0:256:];/gt3l_land_ice_segments_longitude[0:256:];/gt3l_land_ice_segments_delta_time[0:256:];/gt2r_land_ice_segments_latitude[0:256:];/gt2r_land_ice_segments_longitude[0:256:];/gt2r_land_ice_segments_delta_time[0:256:];/gt2l_land_ice_segments_latitude[0:256:];/gt2l_land_ice_segments_longitude[0:256:];/gt2l_land_ice_segments_delta_time[0:256:];/gt1r_land_ice_segments_latitude[0:256:];/gt1r_land_ice_segments_longitude[0:256:];/gt1r_land_ice_segments_delta_time[0:256:];/gt1l_land_ice_segments_latitude[0:256:];/gt1l_land_ice_segments_longitude[0:256:];/gt1l_land_ice_segments_delta_time[0:256:]"; transmitting
1692892553,187,timing,elapsed_us,2291688,start_us,1692892550912143,stop_us,1692892553203831,-,RemoteResource::get_url() - source url: https://data.nsidc.uat.earthdatacloud.nasa.gov/nsidc-cumulus-uat-protected/ATLAS/ATL06/005/2020/01/01/ATL06_20200101223747_00950603_005_01.h5.dmrpp
1692892555,187,timing,elapsed_us,19317,start_us,1692892555795306,stop_us,1692892555814623,-,DmrppArray::read_super_chunks_concurrent() -  name: gt2r_land_ice_segments_longitude
1692892555,187,timing,elapsed_us,22955,start_us,1692892555965001,stop_us,1692892555987956,-,DmrppArray::read_super_chunks_concurrent() -  name: gt2l_land_ice_segments_longitude
1692892555,187,timing,elapsed_us,23513,start_us,1692892555941191,stop_us,1692892555964704,-,DmrppArray::read_super_chunks_concurrent() -  name: gt3l_land_ice_segments_latitude
1692892555,187,timing,elapsed_us,2360888,start_us,1692892553214548,stop_us,1692892555575436,-,CurlUtils::retrieve_effective_url() -  Following Redirects Starting With: https://data.nsidc.uat.earthdatacloud.nasa.gov/nsidc-cumulus-uat-protected/ATLAS/ATL06/005/2020/01/01/ATL06_20200101223747_00950603_005_01.h5
1692892555,187,timing,elapsed_us,2468219,start_us,1692892553214505,stop_us,1692892555682724,-,DmrppArray::read_contiguous() -  name: orbit_info_rgt
1692892555,187,timing,elapsed_us,26077,start_us,1692892555914904,stop_us,1692892555940981,-,DmrppArray::read_super_chunks_concurrent() -  name: gt3l_land_ice_segments_longitude
1692892555,187,timing,elapsed_us,27081,start_us,1692892555814908,stop_us,1692892555841989,-,DmrppArray::read_super_chunks_concurrent() -  name: gt2r_land_ice_segments_latitude
1692892555,187,timing,elapsed_us,28484,start_us,1692892555842236,stop_us,1692892555870720,-,DmrppArray::read_super_chunks_concurrent() -  name: gt1l_land_ice_segments_longitude
1692892555,187,timing,elapsed_us,29971,start_us,1692892555765017,stop_us,1692892555794988,-,DmrppArray::read_super_chunks_concurrent() -  name: gt1r_land_ice_segments_latitude
1692892555,187,timing,elapsed_us,43357,start_us,1692892555870988,stop_us,1692892555914345,-,DmrppArray::read_super_chunks_concurrent() -  name: gt1l_land_ice_segments_latitude
1692892555,187,timing,elapsed_us,81611,start_us,1692892555683121,stop_us,1692892555764732,-,DmrppArray::read_super_chunks_concurrent() -  name: gt1r_land_ice_segments_longitude
1692892556,187,timing,elapsed_us,19610,start_us,1692892556156000,stop_us,1692892556175610,-,DmrppArray::read_super_chunks_concurrent() -  name: gt2r_land_ice_segments_delta_time
1692892556,187,timing,elapsed_us,19626,start_us,1692892556175891,stop_us,1692892556195517,-,DmrppArray::read_super_chunks_concurrent() -  name: gt3l_land_ice_segments_delta_time
1692892556,187,timing,elapsed_us,20678,start_us,1692892556111702,stop_us,1692892556132380,-,DmrppArray::read_super_chunks_concurrent() -  name: gt1r_land_ice_segments_delta_time
1692892556,187,timing,elapsed_us,20778,start_us,1692892556090652,stop_us,1692892556111430,-,DmrppArray::read_super_chunks_concurrent() -  name: gt1l_land_ice_segments_delta_time
1692892556,187,timing,elapsed_us,20867,start_us,1692892556069492,stop_us,1692892556090359,-,DmrppArray::read_super_chunks_concurrent() -  name: gt3r_land_ice_segments_latitude
1692892556,187,timing,elapsed_us,23039,start_us,1692892556132694,stop_us,1692892556155733,-,DmrppArray::read_super_chunks_concurrent() -  name: gt2l_land_ice_segments_delta_time
1692892556,187,timing,elapsed_us,23299,start_us,1692892556221943,stop_us,1692892556245242,-,DmrppArray::read_contiguous() -  name: orbit_info_crossing_time
1692892556,187,timing,elapsed_us,26044,start_us,1692892556195805,stop_us,1692892556221849,-,DmrppArray::read_super_chunks_concurrent() -  name: gt3r_land_ice_segments_delta_time
1692892556,187,timing,elapsed_us,3032384,start_us,1692892553213099,stop_us,1692892556245483,-,BESDapResponseBuilder::serialize_dap4_data() - Timer
1692892556,187,timing,elapsed_us,3032751,start_us,1692892553212763,stop_us,1692892556245514,http-nio-8080-exec-6:34[bes_client:/-0],get dap for d1 return as dap2; transmitting
1692892556,187,timing,elapsed_us,39059,start_us,1692892556030162,stop_us,1692892556069221,-,DmrppArray::read_super_chunks_concurrent() -  name: gt3r_land_ice_segments_longitude
1692892556,187,timing,elapsed_us,41660,start_us,1692892555988220,stop_us,1692892556029880,-,DmrppArray::read_super_chunks_concurrent() -  name: gt2l_land_ice_segments_latitude
1692892556,187,timing,elapsed_us,5544787,start_us,1692892550700743,stop_us,1692892556245530,-,BESInterface::execute_request
1692892556,187,timing,elapsed_us,5545796,start_us,1692892550700713,stop_us,1692892556246509,-,BESServerHandler::execute
1692892556,187,timing,elapsed_us,6,start_us,1692892556247167,stop_us,1692892556247173,client: /-0:51,show status; transmitting
1692892556,187,timing,elapsed_us,650,start_us,1692892556246531,stop_us,1692892556247181,-,BESInterface::execute_request
1692892556,187,timing,elapsed_us,676,start_us,1692892556246527,stop_us,1692892556247203,-,BESServerHandler::execute
1692892793,187,timing,elapsed_us,219908,start_us,1692892793614069,stop_us,1692892793833977,-,RemoteResource::get_url() - source url: https://cmr.uat.earthdata.nasa.gov/search/granules.umm_json_v1_4?collection_concept_id=C1241426872-NSIDC_CUAT&granule_ur=ATL06_20200101223747_00950603_005_01.h5
1692892793,187,timing,elapsed_us,6,start_us,1692892793834383,stop_us,1692892793834389,http-nio-8080-exec-9:37[bes_client:/-0],set container in ngap values ngapContainer,collections/C1241426872-NSIDC_CUAT/granules/ATL06_20200101223747_00950603_005_01.h5; transmitting
1692892793,187,timing,elapsed_us,8,start_us,1692892793834575,stop_us,1692892793834583,http-nio-8080-exec-9:37[bes_client:/-0],define d1 in default as ngapContainer with ngapContainer.dap4constraint="/orbit_info_rgt;/orbit_info_crossing_time;/gt3r_land_ice_segments_latitude[0:256:];/gt3r_land_ice_segments_longitude[0:256:];/gt3r_land_ice_segments_delta_time[0:256:];/gt3l_land_ice_segments_latitude[0:256:];/gt3l_land_ice_segments_longitude[0:256:];/gt3l_land_ice_segments_delta_time[0:256:];/gt2r_land_ice_segments_latitude[0:256:];/gt2r_land_ice_segments_longitude[0:256:];/gt2r_land_ice_segments_delta_time[0:256:];/gt2l_land_ice_segments_latitude[0:256:];/gt2l_land_ice_segments_longitude[0:256:];/gt2l_land_ice_segments_delta_time[0:256:];/gt1r_land_ice_segments_latitude[0:256:];/gt1r_land_ice_segments_longitude[0:256:];/gt1r_land_ice_segments_delta_time[0:256:];/gt1l_land_ice_segments_latitude[0:256:];/gt1l_land_ice_segments_longitude[0:256:];/gt1l_land_ice_segments_delta_time[0:256:]"; transmitting
1692892796,187,timing,elapsed_us,102936,start_us,1692892796141716,stop_us,1692892796244652,-,DmrppArray::read_contiguous() -  name: orbit_info_rgt
1692892796,187,timing,elapsed_us,128151,start_us,1692892796244991,stop_us,1692892796373142,-,DmrppArray::read_super_chunks_concurrent() -  name: gt1r_land_ice_segments_longitude
1692892796,187,timing,elapsed_us,147,start_us,1692892796922735,stop_us,1692892796922882,-,BESInterface::execute_request
1692892796,187,timing,elapsed_us,174,start_us,1692892796922731,stop_us,1692892796922905,-,BESServerHandler::execute
1692892796,187,timing,elapsed_us,18524,start_us,1692892796902681,stop_us,1692892796921205,-,DmrppArray::read_contiguous() -  name: orbit_info_crossing_time
1692892796,187,timing,elapsed_us,19526,start_us,1692892796628927,stop_us,1692892796648453,-,DmrppArray::read_super_chunks_concurrent() -  name: gt3l_land_ice_segments_latitude
1692892796,187,timing,elapsed_us,21082,start_us,1692892796607588,stop_us,1692892796628670,-,DmrppArray::read_super_chunks_concurrent() -  name: gt3l_land_ice_segments_longitude
1692892796,187,timing,elapsed_us,21182,start_us,1692892796881408,stop_us,1692892796902590,-,DmrppArray::read_super_chunks_concurrent() -  name: gt3r_land_ice_segments_delta_time
1692892796,187,timing,elapsed_us,21514,start_us,1692892796756505,stop_us,1692892796778019,-,DmrppArray::read_super_chunks_concurrent() -  name: gt1l_land_ice_segments_delta_time
1692892796,187,timing,elapsed_us,22248,start_us,1692892796858941,stop_us,1692892796881189,-,DmrppArray::read_super_chunks_concurrent() -  name: gt3l_land_ice_segments_delta_time
1692892796,187,timing,elapsed_us,22496,start_us,1692892796705353,stop_us,1692892796727849,-,DmrppArray::read_super_chunks_concurrent() -  name: gt3r_land_ice_segments_longitude
1692892796,187,timing,elapsed_us,2294972,start_us,1692892793835449,stop_us,1692892796130421,-,RemoteResource::get_url() - source url: https://data.nsidc.uat.earthdatacloud.nasa.gov/nsidc-cumulus-uat-protected/ATLAS/ATL06/005/2020/01/01/ATL06_20200101223747_00950603_005_01.h5.dmrpp
1692892796,187,timing,elapsed_us,23337,start_us,1692892796778328,stop_us,1692892796801665,-,DmrppArray::read_super_chunks_concurrent() -  name: gt1r_land_ice_segments_delta_time
1692892796,187,timing,elapsed_us,25485,start_us,1692892796833018,stop_us,1692892796858503,-,DmrppArray::read_super_chunks_concurrent() -  name: gt2r_land_ice_segments_delta_time
1692892796,187,timing,elapsed_us,27590,start_us,1692892796579706,stop_us,1692892796607296,-,DmrppArray::read_super_chunks_concurrent() -  name: gt1l_land_ice_segments_latitude
1692892796,187,timing,elapsed_us,27693,start_us,1692892796648785,stop_us,1692892796676478,-,DmrppArray::read_super_chunks_concurrent() -  name: gt2l_land_ice_segments_longitude
1692892796,187,timing,elapsed_us,28125,start_us,1692892796728092,stop_us,1692892796756217,-,DmrppArray::read_super_chunks_concurrent() -  name: gt3r_land_ice_segments_latitude
1692892796,187,timing,elapsed_us,28292,start_us,1692892796676774,stop_us,1692892796705066,-,DmrppArray::read_super_chunks_concurrent() -  name: gt2l_land_ice_segments_latitude
1692892796,187,timing,elapsed_us,30821,start_us,1692892796801926,stop_us,1692892796832747,-,DmrppArray::read_super_chunks_concurrent() -  name: gt2l_land_ice_segments_delta_time
1692892796,187,timing,elapsed_us,3312767,start_us,1692892793608741,stop_us,1692892796921508,-,BESInterface::execute_request
1692892796,187,timing,elapsed_us,3313999,start_us,1692892793608715,stop_us,1692892796922714,-,BESServerHandler::execute
1692892796,187,timing,elapsed_us,39623,start_us,1692892796499211,stop_us,1692892796538834,-,DmrppArray::read_super_chunks_concurrent() -  name: gt2r_land_ice_segments_latitude
1692892796,187,timing,elapsed_us,40252,start_us,1692892796539157,stop_us,1692892796579409,-,DmrppArray::read_super_chunks_concurrent() -  name: gt1l_land_ice_segments_longitude
1692892796,187,timing,elapsed_us,59105,start_us,1692892796373436,stop_us,1692892796432541,-,DmrppArray::read_super_chunks_concurrent() -  name: gt1r_land_ice_segments_latitude
1692892796,187,timing,elapsed_us,66093,start_us,1692892796432848,stop_us,1692892796498941,-,DmrppArray::read_super_chunks_concurrent() -  name: gt2r_land_ice_segments_longitude
1692892796,187,timing,elapsed_us,7,start_us,1692892796922869,stop_us,1692892796922876,client: /-0:53,show status; transmitting
1692892796,187,timing,elapsed_us,781202,start_us,1692892796140253,stop_us,1692892796921455,-,BESDapResponseBuilder::serialize_dap4_data() - Timer
1692892796,187,timing,elapsed_us,781577,start_us,1692892796139909,stop_us,1692892796921486,http-nio-8080-exec-9:37[bes_client:/-0],get dap for d1 return as dap2; transmitting
1692892852,187,timing,elapsed_us,223260,start_us,1692892851966275,stop_us,1692892852189535,-,RemoteResource::get_url() - source url: https://cmr.uat.earthdata.nasa.gov/search/granules.umm_json_v1_4?collection_concept_id=C1241426872-NSIDC_CUAT&granule_ur=ATL06_20200101223747_00950603_005_01.h5
1692892852,187,timing,elapsed_us,8,start_us,1692892852190063,stop_us,1692892852190071,http-nio-8080-exec-5:33[bes_client:/-0],set container in ngap values ngapContainer,collections/C1241426872-NSIDC_CUAT/granules/ATL06_20200101223747_00950603_005_01.h5; transmitting
1692892852,187,timing,elapsed_us,8,start_us,1692892852190261,stop_us,1692892852190269,http-nio-8080-exec-5:33[bes_client:/-0],define d1 in default as ngapContainer with ngapContainer.dap4constraint="/orbit_info_rgt;/orbit_info_crossing_time;/gt3r_land_ice_segments_latitude[0:256:];/gt3r_land_ice_segments_longitude[0:256:];/gt3r_land_ice_segments_delta_time[0:256:];/gt3l_land_ice_segments_latitude[0:256:];/gt3l_land_ice_segments_longitude[0:256:];/gt3l_land_ice_segments_delta_time[0:256:];/gt2r_land_ice_segments_latitude[0:256:];/gt2r_land_ice_segments_longitude[0:256:];/gt2r_land_ice_segments_delta_time[0:256:];/gt2l_land_ice_segments_latitude[0:256:];/gt2l_land_ice_segments_longitude[0:256:];/gt2l_land_ice_segments_delta_time[0:256:];/gt1r_land_ice_segments_latitude[0:256:];/gt1r_land_ice_segments_longitude[0:256:];/gt1r_land_ice_segments_delta_time[0:256:];/gt1l_land_ice_segments_latitude[0:256:];/gt1l_land_ice_segments_longitude[0:256:];/gt1l_land_ice_segments_delta_time[0:256:]"; transmitting
1692892854,187,timing,elapsed_us,110230,start_us,1692892854550024,stop_us,1692892854660254,-,DmrppArray::read_super_chunks_concurrent() -  name: gt1r_land_ice_segments_longitude
1692892854,187,timing,elapsed_us,125723,start_us,1692892854831013,stop_us,1692892854956736,-,DmrppArray::read_super_chunks_concurrent() -  name: gt2r_land_ice_segments_longitude
1692892854,187,timing,elapsed_us,170194,start_us,1692892854660547,stop_us,1692892854830741,-,DmrppArray::read_super_chunks_concurrent() -  name: gt1r_land_ice_segments_latitude
1692892854,187,timing,elapsed_us,2280772,start_us,1692892852191132,stop_us,1692892854471904,-,RemoteResource::get_url() - source url: https://data.nsidc.uat.earthdatacloud.nasa.gov/nsidc-cumulus-uat-protected/ATLAS/ATL06/005/2020/01/01/ATL06_20200101223747_00950603_005_01.h5.dmrpp
1692892854,187,timing,elapsed_us,67142,start_us,1692892854482395,stop_us,1692892854549537,-,DmrppArray::read_contiguous() -  name: orbit_info_rgt
1692892855,187,timing,elapsed_us,103265,start_us,1692892855263281,stop_us,1692892855366546,-,DmrppArray::read_super_chunks_concurrent() -  name: gt3r_land_ice_segments_longitude
1692892855,187,timing,elapsed_us,1172492,start_us,1692892854480990,stop_us,1692892855653482,-,BESDapResponseBuilder::serialize_dap4_data() - Timer
1692892855,187,timing,elapsed_us,1172860,start_us,1692892854480650,stop_us,1692892855653510,http-nio-8080-exec-5:33[bes_client:/-0],get dap for d1 return as dap2; transmitting
1692892855,187,timing,elapsed_us,169,start_us,1692892855654908,stop_us,1692892855655077,-,BESInterface::execute_request
1692892855,187,timing,elapsed_us,199,start_us,1692892855654904,stop_us,1692892855655103,-,BESServerHandler::execute
1692892855,187,timing,elapsed_us,20269,start_us,1692892855105019,stop_us,1692892855125288,-,DmrppArray::read_super_chunks_concurrent() -  name: gt3l_land_ice_segments_latitude
1692892855,187,timing,elapsed_us,25445,start_us,1692892855048634,stop_us,1692892855074079,-,DmrppArray::read_super_chunks_concurrent() -  name: gt1l_land_ice_segments_latitude
1692892855,187,timing,elapsed_us,25937,start_us,1692892855538156,stop_us,1692892855564093,-,DmrppArray::read_super_chunks_concurrent() -  name: gt3l_land_ice_segments_delta_time
1692892855,187,timing,elapsed_us,28299,start_us,1692892855464636,stop_us,1692892855492935,-,DmrppArray::read_super_chunks_concurrent() -  name: gt2l_land_ice_segments_delta_time
1692892855,187,timing,elapsed_us,29327,start_us,1692892855401254,stop_us,1692892855430581,-,DmrppArray::read_super_chunks_concurrent() -  name: gt1l_land_ice_segments_delta_time
1692892855,187,timing,elapsed_us,30414,start_us,1692892855074322,stop_us,1692892855104736,-,DmrppArray::read_super_chunks_concurrent() -  name: gt3l_land_ice_segments_longitude
1692892855,187,timing,elapsed_us,30797,start_us,1692892855017537,stop_us,1692892855048334,-,DmrppArray::read_super_chunks_concurrent() -  name: gt1l_land_ice_segments_longitude
1692892855,187,timing,elapsed_us,33459,start_us,1692892855430872,stop_us,1692892855464331,-,DmrppArray::read_super_chunks_concurrent() -  name: gt1r_land_ice_segments_delta_time
1692892855,187,timing,elapsed_us,34176,start_us,1692892855366791,stop_us,1692892855400967,-,DmrppArray::read_super_chunks_concurrent() -  name: gt3r_land_ice_segments_latitude
1692892855,187,timing,elapsed_us,3692767,start_us,1692892851960759,stop_us,1692892855653526,-,BESInterface::execute_request
1692892855,187,timing,elapsed_us,3694138,start_us,1692892851960733,stop_us,1692892855654871,-,BESServerHandler::execute
1692892855,187,timing,elapsed_us,38072,start_us,1692892855615145,stop_us,1692892855653217,-,DmrppArray::read_contiguous() -  name: orbit_info_crossing_time
1692892855,187,timing,elapsed_us,44559,start_us,1692892855493174,stop_us,1692892855537733,-,DmrppArray::read_super_chunks_concurrent() -  name: gt2r_land_ice_segments_delta_time
1692892855,187,timing,elapsed_us,50635,start_us,1692892855564396,stop_us,1692892855615031,-,DmrppArray::read_super_chunks_concurrent() -  name: gt3r_land_ice_segments_delta_time
1692892855,187,timing,elapsed_us,52620,start_us,1692892855210352,stop_us,1692892855262972,-,DmrppArray::read_super_chunks_concurrent() -  name: gt2l_land_ice_segments_latitude
1692892855,187,timing,elapsed_us,60232,start_us,1692892854957011,stop_us,1692892855017243,-,DmrppArray::read_super_chunks_concurrent() -  name: gt2r_land_ice_segments_latitude
1692892855,187,timing,elapsed_us,8,start_us,1692892855655056,stop_us,1692892855655064,client: /-0:55,show status; transmitting
1692892855,187,timing,elapsed_us,84506,start_us,1692892855125555,stop_us,1692892855210061,-,DmrppArray::read_super_chunks_concurrent() -  name: gt2l_land_ice_segments_longitude
1692892880,187,timing,elapsed_us,10,start_us,1692892880681857,stop_us,1692892880681867,http-nio-8080-exec-10:38[bes_client:/-0],define d1 in default as ngapContainer with ngapContainer.dap4constraint="/orbit_info_rgt;/orbit_info_crossing_time;/gt3r_sea_ice_segments_latitude[0:1024:];/gt3r_sea_ice_segments_longitude[0:1024:];/gt3r_sea_ice_segments_delta_time[0:1024:];/gt3l_sea_ice_segments_latitude[0:1024:];/gt3l_sea_ice_segments_longitude[0:1024:];/gt3l_sea_ice_segments_delta_time[0:1024:];/gt2r_sea_ice_segments_latitude[0:1024:];/gt2r_sea_ice_segments_longitude[0:1024:];/gt2r_sea_ice_segments_delta_time[0:1024:];/gt2l_sea_ice_segments_latitude[0:1024:];/gt2l_sea_ice_segments_longitude[0:1024:];/gt2l_sea_ice_segments_delta_time[0:1024:];/gt1r_sea_ice_segments_latitude[0:1024:];/gt1r_sea_ice_segments_longitude[0:1024:];/gt1r_sea_ice_segments_delta_time[0:1024:];/gt1l_sea_ice_segments_latitude[0:1024:];/gt1l_sea_ice_segments_longitude[0:1024:];/gt1l_sea_ice_segments_delta_time[0:1024:]"; transmitting
1692892880,187,timing,elapsed_us,243766,start_us,1692892880437426,stop_us,1692892880681192,-,RemoteResource::get_url() - source url: https://cmr.uat.earthdata.nasa.gov/search/granules.umm_json_v1_4?collection_concept_id=C1241426887-NSIDC_CUAT&granule_ur=ATL07-01_20200101015629_00820601_005_01.h5
1692892880,187,timing,elapsed_us,7,start_us,1692892880681665,stop_us,1692892880681672,http-nio-8080-exec-10:38[bes_client:/-0],set container in ngap values ngapContainer,collections/C1241426887-NSIDC_CUAT/granules/ATL07-01_20200101015629_00820601_005_01.h5; transmitting
1692892883,187,timing,elapsed_us,2348507,start_us,1692892880682746,stop_us,1692892883031253,-,RemoteResource::get_url() - source url: https://data.nsidc.uat.earthdatacloud.nasa.gov/nsidc-cumulus-uat-protected/ATLAS/ATL07/005/2020/01/01/ATL07-01_20200101015629_00820601_005_01.h5.dmrpp
1692892885,187,timing,elapsed_us,182510,start_us,1692892885735686,stop_us,1692892885918196,-,DmrppArray::read_super_chunks_concurrent() -  name: gt1r_sea_ice_segments_latitude
1692892885,187,timing,elapsed_us,2350392,start_us,1692892883047112,stop_us,1692892885397504,-,CurlUtils::retrieve_effective_url() -  Following Redirects Starting With: https://data.nsidc.uat.earthdatacloud.nasa.gov/nsidc-cumulus-uat-protected/ATLAS/ATL07/005/2020/01/01/ATL07-01_20200101015629_00820601_005_01.h5
1692892885,187,timing,elapsed_us,2422095,start_us,1692892883047066,stop_us,1692892885469161,-,DmrppArray::read_contiguous() -  name: orbit_info_rgt
1692892885,187,timing,elapsed_us,263757,start_us,1692892885470699,stop_us,1692892885734456,-,DmrppArray::read_super_chunks_concurrent() -  name: gt1r_sea_ice_segments_longitude
1692892886,187,timing,elapsed_us,116129,start_us,1692892886760244,stop_us,1692892886876373,-,DmrppArray::read_super_chunks_concurrent() -  name: gt3l_sea_ice_segments_latitude
1692892886,187,timing,elapsed_us,125272,start_us,1692892886633812,stop_us,1692892886759084,-,DmrppArray::read_super_chunks_concurrent() -  name: gt3l_sea_ice_segments_longitude
1692892886,187,timing,elapsed_us,129387,start_us,1692892886058034,stop_us,1692892886187421,-,DmrppArray::read_super_chunks_concurrent() -  name: gt2r_sea_ice_segments_latitude
1692892886,187,timing,elapsed_us,137701,start_us,1692892885919272,stop_us,1692892886056973,-,DmrppArray::read_super_chunks_concurrent() -  name: gt2r_sea_ice_segments_longitude
1692892886,187,timing,elapsed_us,345602,start_us,1692892886188740,stop_us,1692892886534342,-,DmrppArray::read_super_chunks_concurrent() -  name: gt1l_sea_ice_segments_longitude
1692892886,187,timing,elapsed_us,94437,start_us,1692892886877382,stop_us,1692892886971819,-,DmrppArray::read_super_chunks_concurrent() -  name: gt2l_sea_ice_segments_longitude
1692892886,187,timing,elapsed_us,97258,start_us,1692892886535505,stop_us,1692892886632763,-,DmrppArray::read_super_chunks_concurrent() -  name: gt1l_sea_ice_segments_latitude
1692892887,187,timing,elapsed_us,129838,start_us,1692892887711737,stop_us,1692892887841575,-,DmrppArray::read_super_chunks_concurrent() -  name: gt3r_sea_ice_segments_delta_time
1692892887,187,timing,elapsed_us,155198,start_us,1692892887185218,stop_us,1692892887340416,-,DmrppArray::read_super_chunks_concurrent() -  name: gt1l_sea_ice_segments_delta_time
1692892887,187,timing,elapsed_us,157756,start_us,1692892887341496,stop_us,1692892887499252,-,DmrppArray::read_super_chunks_concurrent() -  name: gt1r_sea_ice_segments_delta_time
1692892887,187,timing,elapsed_us,37646,start_us,1692892886972728,stop_us,1692892887010374,-,DmrppArray::read_super_chunks_concurrent() -  name: gt2l_sea_ice_segments_latitude
1692892887,187,timing,elapsed_us,4851858,start_us,1692892883045789,stop_us,1692892887897647,-,BESDapResponseBuilder::serialize_dap4_data() - Timer
1692892887,187,timing,elapsed_us,4852248,start_us,1692892883045430,stop_us,1692892887897678,http-nio-8080-exec-10:38[bes_client:/-0],get dap for d1 return as dap2; transmitting
1692892887,187,timing,elapsed_us,541,start_us,1692892887898980,stop_us,1692892887899521,-,BESInterface::execute_request
1692892887,187,timing,elapsed_us,55153,start_us,1692892887500302,stop_us,1692892887555455,-,DmrppArray::read_super_chunks_concurrent() -  name: gt2l_sea_ice_segments_delta_time
1692892887,187,timing,elapsed_us,55663,start_us,1692892887841718,stop_us,1692892887897381,-,DmrppArray::read_contiguous() -  name: orbit_info_crossing_time
1692892887,187,timing,elapsed_us,568,start_us,1692892887898976,stop_us,1692892887899544,-,BESServerHandler::execute
1692892887,187,timing,elapsed_us,6,start_us,1692892887899507,stop_us,1692892887899513,client: /-0:57,show status; transmitting
1692892887,187,timing,elapsed_us,73930,start_us,1692892887636361,stop_us,1692892887710291,-,DmrppArray::read_super_chunks_concurrent() -  name: gt3l_sea_ice_segments_delta_time
1692892887,187,timing,elapsed_us,7464949,start_us,1692892880432748,stop_us,1692892887897697,-,BESInterface::execute_request
1692892887,187,timing,elapsed_us,7466235,start_us,1692892880432722,stop_us,1692892887898957,-,BESServerHandler::execute
1692892887,187,timing,elapsed_us,78639,start_us,1692892887556500,stop_us,1692892887635139,-,DmrppArray::read_super_chunks_concurrent() -  name: gt2r_sea_ice_segments_delta_time
1692892887,187,timing,elapsed_us,85688,start_us,1692892887011543,stop_us,1692892887097231,-,DmrppArray::read_super_chunks_concurrent() -  name: gt3r_sea_ice_segments_longitude
1692892887,187,timing,elapsed_us,85709,start_us,1692892887098282,stop_us,1692892887183991,-,DmrppArray::read_super_chunks_concurrent() -  name: gt3r_sea_ice_segments_latitude
1692892976,187,timing,elapsed_us,10,start_us,1692892976624632,stop_us,1692892976624642,http-nio-8080-exec-4:32[bes_client:/-0],define d1 in default as ngapContainer with ngapContainer.dap4constraint="/orbit_info_rgt;/orbit_info_crossing_time;/gt3r_sea_ice_segments_latitude[0:1024:];/gt3r_sea_ice_segments_longitude[0:1024:];/gt3r_sea_ice_segments_delta_time[0:1024:];/gt3l_sea_ice_segments_latitude[0:1024:];/gt3l_sea_ice_segments_longitude[0:1024:];/gt3l_sea_ice_segments_delta_time[0:1024:];/gt2r_sea_ice_segments_latitude[0:1024:];/gt2r_sea_ice_segments_longitude[0:1024:];/gt2r_sea_ice_segments_delta_time[0:1024:];/gt2l_sea_ice_segments_latitude[0:1024:];/gt2l_sea_ice_segments_longitude[0:1024:];/gt2l_sea_ice_segments_delta_time[0:1024:];/gt1r_sea_ice_segments_latitude[0:1024:];/gt1r_sea_ice_segments_longitude[0:1024:];/gt1r_sea_ice_segments_delta_time[0:1024:];/gt1l_sea_ice_segments_latitude[0:1024:];/gt1l_sea_ice_segments_longitude[0:1024:];/gt1l_sea_ice_segments_delta_time[0:1024:]"; transmitting
1692892976,187,timing,elapsed_us,234872,start_us,1692892976388928,stop_us,1692892976623800,-,RemoteResource::get_url() - source url: https://cmr.uat.earthdata.nasa.gov/search/granules.umm_json_v1_4?collection_concept_id=C1241426887-NSIDC_CUAT&granule_ur=ATL07-01_20200101015629_00820601_005_01.h5
1692892976,187,timing,elapsed_us,7,start_us,1692892976624249,stop_us,1692892976624256,http-nio-8080-exec-4:32[bes_client:/-0],set container in ngap values ngapContainer,collections/C1241426887-NSIDC_CUAT/granules/ATL07-01_20200101015629_00820601_005_01.h5; transmitting
1692892978,187,timing,elapsed_us,2336032,start_us,1692892976625526,stop_us,1692892978961558,-,RemoteResource::get_url() - source url: https://data.nsidc.uat.earthdatacloud.nasa.gov/nsidc-cumulus-uat-protected/ATLAS/ATL07/005/2020/01/01/ATL07-01_20200101015629_00820601_005_01.h5.dmrpp
1692892979,187,timing,elapsed_us,101653,start_us,1692892979060021,stop_us,1692892979161674,-,DmrppArray::read_super_chunks_concurrent() -  name: gt1r_sea_ice_segments_longitude
1692892979,187,timing,elapsed_us,111701,start_us,1692892979707991,stop_us,1692892979819692,-,DmrppArray::read_super_chunks_concurrent() -  name: gt3l_sea_ice_segments_latitude
1692892979,187,timing,elapsed_us,120888,start_us,1692892979162916,stop_us,1692892979283804,-,DmrppArray::read_super_chunks_concurrent() -  name: gt1r_sea_ice_segments_latitude
1692892979,187,timing,elapsed_us,140592,start_us,1692892979566314,stop_us,1692892979706906,-,DmrppArray::read_super_chunks_concurrent() -  name: gt3l_sea_ice_segments_longitude
1692892979,187,timing,elapsed_us,57370,start_us,1692892979507911,stop_us,1692892979565281,-,DmrppArray::read_super_chunks_concurrent() -  name: gt1l_sea_ice_segments_latitude
1692892979,187,timing,elapsed_us,59409,start_us,1692892979820700,stop_us,1692892979880109,-,DmrppArray::read_super_chunks_concurrent() -  name: gt2l_sea_ice_segments_longitude
1692892979,187,timing,elapsed_us,62386,start_us,1692892979880955,stop_us,1692892979943341,-,DmrppArray::read_super_chunks_concurrent() -  name: gt2l_sea_ice_segments_latitude
1692892979,187,timing,elapsed_us,68154,start_us,1692892979438633,stop_us,1692892979506787,-,DmrppArray::read_super_chunks_concurrent() -  name: gt1l_sea_ice_segments_longitude
1692892979,187,timing,elapsed_us,74809,start_us,1692892979362650,stop_us,1692892979437459,-,DmrppArray::read_super_chunks_concurrent() -  name: gt2r_sea_ice_segments_latitude
1692892979,187,timing,elapsed_us,76766,start_us,1692892979284859,stop_us,1692892979361625,-,DmrppArray::read_super_chunks_concurrent() -  name: gt2r_sea_ice_segments_longitude
1692892979,187,timing,elapsed_us,78786,start_us,1692892978979685,stop_us,1692892979058471,-,DmrppArray::read_contiguous() -  name: orbit_info_rgt
1692892980,187,timing,elapsed_us,100697,start_us,1692892980607864,stop_us,1692892980708561,-,DmrppArray::read_super_chunks_concurrent() -  name: gt3l_sea_ice_segments_delta_time
1692892980,187,timing,elapsed_us,105426,start_us,1692892980455989,stop_us,1692892980561415,-,DmrppArray::read_super_chunks_concurrent() -  name: gt2l_sea_ice_segments_delta_time
1692892980,187,timing,elapsed_us,116374,start_us,1692892980278843,stop_us,1692892980395217,-,DmrppArray::read_super_chunks_concurrent() -  name: gt1l_sea_ice_segments_delta_time
1692892980,187,timing,elapsed_us,158,start_us,1692892980797761,stop_us,1692892980797919,-,BESInterface::execute_request
1692892980,187,timing,elapsed_us,1817603,start_us,1692892978978405,stop_us,1692892980796008,-,BESDapResponseBuilder::serialize_dap4_data() - Timer
1692892980,187,timing,elapsed_us,1818001,start_us,1692892978978037,stop_us,1692892980796038,http-nio-8080-exec-4:32[bes_client:/-0],get dap for d1 return as dap2; transmitting
1692892980,187,timing,elapsed_us,186,start_us,1692892980797757,stop_us,1692892980797943,-,BESServerHandler::execute
1692892980,187,timing,elapsed_us,236533,start_us,1692892980041163,stop_us,1692892980277696,-,DmrppArray::read_super_chunks_concurrent() -  name: gt3r_sea_ice_segments_latitude
1692892980,187,timing,elapsed_us,25934,start_us,1692892980769813,stop_us,1692892980795747,-,DmrppArray::read_contiguous() -  name: orbit_info_crossing_time
1692892980,187,timing,elapsed_us,4411361,start_us,1692892976384695,stop_us,1692892980796056,-,BESInterface::execute_request
1692892980,187,timing,elapsed_us,4413065,start_us,1692892976384669,stop_us,1692892980797734,-,BESServerHandler::execute
1692892980,187,timing,elapsed_us,44335,start_us,1692892980562331,stop_us,1692892980606666,-,DmrppArray::read_super_chunks_concurrent() -  name: gt2r_sea_ice_segments_delta_time
1692892980,187,timing,elapsed_us,58703,start_us,1692892980396300,stop_us,1692892980455003,-,DmrppArray::read_super_chunks_concurrent() -  name: gt1r_sea_ice_segments_delta_time
1692892980,187,timing,elapsed_us,6,start_us,1692892980797906,stop_us,1692892980797912,client: /-0:59,show status; transmitting
1692892980,187,timing,elapsed_us,60035,start_us,1692892980709645,stop_us,1692892980769680,-,DmrppArray::read_super_chunks_concurrent() -  name: gt3r_sea_ice_segments_delta_time
1692892980,187,timing,elapsed_us,95533,start_us,1692892979944570,stop_us,1692892980040103,-,DmrppArray::read_super_chunks_concurrent() -  name: gt3r_sea_ice_segments_longitude
1692893013,187,timing,elapsed_us,205361,start_us,1692893013757676,stop_us,1692893013963037,-,RemoteResource::get_url() - source url: https://cmr.uat.earthdata.nasa.gov/search/granules.umm_json_v1_4?collection_concept_id=C1241426907-NSIDC_CUAT&granule_ur=ATL08_20200101145654_00900605_005_01.h5
1692893013,187,timing,elapsed_us,5,start_us,1692893013963780,stop_us,1692893013963785,http-nio-8080-exec-6:34[bes_client:/-0],define d1 in default as ngapContainer with ngapContainer.dap4constraint="/orbit_info_rgt;/orbit_info_crossing_time;/gt3r_land_segments_latitude[0:64:];/gt3r_land_segments_longitude[0:64:];/gt3r_land_segments_delta_time[0:64:];/gt3l_land_segments_latitude[0:64:];/gt3l_land_segments_longitude[0:64:];/gt3l_land_segments_delta_time[0:64:];/gt2r_land_segments_latitude[0:64:];/gt2r_land_segments_longitude[0:64:];/gt2r_land_segments_delta_time[0:64:];/gt2l_land_segments_latitude[0:64:];/gt2l_land_segments_longitude[0:64:];/gt2l_land_segments_delta_time[0:64:];/gt1r_land_segments_latitude[0:64:];/gt1r_land_segments_longitude[0:64:];/gt1r_land_segments_delta_time[0:64:];/gt1l_land_segments_latitude[0:64:];/gt1l_land_segments_longitude[0:64:];/gt1l_land_segments_delta_time[0:64:]"; transmitting
1692893013,187,timing,elapsed_us,7,start_us,1692893013963442,stop_us,1692893013963449,http-nio-8080-exec-6:34[bes_client:/-0],set container in ngap values ngapContainer,collections/C1241426907-NSIDC_CUAT/granules/ATL08_20200101145654_00900605_005_01.h5; transmitting
1692893016,187,timing,elapsed_us,14,start_us,1692893016906040,stop_us,1692893016906054,client: /-0:61,show status; transmitting
1692893016,187,timing,elapsed_us,150588,start_us,1692893016290463,stop_us,1692893016441051,-,DmrppArray::read_contiguous() -  name: gt1l_land_segments_delta_time
1692893016,187,timing,elapsed_us,15559,start_us,1692893016889053,stop_us,1692893016904612,-,DmrppArray::read_contiguous() -  name: gt3r_land_segments_latitude
1692893016,187,timing,elapsed_us,159,start_us,1692893016905903,stop_us,1692893016906062,-,BESInterface::execute_request
1692893016,187,timing,elapsed_us,16608,start_us,1692893016603934,stop_us,1692893016620542,-,DmrppArray::read_contiguous() -  name: orbit_info_crossing_time
1692893016,187,timing,elapsed_us,16654,start_us,1692893016656901,stop_us,1692893016673555,-,DmrppArray::read_contiguous() -  name: gt1r_land_segments_latitude
1692893016,187,timing,elapsed_us,16862,start_us,1692893016698140,stop_us,1692893016715002,-,DmrppArray::read_contiguous() -  name: gt2r_land_segments_latitude
1692893016,187,timing,elapsed_us,17118,start_us,1692893016715084,stop_us,1692893016732202,-,DmrppArray::read_contiguous() -  name: gt1l_land_segments_longitude
1692893016,187,timing,elapsed_us,17474,start_us,1692893016871486,stop_us,1692893016888960,-,DmrppArray::read_contiguous() -  name: gt3r_land_segments_longitude
1692893016,187,timing,elapsed_us,17600,start_us,1692893016639218,stop_us,1692893016656818,-,DmrppArray::read_contiguous() -  name: gt1r_land_segments_longitude
1692893016,187,timing,elapsed_us,18020,start_us,1692893016519313,stop_us,1692893016537333,-,DmrppArray::read_contiguous() -  name: gt2r_land_segments_delta_time
1692893016,187,timing,elapsed_us,18368,start_us,1692893016620707,stop_us,1692893016639075,-,DmrppArray::read_contiguous() -  name: orbit_info_rgt
1692893016,187,timing,elapsed_us,18693,start_us,1692893016732309,stop_us,1692893016751002,-,DmrppArray::read_contiguous() -  name: gt1l_land_segments_latitude
1692893016,187,timing,elapsed_us,18704,start_us,1692893016537419,stop_us,1692893016556123,-,DmrppArray::read_contiguous() -  name: gt3l_land_segments_delta_time
1692893016,187,timing,elapsed_us,198,start_us,1692893016905899,stop_us,1692893016906097,-,BESServerHandler::execute
1692893016,187,timing,elapsed_us,22123,start_us,1692893016497114,stop_us,1692893016519237,-,DmrppArray::read_contiguous() -  name: gt2l_land_segments_delta_time
1692893016,187,timing,elapsed_us,2305509,start_us,1692893013964679,stop_us,1692893016270188,-,RemoteResource::get_url() - source url: https://data.nsidc.uat.earthdatacloud.nasa.gov/nsidc-cumulus-uat-protected/ATLAS/ATL08/005/2020/01/01/ATL08_20200101145654_00900605_005_01.h5.dmrpp
1692893016,187,timing,elapsed_us,24358,start_us,1692893016673700,stop_us,1692893016698058,-,DmrppArray::read_contiguous() -  name: gt2r_land_segments_longitude
1692893016,187,timing,elapsed_us,24638,start_us,1692893016846674,stop_us,1692893016871312,-,DmrppArray::read_contiguous() -  name: gt2l_land_segments_latitude
1692893016,187,timing,elapsed_us,25302,start_us,1692893016785116,stop_us,1692893016810418,-,DmrppArray::read_contiguous() -  name: gt3l_land_segments_latitude
1692893016,187,timing,elapsed_us,3151972,start_us,1692893013752763,stop_us,1692893016904735,-,BESInterface::execute_request
1692893016,187,timing,elapsed_us,3153147,start_us,1692893013752727,stop_us,1692893016905874,-,BESServerHandler::execute
1692893016,187,timing,elapsed_us,33967,start_us,1692893016751067,stop_us,1692893016785034,-,DmrppArray::read_contiguous() -  name: gt3l_land_segments_longitude
1692893016,187,timing,elapsed_us,36009,start_us,1692893016810495,stop_us,1692893016846504,-,DmrppArray::read_contiguous() -  name: gt2l_land_segments_longitude
1692893016,187,timing,elapsed_us,47641,start_us,1692893016556210,stop_us,1692893016603851,-,DmrppArray::read_contiguous() -  name: gt3r_land_segments_delta_time
1692893016,187,timing,elapsed_us,55887,start_us,1692893016441149,stop_us,1692893016497036,-,DmrppArray::read_contiguous() -  name: gt1r_land_segments_delta_time
1692893016,187,timing,elapsed_us,615554,start_us,1692893016289162,stop_us,1692893016904716,-,BESDapResponseBuilder::serialize_dap4_data() - Timer
1692893016,187,timing,elapsed_us,615814,start_us,1692893016288913,stop_us,1692893016904727,http-nio-8080-exec-6:34[bes_client:/-0],get dap for d1 return as dap2; transmitting
1692893028,187,timing,elapsed_us,199950,start_us,1692893028297844,stop_us,1692893028497794,-,RemoteResource::get_url() - source url: https://cmr.uat.earthdata.nasa.gov/search/granules.umm_json_v1_4?collection_concept_id=C1241426907-NSIDC_CUAT&granule_ur=ATL08_20200101145654_00900605_005_01.h5
1692893028,187,timing,elapsed_us,6,start_us,1692893028498546,stop_us,1692893028498552,http-nio-8080-exec-6:34[bes_client:/-0],define d1 in default as ngapContainer with ngapContainer.dap4constraint="/orbit_info_rgt;/orbit_info_crossing_time;/gt3r_land_segments_latitude[0:64:];/gt3r_land_segments_longitude[0:64:];/gt3r_land_segments_delta_time[0:64:];/gt3l_land_segments_latitude[0:64:];/gt3l_land_segments_longitude[0:64:];/gt3l_land_segments_delta_time[0:64:];/gt2r_land_segments_latitude[0:64:];/gt2r_land_segments_longitude[0:64:];/gt2r_land_segments_delta_time[0:64:];/gt2l_land_segments_latitude[0:64:];/gt2l_land_segments_longitude[0:64:];/gt2l_land_segments_delta_time[0:64:];/gt1r_land_segments_latitude[0:64:];/gt1r_land_segments_longitude[0:64:];/gt1r_land_segments_delta_time[0:64:];/gt1l_land_segments_latitude[0:64:];/gt1l_land_segments_longitude[0:64:];/gt1l_land_segments_delta_time[0:64:]"; transmitting
1692893028,187,timing,elapsed_us,7,start_us,1692893028498208,stop_us,1692893028498215,http-nio-8080-exec-6:34[bes_client:/-0],set container in ngap values ngapContainer,collections/C1241426907-NSIDC_CUAT/granules/ATL08_20200101145654_00900605_005_01.h5; transmitting
1692893030,187,timing,elapsed_us,18644,start_us,1692893030985500,stop_us,1692893031004144,-,DmrppArray::read_contiguous() -  name: gt2r_land_segments_delta_time
1692893030,187,timing,elapsed_us,18676,start_us,1692893030966742,stop_us,1692893030985418,-,DmrppArray::read_contiguous() -  name: gt2l_land_segments_delta_time
1692893030,187,timing,elapsed_us,2300769,start_us,1692893028499415,stop_us,1692893030800184,-,RemoteResource::get_url() - source url: https://data.nsidc.uat.earthdatacloud.nasa.gov/nsidc-cumulus-uat-protected/ATLAS/ATL08/005/2020/01/01/ATL08_20200101145654_00900605_005_01.h5.dmrpp
1692893030,187,timing,elapsed_us,53147,start_us,1692893030913520,stop_us,1692893030966667,-,DmrppArray::read_contiguous() -  name: gt1r_land_segments_delta_time
1692893030,187,timing,elapsed_us,93083,start_us,1692893030820247,stop_us,1692893030913330,-,DmrppArray::read_contiguous() -  name: gt1l_land_segments_delta_time
1692893031,187,timing,elapsed_us,15994,start_us,1692893031051563,stop_us,1692893031067557,-,DmrppArray::read_contiguous() -  name: orbit_info_crossing_time
1692893031,187,timing,elapsed_us,16441,start_us,1692893031174766,stop_us,1692893031191207,-,DmrppArray::read_contiguous() -  name: gt1l_land_segments_latitude
1692893031,187,timing,elapsed_us,16935,start_us,1692893031086703,stop_us,1692893031103638,-,DmrppArray::read_contiguous() -  name: gt1r_land_segments_longitude
1692893031,187,timing,elapsed_us,16938,start_us,1692893031191271,stop_us,1692893031208209,-,DmrppArray::read_contiguous() -  name: gt3l_land_segments_longitude
1692893031,187,timing,elapsed_us,17064,start_us,1692893031157598,stop_us,1692893031174662,-,DmrppArray::read_contiguous() -  name: gt1l_land_segments_longitude
1692893031,187,timing,elapsed_us,17204,start_us,1692893031226651,stop_us,1692893031243855,-,DmrppArray::read_contiguous() -  name: gt2l_land_segments_longitude
1692893031,187,timing,elapsed_us,174,start_us,1692893031299591,stop_us,1692893031299765,-,BESInterface::execute_request
1692893031,187,timing,elapsed_us,17655,start_us,1692893031262036,stop_us,1692893031279691,-,DmrppArray::read_contiguous() -  name: gt3r_land_segments_longitude
1692893031,187,timing,elapsed_us,17732,start_us,1692893031139787,stop_us,1692893031157519,-,DmrppArray::read_contiguous() -  name: gt2r_land_segments_latitude
1692893031,187,timing,elapsed_us,17862,start_us,1692893031103745,stop_us,1692893031121607,-,DmrppArray::read_contiguous() -  name: gt1r_land_segments_latitude
1692893031,187,timing,elapsed_us,17933,start_us,1692893031243942,stop_us,1692893031261875,-,DmrppArray::read_contiguous() -  name: gt2l_land_segments_latitude
1692893031,187,timing,elapsed_us,18008,start_us,1692893031121678,stop_us,1692893031139686,-,DmrppArray::read_contiguous() -  name: gt2r_land_segments_longitude
1692893031,187,timing,elapsed_us,18209,start_us,1692893031208371,stop_us,1692893031226580,-,DmrppArray::read_contiguous() -  name: gt3l_land_segments_latitude
1692893031,187,timing,elapsed_us,18472,start_us,1692893031279807,stop_us,1692893031298279,-,DmrppArray::read_contiguous() -  name: gt3r_land_segments_latitude
1692893031,187,timing,elapsed_us,18825,start_us,1692893031067728,stop_us,1692893031086553,-,DmrppArray::read_contiguous() -  name: orbit_info_rgt
1692893031,187,timing,elapsed_us,201,start_us,1692893031299587,stop_us,1692893031299788,-,BESServerHandler::execute
1692893031,187,timing,elapsed_us,20262,start_us,1692893031031222,stop_us,1692893031051484,-,DmrppArray::read_contiguous() -  name: gt3r_land_segments_delta_time
1692893031,187,timing,elapsed_us,26754,start_us,1692893031004304,stop_us,1692893031031058,-,DmrppArray::read_contiguous() -  name: gt3l_land_segments_delta_time
1692893031,187,timing,elapsed_us,3005797,start_us,1692893028292737,stop_us,1692893031298534,-,BESInterface::execute_request
1692893031,187,timing,elapsed_us,3006857,start_us,1692893028292711,stop_us,1692893031299568,-,BESServerHandler::execute
1692893031,187,timing,elapsed_us,479511,start_us,1692893030818981,stop_us,1692893031298492,-,BESDapResponseBuilder::serialize_dap4_data() - Timer
1692893031,187,timing,elapsed_us,479786,start_us,1692893030818733,stop_us,1692893031298519,http-nio-8080-exec-6:34[bes_client:/-0],get dap for d1 return as dap2; transmitting
1692893031,187,timing,elapsed_us,7,start_us,1692893031299749,stop_us,1692893031299756,client: /-0:63,show status; transmitting
1692893054,187,timing,elapsed_us,322603,start_us,1692893053709075,stop_us,1692893054031678,-,RemoteResource::get_url() - source url: https://cmr.uat.earthdata.nasa.gov/search/granules.umm_json_v1_4?collection_concept_id=C1241426907-NSIDC_CUAT&granule_ur=ATL08_20200101145654_00900605_005_01.h5
1692893054,187,timing,elapsed_us,5,start_us,1692893054032427,stop_us,1692893054032432,http-nio-8080-exec-7:35[bes_client:/-0],define d1 in default as ngapContainer with ngapContainer.dap4constraint="/orbit_info_rgt;/orbit_info_crossing_time;/gt3r_land_segments_latitude[0:64:];/gt3r_land_segments_longitude[0:64:];/gt3r_land_segments_delta_time[0:64:];/gt3l_land_segments_latitude[0:64:];/gt3l_land_segments_longitude[0:64:];/gt3l_land_segments_delta_time[0:64:];/gt2r_land_segments_latitude[0:64:];/gt2r_land_segments_longitude[0:64:];/gt2r_land_segments_delta_time[0:64:];/gt2l_land_segments_latitude[0:64:];/gt2l_land_segments_longitude[0:64:];/gt2l_land_segments_delta_time[0:64:];/gt1r_land_segments_latitude[0:64:];/gt1r_land_segments_longitude[0:64:];/gt1r_land_segments_delta_time[0:64:];/gt1l_land_segments_latitude[0:64:];/gt1l_land_segments_longitude[0:64:];/gt1l_land_segments_delta_time[0:64:]"; transmitting
1692893054,187,timing,elapsed_us,7,start_us,1692893054032074,stop_us,1692893054032081,http-nio-8080-exec-7:35[bes_client:/-0],set container in ngap values ngapContainer,collections/C1241426907-NSIDC_CUAT/granules/ATL08_20200101145654_00900605_005_01.h5; transmitting
1692893056,187,timing,elapsed_us,101611,start_us,1692893056414375,stop_us,1692893056515986,-,DmrppArray::read_contiguous() -  name: gt1l_land_segments_delta_time
1692893056,187,timing,elapsed_us,14832,start_us,1692893056970433,stop_us,1692893056985265,-,DmrppArray::read_contiguous() -  name: gt3r_land_segments_latitude
1692893056,187,timing,elapsed_us,14954,start_us,1692893056851502,stop_us,1692893056866456,-,DmrppArray::read_contiguous() -  name: gt1l_land_segments_longitude
1692893056,187,timing,elapsed_us,15049,start_us,1692893056905245,stop_us,1692893056920294,-,DmrppArray::read_contiguous() -  name: gt3l_land_segments_latitude
1692893056,187,timing,elapsed_us,152,start_us,1692893056986517,stop_us,1692893056986669,-,BESInterface::execute_request
1692893056,187,timing,elapsed_us,15243,start_us,1692893056802877,stop_us,1692893056818120,-,DmrppArray::read_contiguous() -  name: gt1r_land_segments_latitude
1692893056,187,timing,elapsed_us,15334,start_us,1692893056889749,stop_us,1692893056905083,-,DmrppArray::read_contiguous() -  name: gt3l_land_segments_longitude
1692893056,187,timing,elapsed_us,15680,start_us,1692893056818285,stop_us,1692893056833965,-,DmrppArray::read_contiguous() -  name: gt2r_land_segments_longitude
1692893056,187,timing,elapsed_us,16012,start_us,1692893056920439,stop_us,1692893056936451,-,DmrppArray::read_contiguous() -  name: gt2l_land_segments_longitude
1692893056,187,timing,elapsed_us,16256,start_us,1692893056936522,stop_us,1692893056952778,-,DmrppArray::read_contiguous() -  name: gt2l_land_segments_latitude
1692893056,187,timing,elapsed_us,16736,start_us,1692893056786009,stop_us,1692893056802745,-,DmrppArray::read_contiguous() -  name: gt1r_land_segments_longitude
1692893056,187,timing,elapsed_us,17263,start_us,1692893056834091,stop_us,1692893056851354,-,DmrppArray::read_contiguous() -  name: gt2r_land_segments_latitude
1692893056,187,timing,elapsed_us,17406,start_us,1692893056952889,stop_us,1692893056970295,-,DmrppArray::read_contiguous() -  name: gt3r_land_segments_longitude
1692893056,187,timing,elapsed_us,17848,start_us,1692893056717507,stop_us,1692893056735355,-,DmrppArray::read_contiguous() -  name: orbit_info_crossing_time
1692893056,187,timing,elapsed_us,180,start_us,1692893056986513,stop_us,1692893056986693,-,BESServerHandler::execute
1692893056,187,timing,elapsed_us,23138,start_us,1692893056866531,stop_us,1692893056889669,-,DmrppArray::read_contiguous() -  name: gt1l_land_segments_latitude
1692893056,187,timing,elapsed_us,2360934,start_us,1692893054033285,stop_us,1692893056394219,-,RemoteResource::get_url() - source url: https://data.nsidc.uat.earthdatacloud.nasa.gov/nsidc-cumulus-uat-protected/ATLAS/ATL08/005/2020/01/01/ATL08_20200101145654_00900605_005_01.h5.dmrpp
1692893056,187,timing,elapsed_us,26265,start_us,1692893056664607,stop_us,1692893056690872,-,DmrppArray::read_contiguous() -  name: gt3l_land_segments_delta_time
1692893056,187,timing,elapsed_us,26356,start_us,1692893056691040,stop_us,1692893056717396,-,DmrppArray::read_contiguous() -  name: gt3r_land_segments_delta_time
1692893056,187,timing,elapsed_us,3280627,start_us,1692893053704763,stop_us,1692893056985390,-,BESInterface::execute_request
1692893056,187,timing,elapsed_us,3281766,start_us,1692893053704725,stop_us,1692893056986491,-,BESServerHandler::execute
1692893056,187,timing,elapsed_us,39830,start_us,1692893056624689,stop_us,1692893056664519,-,DmrppArray::read_contiguous() -  name: gt2r_land_segments_delta_time
1692893056,187,timing,elapsed_us,50329,start_us,1692893056735507,stop_us,1692893056785836,-,DmrppArray::read_contiguous() -  name: orbit_info_rgt
1692893056,187,timing,elapsed_us,54147,start_us,1692893056570463,stop_us,1692893056624610,-,DmrppArray::read_contiguous() -  name: gt2l_land_segments_delta_time
1692893056,187,timing,elapsed_us,54248,start_us,1692893056516074,stop_us,1692893056570322,-,DmrppArray::read_contiguous() -  name: gt1r_land_segments_delta_time
1692893056,187,timing,elapsed_us,572326,start_us,1692893056413045,stop_us,1692893056985371,-,BESDapResponseBuilder::serialize_dap4_data() - Timer
1692893056,187,timing,elapsed_us,572589,start_us,1692893056412794,stop_us,1692893056985383,http-nio-8080-exec-7:35[bes_client:/-0],get dap for d1 return as dap2; transmitting
1692893056,187,timing,elapsed_us,6,start_us,1692893056986656,stop_us,1692893056986662,client: /-0:65,show status; transmitting
1692893102,187,timing,elapsed_us,219219,start_us,1692893102269115,stop_us,1692893102488334,-,RemoteResource::get_url() - source url: https://cmr.uat.earthdata.nasa.gov/search/granules.umm_json_v1_4?collection_concept_id=C1241426950-NSIDC_CUAT&granule_ur=ATL10-01_20200101002212_00810601_005_02.h5
1692893102,187,timing,elapsed_us,7,start_us,1692893102488749,stop_us,1692893102488756,http-nio-8080-exec-9:37[bes_client:/-0],set container in ngap values ngapContainer,collections/C1241426950-NSIDC_CUAT/granules/ATL10-01_20200101002212_00810601_005_02.h5; transmitting
1692893102,187,timing,elapsed_us,8,start_us,1692893102489107,stop_us,1692893102489115,http-nio-8080-exec-9:37[bes_client:/-0],define d1 in default as ngapContainer with ngapContainer.dap4constraint="/orbit_info_rgt;/orbit_info_crossing_time;/gt3r_freeboard_beam_segment_beam_freeboard_latitude[0:2048:];/gt3r_freeboard_beam_segment_beam_freeboard_longitude[0:2048:];/gt3r_freeboard_beam_segment_beam_freeboard_delta_time[0:2048:];/gt3l_freeboard_beam_segment_beam_freeboard_latitude[0:2048:];/gt3l_freeboard_beam_segment_beam_freeboard_longitude[0:2048:];/gt3l_freeboard_beam_segment_beam_freeboard_delta_time[0:2048:];/gt2r_freeboard_beam_segment_beam_freeboard_latitude[0:2048:];/gt2r_freeboard_beam_segment_beam_freeboard_longitude[0:2048:];/gt2r_freeboard_beam_segment_beam_freeboard_delta_time[0:2048:];/gt2l_freeboard_beam_segment_beam_freeboard_latitude[0:2048:];/gt2l_freeboard_beam_segment_beam_freeboard_longitude[0:2048:];/gt2l_freeboard_beam_segment_beam_freeboard_delta_time[0:2048:];/gt1r_freeboard_beam_segment_beam_freeboard_latitude[0:2048:];/gt1r_freeboard_beam_segment_beam_freeboard_longitude[0:2048:];/gt1r_freeboard_beam_segment_beam_freeboard_delta_time[0:2048:];/gt1l_freeboard_beam_segment_beam_freeboard_latitude[0:2048:];/gt1l_freeboard_beam_segment_beam_freeboard_longitude[0:2048:];/gt1l_freeboard_beam_segment_beam_freeboard_delta_time[0:2048:]"; transmitting
1692893104,187,timing,elapsed_us,2459815,start_us,1692893102490006,stop_us,1692893104949821,-,RemoteResource::get_url() - source url: https://data.nsidc.uat.earthdatacloud.nasa.gov/nsidc-cumulus-uat-protected/ATLAS/ATL10/005/2020/01/01/ATL10-01_20200101002212_00810601_005_02.h5.dmrpp
1692893107,187,timing,elapsed_us,110028,start_us,1692893107289845,stop_us,1692893107399873,-,DmrppArray::read_super_chunks_concurrent() -  name: gt1l_freeboard_beam_segment_beam_freeboard_delta_time
1692893107,187,timing,elapsed_us,206308,start_us,1692893107592054,stop_us,1692893107798362,-,DmrppArray::read_super_chunks_concurrent() -  name: gt3l_freeboard_beam_segment_beam_freeboard_delta_time
1692893107,187,timing,elapsed_us,2324392,start_us,1692893104963030,stop_us,1692893107287422,-,CurlUtils::retrieve_effective_url() -  Following Redirects Starting With: https://data.nsidc.uat.earthdatacloud.nasa.gov/nsidc-cumulus-uat-protected/ATLAS/ATL10/005/2020/01/01/ATL10-01_20200101002212_00810601_005_02.h5
1692893107,187,timing,elapsed_us,30465,start_us,1692893107856494,stop_us,1692893107886959,-,DmrppArray::read_contiguous() -  name: orbit_info_crossing_time
1692893107,187,timing,elapsed_us,39372,start_us,1692893107887143,stop_us,1692893107926515,-,DmrppArray::read_contiguous() -  name: orbit_info_rgt
1692893107,187,timing,elapsed_us,44985,start_us,1692893107546372,stop_us,1692893107591357,-,DmrppArray::read_super_chunks_concurrent() -  name: gt2r_freeboard_beam_segment_beam_freeboard_delta_time
1692893107,187,timing,elapsed_us,49144,start_us,1692893107400871,stop_us,1692893107450015,-,DmrppArray::read_super_chunks_concurrent() -  name: gt1r_freeboard_beam_segment_beam_freeboard_delta_time
1692893107,187,timing,elapsed_us,57338,start_us,1692893107799075,stop_us,1692893107856413,-,DmrppArray::read_super_chunks_concurrent() -  name: gt3r_freeboard_beam_segment_beam_freeboard_delta_time
1692893107,187,timing,elapsed_us,95087,start_us,1692893107450598,stop_us,1692893107545685,-,DmrppArray::read_super_chunks_concurrent() -  name: gt2l_freeboard_beam_segment_beam_freeboard_delta_time
1692893108,187,timing,elapsed_us,120335,start_us,1692893108131850,stop_us,1692893108252185,-,DmrppArray::read_super_chunks_concurrent() -  name: gt1r_freeboard_beam_segment_beam_freeboard_latitude
1692893108,187,timing,elapsed_us,150,start_us,1692893108774297,stop_us,1692893108774447,-,BESInterface::execute_request
1692893108,187,timing,elapsed_us,178,start_us,1692893108774293,stop_us,1692893108774471,-,BESServerHandler::execute
1692893108,187,timing,elapsed_us,203360,start_us,1692893107927667,stop_us,1692893108131027,-,DmrppArray::read_super_chunks_concurrent() -  name: gt1r_freeboard_beam_segment_beam_freeboard_longitude
1692893108,187,timing,elapsed_us,35946,start_us,1692893108605375,stop_us,1692893108641321,-,DmrppArray::read_super_chunks_concurrent() -  name: gt2l_freeboard_beam_segment_beam_freeboard_latitude
1692893108,187,timing,elapsed_us,37114,start_us,1692893108392168,stop_us,1692893108429282,-,DmrppArray::read_super_chunks_concurrent() -  name: gt1l_freeboard_beam_segment_beam_freeboard_longitude
1692893108,187,timing,elapsed_us,37310,start_us,1692893108470135,stop_us,1692893108507445,-,DmrppArray::read_super_chunks_concurrent() -  name: gt3l_freeboard_beam_segment_beam_freeboard_longitude
1692893108,187,timing,elapsed_us,37622,start_us,1692893108508112,stop_us,1692893108545734,-,DmrppArray::read_super_chunks_concurrent() -  name: gt3l_freeboard_beam_segment_beam_freeboard_latitude
1692893108,187,timing,elapsed_us,3811038,start_us,1692893104961756,stop_us,1692893108772794,-,BESDapResponseBuilder::serialize_dap4_data() - Timer
1692893108,187,timing,elapsed_us,3811286,start_us,1692893104961525,stop_us,1692893108772811,http-nio-8080-exec-9:37[bes_client:/-0],get dap for d1 return as dap2; transmitting
1692893108,187,timing,elapsed_us,39206,start_us,1692893108430117,stop_us,1692893108469323,-,DmrppArray::read_super_chunks_concurrent() -  name: gt1l_freeboard_beam_segment_beam_freeboard_latitude
1692893108,187,timing,elapsed_us,50184,start_us,1692893108341299,stop_us,1692893108391483,-,DmrppArray::read_super_chunks_concurrent() -  name: gt2r_freeboard_beam_segment_beam_freeboard_latitude
1692893108,187,timing,elapsed_us,58513,start_us,1692893108546283,stop_us,1692893108604796,-,DmrppArray::read_super_chunks_concurrent() -  name: gt2l_freeboard_beam_segment_beam_freeboard_longitude
1692893108,187,timing,elapsed_us,6,start_us,1692893108774433,stop_us,1692893108774439,client: /-0:67,show status; transmitting
1692893108,187,timing,elapsed_us,62020,start_us,1692893108710617,stop_us,1692893108772637,-,DmrppArray::read_super_chunks_concurrent() -  name: gt3r_freeboard_beam_segment_beam_freeboard_latitude
1692893108,187,timing,elapsed_us,6508061,start_us,1692893102264761,stop_us,1692893108772822,-,BESInterface::execute_request
1692893108,187,timing,elapsed_us,6509550,start_us,1692893102264724,stop_us,1692893108774274,-,BESServerHandler::execute
1692893108,187,timing,elapsed_us,67859,start_us,1692893108642018,stop_us,1692893108709877,-,DmrppArray::read_super_chunks_concurrent() -  name: gt3r_freeboard_beam_segment_beam_freeboard_longitude
1692893108,187,timing,elapsed_us,87806,start_us,1692893108252923,stop_us,1692893108340729,-,DmrppArray::read_super_chunks_concurrent() -  name: gt2r_freeboard_beam_segment_beam_freeboard_longitude
1692893148,187,timing,elapsed_us,430406,start_us,1692893147801484,stop_us,1692893148231890,-,RemoteResource::get_url() - source url: https://cmr.uat.earthdata.nasa.gov/search/granules.umm_json_v1_4?collection_concept_id=C1241426950-NSIDC_CUAT&granule_ur=ATL10-01_20200101002212_00810601_005_02.h5
1692893148,187,timing,elapsed_us,8,start_us,1692893148232265,stop_us,1692893148232273,http-nio-8080-exec-3:31[bes_client:/-0],set container in ngap values ngapContainer,collections/C1241426950-NSIDC_CUAT/granules/ATL10-01_20200101002212_00810601_005_02.h5; transmitting
1692893148,187,timing,elapsed_us,8,start_us,1692893148232554,stop_us,1692893148232562,http-nio-8080-exec-3:31[bes_client:/-0],define d1 in default as ngapContainer with ngapContainer.dap4constraint="/orbit_info_rgt;/orbit_info_crossing_time;/gt3r_freeboard_beam_segment_beam_freeboard_latitude[0:2048:];/gt3r_freeboard_beam_segment_beam_freeboard_longitude[0:2048:];/gt3r_freeboard_beam_segment_beam_freeboard_delta_time[0:2048:];/gt3l_freeboard_beam_segment_beam_freeboard_latitude[0:2048:];/gt3l_freeboard_beam_segment_beam_freeboard_longitude[0:2048:];/gt3l_freeboard_beam_segment_beam_freeboard_delta_time[0:2048:];/gt2r_freeboard_beam_segment_beam_freeboard_latitude[0:2048:];/gt2r_freeboard_beam_segment_beam_freeboard_longitude[0:2048:];/gt2r_freeboard_beam_segment_beam_freeboard_delta_time[0:2048:];/gt2l_freeboard_beam_segment_beam_freeboard_latitude[0:2048:];/gt2l_freeboard_beam_segment_beam_freeboard_longitude[0:2048:];/gt2l_freeboard_beam_segment_beam_freeboard_delta_time[0:2048:];/gt1r_freeboard_beam_segment_beam_freeboard_latitude[0:2048:];/gt1r_freeboard_beam_segment_beam_freeboard_longitude[0:2048:];/gt1r_freeboard_beam_segment_beam_freeboard_delta_time[0:2048:];/gt1l_freeboard_beam_segment_beam_freeboard_latitude[0:2048:];/gt1l_freeboard_beam_segment_beam_freeboard_longitude[0:2048:];/gt1l_freeboard_beam_segment_beam_freeboard_delta_time[0:2048:]"; transmitting
1692893150,187,timing,elapsed_us,117520,start_us,1692893150582688,stop_us,1692893150700208,-,DmrppArray::read_super_chunks_concurrent() -  name: gt1l_freeboard_beam_segment_beam_freeboard_delta_time
1692893150,187,timing,elapsed_us,224941,start_us,1692893150700977,stop_us,1692893150925918,-,DmrppArray::read_super_chunks_concurrent() -  name: gt1r_freeboard_beam_segment_beam_freeboard_delta_time
1692893150,187,timing,elapsed_us,2336870,start_us,1692893148233447,stop_us,1692893150570317,-,RemoteResource::get_url() - source url: https://data.nsidc.uat.earthdatacloud.nasa.gov/nsidc-cumulus-uat-protected/ATLAS/ATL10/005/2020/01/01/ATL10-01_20200101002212_00810601_005_02.h5.dmrpp
1692893151,187,timing,elapsed_us,120619,start_us,1692893151761404,stop_us,1692893151882023,-,DmrppArray::read_super_chunks_concurrent() -  name: gt2r_freeboard_beam_segment_beam_freeboard_latitude
1692893151,187,timing,elapsed_us,164813,start_us,1692893150926614,stop_us,1692893151091427,-,DmrppArray::read_super_chunks_concurrent() -  name: gt2l_freeboard_beam_segment_beam_freeboard_delta_time
1692893151,187,timing,elapsed_us,19436,start_us,1692893151465294,stop_us,1692893151484730,-,DmrppArray::read_contiguous() -  name: orbit_info_crossing_time
1692893151,187,timing,elapsed_us,232376,start_us,1692893151232840,stop_us,1692893151465216,-,DmrppArray::read_super_chunks_concurrent() -  name: gt3r_freeboard_beam_segment_beam_freeboard_delta_time
1692893151,187,timing,elapsed_us,42404,start_us,1692893151959255,stop_us,1692893152001659,-,DmrppArray::read_super_chunks_concurrent() -  name: gt1l_freeboard_beam_segment_beam_freeboard_latitude
1692893151,187,timing,elapsed_us,43431,start_us,1692893151566423,stop_us,1692893151609854,-,DmrppArray::read_super_chunks_concurrent() -  name: gt1r_freeboard_beam_segment_beam_freeboard_longitude
1692893151,187,timing,elapsed_us,52555,start_us,1692893151708171,stop_us,1692893151760726,-,DmrppArray::read_super_chunks_concurrent() -  name: gt2r_freeboard_beam_segment_beam_freeboard_longitude
1692893151,187,timing,elapsed_us,57127,start_us,1692893151174993,stop_us,1692893151232120,-,DmrppArray::read_super_chunks_concurrent() -  name: gt3l_freeboard_beam_segment_beam_freeboard_delta_time
1692893151,187,timing,elapsed_us,75853,start_us,1692893151882708,stop_us,1692893151958561,-,DmrppArray::read_super_chunks_concurrent() -  name: gt1l_freeboard_beam_segment_beam_freeboard_longitude
1692893151,187,timing,elapsed_us,80641,start_us,1692893151484873,stop_us,1692893151565514,-,DmrppArray::read_contiguous() -  name: orbit_info_rgt
1692893151,187,timing,elapsed_us,82297,start_us,1692893151092008,stop_us,1692893151174305,-,DmrppArray::read_super_chunks_concurrent() -  name: gt2r_freeboard_beam_segment_beam_freeboard_delta_time
1692893151,187,timing,elapsed_us,97051,start_us,1692893151610548,stop_us,1692893151707599,-,DmrppArray::read_super_chunks_concurrent() -  name: gt1r_freeboard_beam_segment_beam_freeboard_latitude
1692893152,187,timing,elapsed_us,137,start_us,1692893152283061,stop_us,1692893152283198,-,BESInterface::execute_request
1692893152,187,timing,elapsed_us,166,start_us,1692893152283057,stop_us,1692893152283223,-,BESServerHandler::execute
1692893152,187,timing,elapsed_us,1700673,start_us,1692893150580833,stop_us,1692893152281506,-,BESDapResponseBuilder::serialize_dap4_data() - Timer
1692893152,187,timing,elapsed_us,1700931,start_us,1692893150580588,stop_us,1692893152281519,http-nio-8080-exec-3:31[bes_client:/-0],get dap for d1 return as dap2; transmitting
1692893152,187,timing,elapsed_us,38151,start_us,1692893152088209,stop_us,1692893152126360,-,DmrppArray::read_super_chunks_concurrent() -  name: gt2l_freeboard_beam_segment_beam_freeboard_longitude
1692893152,187,timing,elapsed_us,40972,start_us,1692893152002328,stop_us,1692893152043300,-,DmrppArray::read_super_chunks_concurrent() -  name: gt3l_freeboard_beam_segment_beam_freeboard_longitude
1692893152,187,timing,elapsed_us,43676,start_us,1692893152043972,stop_us,1692893152087648,-,DmrppArray::read_super_chunks_concurrent() -  name: gt3l_freeboard_beam_segment_beam_freeboard_latitude
1692893152,187,timing,elapsed_us,4484731,start_us,1692893147796796,stop_us,1692893152281527,-,BESInterface::execute_request
1692893152,187,timing,elapsed_us,4486272,start_us,1692893147796761,stop_us,1692893152283033,-,BESServerHandler::execute
1692893152,187,timing,elapsed_us,47427,start_us,1692893152233924,stop_us,1692893152281351,-,DmrppArray::read_super_chunks_concurrent() -  name: gt3r_freeboard_beam_segment_beam_freeboard_latitude
1692893152,187,timing,elapsed_us,50714,start_us,1692893152182548,stop_us,1692893152233262,-,DmrppArray::read_super_chunks_concurrent() -  name: gt3r_freeboard_beam_segment_beam_freeboard_longitude
1692893152,187,timing,elapsed_us,54731,start_us,1692893152126931,stop_us,1692893152181662,-,DmrppArray::read_super_chunks_concurrent() -  name: gt2l_freeboard_beam_segment_beam_freeboard_latitude
1692893152,187,timing,elapsed_us,6,start_us,1692893152283184,stop_us,1692893152283190,client: /-0:69,show status; transmitting
1692893183,187,timing,elapsed_us,221669,start_us,1692893183577073,stop_us,1692893183798742,-,RemoteResource::get_url() - source url: https://cmr.uat.earthdata.nasa.gov/search/granules.umm_json_v1_4?collection_concept_id=C1241426950-NSIDC_CUAT&granule_ur=ATL10-01_20200101002212_00810601_005_02.h5
1692893183,187,timing,elapsed_us,7,start_us,1692893183799166,stop_us,1692893183799173,http-nio-8080-exec-6:34[bes_client:/-0],set container in ngap values ngapContainer,collections/C1241426950-NSIDC_CUAT/granules/ATL10-01_20200101002212_00810601_005_02.h5; transmitting
1692893183,187,timing,elapsed_us,9,start_us,1692893183799473,stop_us,1692893183799482,http-nio-8080-exec-6:34[bes_client:/-0],define d1 in default as ngapContainer with ngapContainer.dap4constraint="/orbit_info_rgt;/orbit_info_crossing_time;/gt3r_freeboard_beam_segment_beam_freeboard_latitude[0:2048:];/gt3r_freeboard_beam_segment_beam_freeboard_longitude[0:2048:];/gt3r_freeboard_beam_segment_beam_freeboard_delta_time[0:2048:];/gt3l_freeboard_beam_segment_beam_freeboard_latitude[0:2048:];/gt3l_freeboard_beam_segment_beam_freeboard_longitude[0:2048:];/gt3l_freeboard_beam_segment_beam_freeboard_delta_time[0:2048:];/gt2r_freeboard_beam_segment_beam_freeboard_latitude[0:2048:];/gt2r_freeboard_beam_segment_beam_freeboard_longitude[0:2048:];/gt2r_freeboard_beam_segment_beam_freeboard_delta_time[0:2048:];/gt2l_freeboard_beam_segment_beam_freeboard_latitude[0:2048:];/gt2l_freeboard_beam_segment_beam_freeboard_longitude[0:2048:];/gt2l_freeboard_beam_segment_beam_freeboard_delta_time[0:2048:];/gt1r_freeboard_beam_segment_beam_freeboard_latitude[0:2048:];/gt1r_freeboard_beam_segment_beam_freeboard_longitude[0:2048:];/gt1r_freeboard_beam_segment_beam_freeboard_delta_time[0:2048:];/gt1l_freeboard_beam_segment_beam_freeboard_latitude[0:2048:];/gt1l_freeboard_beam_segment_beam_freeboard_longitude[0:2048:];/gt1l_freeboard_beam_segment_beam_freeboard_delta_time[0:2048:]"; transmitting
1692893186,187,timing,elapsed_us,153955,start_us,1692893186309147,stop_us,1692893186463102,-,DmrppArray::read_super_chunks_concurrent() -  name: gt1r_freeboard_beam_segment_beam_freeboard_delta_time
1692893186,187,timing,elapsed_us,159813,start_us,1692893186797234,stop_us,1692893186957047,-,DmrppArray::read_super_chunks_concurrent() -  name: gt3r_freeboard_beam_segment_beam_freeboard_delta_time
1692893186,187,timing,elapsed_us,164231,start_us,1692893186554861,stop_us,1692893186719092,-,DmrppArray::read_super_chunks_concurrent() -  name: gt2r_freeboard_beam_segment_beam_freeboard_delta_time
1692893186,187,timing,elapsed_us,201647,start_us,1692893186106728,stop_us,1692893186308375,-,DmrppArray::read_super_chunks_concurrent() -  name: gt1l_freeboard_beam_segment_beam_freeboard_delta_time
1692893186,187,timing,elapsed_us,2293310,start_us,1692893183800372,stop_us,1692893186093682,-,RemoteResource::get_url() - source url: https://data.nsidc.uat.earthdatacloud.nasa.gov/nsidc-cumulus-uat-protected/ATLAS/ATL10/005/2020/01/01/ATL10-01_20200101002212_00810601_005_02.h5.dmrpp
1692893186,187,timing,elapsed_us,76680,start_us,1692893186719828,stop_us,1692893186796508,-,DmrppArray::read_super_chunks_concurrent() -  name: gt3l_freeboard_beam_segment_beam_freeboard_delta_time
1692893186,187,timing,elapsed_us,90560,start_us,1692893186463706,stop_us,1692893186554266,-,DmrppArray::read_super_chunks_concurrent() -  name: gt2l_freeboard_beam_segment_beam_freeboard_delta_time
1692893187,187,timing,elapsed_us,138,start_us,1692893187871483,stop_us,1692893187871621,-,BESInterface::execute_request
1692893187,187,timing,elapsed_us,143150,start_us,1692893187475886,stop_us,1692893187619036,-,DmrppArray::read_super_chunks_concurrent() -  name: gt3l_freeboard_beam_segment_beam_freeboard_longitude
1692893187,187,timing,elapsed_us,166,start_us,1692893187871479,stop_us,1692893187871645,-,BESServerHandler::execute
1692893187,187,timing,elapsed_us,1765209,start_us,1692893186104879,stop_us,1692893187870088,-,BESDapResponseBuilder::serialize_dap4_data() - Timer
1692893187,187,timing,elapsed_us,1765454,start_us,1692893186104648,stop_us,1692893187870102,http-nio-8080-exec-6:34[bes_client:/-0],get dap for d1 return as dap2; transmitting
1692893187,187,timing,elapsed_us,42102,start_us,1692893187365979,stop_us,1692893187408081,-,DmrppArray::read_super_chunks_concurrent() -  name: gt1l_freeboard_beam_segment_beam_freeboard_longitude
1692893187,187,timing,elapsed_us,42838,start_us,1692893187827088,stop_us,1692893187869926,-,DmrppArray::read_super_chunks_concurrent() -  name: gt3r_freeboard_beam_segment_beam_freeboard_latitude
1692893187,187,timing,elapsed_us,4297354,start_us,1692893183572762,stop_us,1692893187870116,-,BESInterface::execute_request
1692893187,187,timing,elapsed_us,4298734,start_us,1692893183572725,stop_us,1692893187871459,-,BESServerHandler::execute
1692893187,187,timing,elapsed_us,44501,start_us,1692893187781922,stop_us,1692893187826423,-,DmrppArray::read_super_chunks_concurrent() -  name: gt3r_freeboard_beam_segment_beam_freeboard_longitude
1692893187,187,timing,elapsed_us,47436,start_us,1692893187672671,stop_us,1692893187720107,-,DmrppArray::read_super_chunks_concurrent() -  name: gt2l_freeboard_beam_segment_beam_freeboard_longitude
1692893187,187,timing,elapsed_us,50558,start_us,1692893187023526,stop_us,1692893187074084,-,DmrppArray::read_contiguous() -  name: orbit_info_rgt
1692893187,187,timing,elapsed_us,52214,start_us,1692893187619854,stop_us,1692893187672068,-,DmrppArray::read_super_chunks_concurrent() -  name: gt3l_freeboard_beam_segment_beam_freeboard_latitude
1692893187,187,timing,elapsed_us,60363,start_us,1692893187720850,stop_us,1692893187781213,-,DmrppArray::read_super_chunks_concurrent() -  name: gt2l_freeboard_beam_segment_beam_freeboard_latitude
1692893187,187,timing,elapsed_us,62397,start_us,1692893187075330,stop_us,1692893187137727,-,DmrppArray::read_super_chunks_concurrent() -  name: gt1r_freeboard_beam_segment_beam_freeboard_longitude
1692893187,187,timing,elapsed_us,66241,start_us,1692893186957134,stop_us,1692893187023375,-,DmrppArray::read_contiguous() -  name: orbit_info_crossing_time
1692893187,187,timing,elapsed_us,66379,start_us,1692893187408816,stop_us,1692893187475195,-,DmrppArray::read_super_chunks_concurrent() -  name: gt1l_freeboard_beam_segment_beam_freeboard_latitude
1692893187,187,timing,elapsed_us,67539,start_us,1692893187138416,stop_us,1692893187205955,-,DmrppArray::read_super_chunks_concurrent() -  name: gt1r_freeboard_beam_segment_beam_freeboard_latitude
1692893187,187,timing,elapsed_us,7,start_us,1692893187871607,stop_us,1692893187871614,client: /-0:71,show status; transmitting
1692893187,187,timing,elapsed_us,70161,start_us,1692893187206616,stop_us,1692893187276777,-,DmrppArray::read_super_chunks_concurrent() -  name: gt2r_freeboard_beam_segment_beam_freeboard_longitude
1692893187,187,timing,elapsed_us,87800,start_us,1692893187277340,stop_us,1692893187365140,-,DmrppArray::read_super_chunks_concurrent() -  name: gt2r_freeboard_beam_segment_beam_freeboard_latitude
1692893232,187,timing,elapsed_us,237487,start_us,1692893231921227,stop_us,1692893232158714,-,RemoteResource::get_url() - source url: https://cmr.uat.earthdata.nasa.gov/search/granules.umm_json_v1_4?collection_concept_id=C1241426998-NSIDC_CUAT&granule_ur=ATL12_20200101002212_00810601_005_02.h5
1692893232,187,timing,elapsed_us,6,start_us,1692893232159571,stop_us,1692893232159577,http-nio-8080-exec-8:36[bes_client:/-0],define d1 in default as ngapContainer with ngapContainer.dap4constraint="/orbit_info_rgt;/orbit_info_crossing_time;/gt3r_ssh_segments_latitude[0:8:];/gt3r_ssh_segments_longitude[0:8:];/gt3r_ssh_segments_delta_time[0:8:];/gt3l_ssh_segments_latitude[0:8:];/gt3l_ssh_segments_longitude[0:8:];/gt3l_ssh_segments_delta_time[0:8:];/gt2r_ssh_segments_latitude[0:8:];/gt2r_ssh_segments_longitude[0:8:];/gt2r_ssh_segments_delta_time[0:8:];/gt2l_ssh_segments_latitude[0:8:];/gt2l_ssh_segments_longitude[0:8:];/gt2l_ssh_segments_delta_time[0:8:];/gt1r_ssh_segments_latitude[0:8:];/gt1r_ssh_segments_longitude[0:8:];/gt1r_ssh_segments_delta_time[0:8:];/gt1l_ssh_segments_latitude[0:8:];/gt1l_ssh_segments_longitude[0:8:];/gt1l_ssh_segments_delta_time[0:8:]"; transmitting
1692893232,187,timing,elapsed_us,8,start_us,1692893232159291,stop_us,1692893232159299,http-nio-8080-exec-8:36[bes_client:/-0],set container in ngap values ngapContainer,collections/C1241426998-NSIDC_CUAT/granules/ATL12_20200101002212_00810601_005_02.h5; transmitting
1692893234,187,timing,elapsed_us,2293880,start_us,1692893232160380,stop_us,1692893234454260,-,RemoteResource::get_url() - source url: https://data.nsidc.uat.earthdatacloud.nasa.gov/nsidc-cumulus-uat-protected/ATLAS/ATL12/005/2020/01/ATL12_20200101002212_00810601_005_02.h5.dmrpp
1692893236,187,timing,elapsed_us,2351985,start_us,1692893234464723,stop_us,1692893236816708,-,CurlUtils::retrieve_effective_url() -  Following Redirects Starting With: https://data.nsidc.uat.earthdatacloud.nasa.gov/nsidc-cumulus-uat-protected/ATLAS/ATL12/005/2020/01/ATL12_20200101002212_00810601_005_02.h5
1692893236,187,timing,elapsed_us,2520350,start_us,1692893234464679,stop_us,1692893236985029,-,DmrppArray::read_contiguous() -  name: orbit_info_rgt
1692893237,187,timing,elapsed_us,124636,start_us,1692893237195510,stop_us,1692893237320146,-,DmrppArray::read_super_chunks_concurrent() -  name: gt2r_ssh_segments_latitude
1692893237,187,timing,elapsed_us,125935,start_us,1692893237787513,stop_us,1692893237913448,-,DmrppArray::read_super_chunks_concurrent() -  name: gt3r_ssh_segments_latitude
1692893237,187,timing,elapsed_us,128061,start_us,1692893236985271,stop_us,1692893237113332,-,DmrppArray::read_super_chunks_concurrent() -  name: gt1r_ssh_segments_latitude
1692893237,187,timing,elapsed_us,157173,start_us,1692893237557508,stop_us,1692893237714681,-,DmrppArray::read_contiguous() -  name: gt3l_ssh_segments_longitude
1692893237,187,timing,elapsed_us,21543,start_us,1692893237448773,stop_us,1692893237470316,-,DmrppArray::read_contiguous() -  name: gt1l_ssh_segments_longitude
1692893237,187,timing,elapsed_us,25554,start_us,1692893237761761,stop_us,1692893237787315,-,DmrppArray::read_contiguous() -  name: gt2l_ssh_segments_longitude
1692893237,187,timing,elapsed_us,41213,start_us,1692893237913753,stop_us,1692893237954966,-,DmrppArray::read_super_chunks_concurrent() -  name: gt3r_ssh_segments_longitude
1692893237,187,timing,elapsed_us,46745,start_us,1692893237714876,stop_us,1692893237761621,-,DmrppArray::read_contiguous() -  name: gt2l_ssh_segments_latitude
1692893237,187,timing,elapsed_us,48180,start_us,1692893237400505,stop_us,1692893237448685,-,DmrppArray::read_contiguous() -  name: gt1l_ssh_segments_latitude
1692893237,187,timing,elapsed_us,79966,start_us,1692893237320377,stop_us,1692893237400343,-,DmrppArray::read_super_chunks_concurrent() -  name: gt2r_ssh_segments_longitude
1692893237,187,timing,elapsed_us,81593,start_us,1692893237113640,stop_us,1692893237195233,-,DmrppArray::read_super_chunks_concurrent() -  name: gt1r_ssh_segments_longitude
1692893237,187,timing,elapsed_us,87018,start_us,1692893237470400,stop_us,1692893237557418,-,DmrppArray::read_contiguous() -  name: gt3l_ssh_segments_latitude
1692893238,187,timing,elapsed_us,139,start_us,1692893238534126,stop_us,1692893238534265,-,BESInterface::execute_request
1692893238,187,timing,elapsed_us,167,start_us,1692893238534121,stop_us,1692893238534288,-,BESServerHandler::execute
1692893238,187,timing,elapsed_us,180523,start_us,1692893238332116,stop_us,1692893238512639,-,DmrppArray::read_super_chunks_concurrent() -  name: gt3r_ssh_segments_delta_time
1692893238,187,timing,elapsed_us,188403,start_us,1692893238143237,stop_us,1692893238331640,-,DmrppArray::read_contiguous() -  name: gt3l_ssh_segments_delta_time
1692893238,187,timing,elapsed_us,19696,start_us,1692893238512805,stop_us,1692893238532501,-,DmrppArray::read_contiguous() -  name: orbit_info_crossing_time
1692893238,187,timing,elapsed_us,40509,start_us,1692893238050529,stop_us,1692893238091038,-,DmrppArray::read_contiguous() -  name: gt2l_ssh_segments_delta_time
1692893238,187,timing,elapsed_us,4069620,start_us,1692893234463156,stop_us,1692893238532776,-,BESDapResponseBuilder::serialize_dap4_data() - Timer
1692893238,187,timing,elapsed_us,4069985,start_us,1692893234462825,stop_us,1692893238532810,http-nio-8080-exec-8:36[bes_client:/-0],get dap for d1 return as dap2; transmitting
1692893238,187,timing,elapsed_us,43960,start_us,1692893238006415,stop_us,1692893238050375,-,DmrppArray::read_super_chunks_concurrent() -  name: gt1r_ssh_segments_delta_time
1692893238,187,timing,elapsed_us,51080,start_us,1692893237955127,stop_us,1692893238006207,-,DmrppArray::read_contiguous() -  name: gt1l_ssh_segments_delta_time
1692893238,187,timing,elapsed_us,51835,start_us,1692893238091240,stop_us,1692893238143075,-,DmrppArray::read_super_chunks_concurrent() -  name: gt2r_ssh_segments_delta_time
1692893238,187,timing,elapsed_us,6,start_us,1692893238534251,stop_us,1692893238534257,client: /-0:73,show status; transmitting
1692893238,187,timing,elapsed_us,6616100,start_us,1692893231916740,stop_us,1692893238532840,-,BESInterface::execute_request
1692893238,187,timing,elapsed_us,6617163,start_us,1692893231916716,stop_us,1692893238533879,-,BESServerHandler::execute
1692893295,187,timing,elapsed_us,330856,start_us,1692893295673680,stop_us,1692893296004536,-,RemoteResource::get_url() - source url: https://cmr.uat.earthdata.nasa.gov/search/granules.umm_json_v1_4?collection_concept_id=C1241426998-NSIDC_CUAT&granule_ur=ATL12_20200101002212_00810601_005_02.h5
1692893296,187,timing,elapsed_us,5,start_us,1692893296005227,stop_us,1692893296005232,http-nio-8080-exec-2:30[bes_client:/-0],define d1 in default as ngapContainer with ngapContainer.dap4constraint="/orbit_info_rgt;/orbit_info_crossing_time;/gt3r_ssh_segments_latitude[0:8:];/gt3r_ssh_segments_longitude[0:8:];/gt3r_ssh_segments_delta_time[0:8:];/gt3l_ssh_segments_latitude[0:8:];/gt3l_ssh_segments_longitude[0:8:];/gt3l_ssh_segments_delta_time[0:8:];/gt2r_ssh_segments_latitude[0:8:];/gt2r_ssh_segments_longitude[0:8:];/gt2r_ssh_segments_delta_time[0:8:];/gt2l_ssh_segments_latitude[0:8:];/gt2l_ssh_segments_longitude[0:8:];/gt2l_ssh_segments_delta_time[0:8:];/gt1r_ssh_segments_latitude[0:8:];/gt1r_ssh_segments_longitude[0:8:];/gt1r_ssh_segments_delta_time[0:8:];/gt1l_ssh_segments_latitude[0:8:];/gt1l_ssh_segments_longitude[0:8:];/gt1l_ssh_segments_delta_time[0:8:]"; transmitting
1692893296,187,timing,elapsed_us,8,start_us,1692893296005041,stop_us,1692893296005049,http-nio-8080-exec-2:30[bes_client:/-0],set container in ngap values ngapContainer,collections/C1241426998-NSIDC_CUAT/granules/ATL12_20200101002212_00810601_005_02.h5; transmitting
1692893298,187,timing,elapsed_us,127353,start_us,1692893298457453,stop_us,1692893298584806,-,DmrppArray::read_super_chunks_concurrent() -  name: gt1r_ssh_segments_latitude
1692893298,187,timing,elapsed_us,154140,start_us,1692893298303008,stop_us,1692893298457148,-,DmrppArray::read_contiguous() -  name: orbit_info_rgt
1692893298,187,timing,elapsed_us,17294,start_us,1692893298777083,stop_us,1692893298794377,-,DmrppArray::read_contiguous() -  name: gt1l_ssh_segments_latitude
1692893298,187,timing,elapsed_us,17910,start_us,1692893298794448,stop_us,1692893298812358,-,DmrppArray::read_contiguous() -  name: gt1l_ssh_segments_longitude
1692893298,187,timing,elapsed_us,22520,start_us,1692893298937926,stop_us,1692893298960446,-,DmrppArray::read_contiguous() -  name: gt2l_ssh_segments_longitude
1692893298,187,timing,elapsed_us,2287257,start_us,1692893296006089,stop_us,1692893298293346,-,RemoteResource::get_url() - source url: https://data.nsidc.uat.earthdatacloud.nasa.gov/nsidc-cumulus-uat-protected/ATLAS/ATL12/005/2020/01/ATL12_20200101002212_00810601_005_02.h5.dmrpp
1692893298,187,timing,elapsed_us,23441,start_us,1692893298914323,stop_us,1692893298937764,-,DmrppArray::read_contiguous() -  name: gt2l_ssh_segments_latitude
1692893298,187,timing,elapsed_us,28004,start_us,1692893298748791,stop_us,1692893298776795,-,DmrppArray::read_super_chunks_concurrent() -  name: gt2r_ssh_segments_longitude
1692893298,187,timing,elapsed_us,36850,start_us,1692893298877376,stop_us,1692893298914226,-,DmrppArray::read_contiguous() -  name: gt3l_ssh_segments_longitude
1692893298,187,timing,elapsed_us,64747,start_us,1692893298812445,stop_us,1692893298877192,-,DmrppArray::read_contiguous() -  name: gt3l_ssh_segments_latitude
1692893298,187,timing,elapsed_us,77206,start_us,1692893298585129,stop_us,1692893298662335,-,DmrppArray::read_super_chunks_concurrent() -  name: gt1r_ssh_segments_longitude
1692893298,187,timing,elapsed_us,85921,start_us,1692893298662607,stop_us,1692893298748528,-,DmrppArray::read_super_chunks_concurrent() -  name: gt2r_ssh_segments_latitude
1692893299,187,timing,elapsed_us,1000833,start_us,1692893298301504,stop_us,1692893299302337,-,BESDapResponseBuilder::serialize_dap4_data() - Timer
1692893299,187,timing,elapsed_us,1001192,start_us,1692893298301173,stop_us,1692893299302365,http-nio-8080-exec-2:30[bes_client:/-0],get dap for d1 return as dap2; transmitting
1692893299,187,timing,elapsed_us,155,start_us,1692893299303325,stop_us,1692893299303480,-,BESInterface::execute_request
1692893299,187,timing,elapsed_us,182,start_us,1692893299303321,stop_us,1692893299303503,-,BESServerHandler::execute
1692893299,187,timing,elapsed_us,19252,start_us,1692893299047821,stop_us,1692893299067073,-,DmrppArray::read_contiguous() -  name: gt1l_ssh_segments_delta_time
1692893299,187,timing,elapsed_us,20045,start_us,1692893299194570,stop_us,1692893299214615,-,DmrppArray::read_contiguous() -  name: gt3l_ssh_segments_delta_time
1692893299,187,timing,elapsed_us,23774,start_us,1692893299067443,stop_us,1692893299091217,-,DmrppArray::read_super_chunks_concurrent() -  name: gt1r_ssh_segments_delta_time
1692893299,187,timing,elapsed_us,3633633,start_us,1692893295668750,stop_us,1692893299302383,-,BESInterface::execute_request
1692893299,187,timing,elapsed_us,3634585,start_us,1692893295668719,stop_us,1692893299303304,-,BESServerHandler::execute
1692893299,187,timing,elapsed_us,36439,start_us,1692893299265647,stop_us,1692893299302086,-,DmrppArray::read_contiguous() -  name: orbit_info_crossing_time
1692893299,187,timing,elapsed_us,36615,start_us,1692893299011036,stop_us,1692893299047651,-,DmrppArray::read_super_chunks_concurrent() -  name: gt3r_ssh_segments_longitude
1692893299,187,timing,elapsed_us,42911,start_us,1692893299091474,stop_us,1692893299134385,-,DmrppArray::read_contiguous() -  name: gt2l_ssh_segments_delta_time
1692893299,187,timing,elapsed_us,50086,start_us,1692893298960657,stop_us,1692893299010743,-,DmrppArray::read_super_chunks_concurrent() -  name: gt3r_ssh_segments_latitude
1692893299,187,timing,elapsed_us,50578,start_us,1692893299214919,stop_us,1692893299265497,-,DmrppArray::read_super_chunks_concurrent() -  name: gt3r_ssh_segments_delta_time
1692893299,187,timing,elapsed_us,59879,start_us,1692893299134542,stop_us,1692893299194421,-,DmrppArray::read_super_chunks_concurrent() -  name: gt2r_ssh_segments_delta_time
1692893299,187,timing,elapsed_us,8,start_us,1692893299303465,stop_us,1692893299303473,client: /-0:75,show status; transmitting
1692893321,187,timing,elapsed_us,310719,start_us,1692893320769655,stop_us,1692893321080374,-,RemoteResource::get_url() - source url: https://cmr.uat.earthdata.nasa.gov/search/granules.umm_json_v1_4?collection_concept_id=C1241427013-NSIDC_CUAT&granule_ur=ATL13_20200101002212_00810601_005_01.h5
1692893321,187,timing,elapsed_us,6,start_us,1692893321080942,stop_us,1692893321080948,http-nio-8080-exec-7:35[bes_client:/-0],define d1 in default as ngapContainer with ngapContainer.dap4constraint="/orbit_info_rgt;/orbit_info_crossing_time;/gt3r_segment_lat[0:256:];/gt3r_segment_lon[0:256:];/gt3r_delta_time[0:256:];/gt3l_segment_lat[0:256:];/gt3l_segment_lon[0:256:];/gt3l_delta_time[0:256:];/gt2r_segment_lat[0:256:];/gt2r_segment_lon[0:256:];/gt2r_delta_time[0:256:];/gt2l_segment_lat[0:256:];/gt2l_segment_lon[0:256:];/gt2l_delta_time[0:256:];/gt1r_segment_lat[0:256:];/gt1r_segment_lon[0:256:];/gt1r_delta_time[0:256:];/gt1l_segment_lat[0:256:];/gt1l_segment_lon[0:256:];/gt1l_delta_time[0:256:]"; transmitting
1692893321,187,timing,elapsed_us,8,start_us,1692893321080765,stop_us,1692893321080773,http-nio-8080-exec-7:35[bes_client:/-0],set container in ngap values ngapContainer,collections/C1241427013-NSIDC_CUAT/granules/ATL13_20200101002212_00810601_005_01.h5; transmitting
1692893323,187,timing,elapsed_us,2351438,start_us,1692893321081761,stop_us,1692893323433199,-,RemoteResource::get_url() - source url: https://data.nsidc.uat.earthdatacloud.nasa.gov/nsidc-cumulus-uat-protected/ATLAS/ATL13/005/2020/01/ATL13_20200101002212_00810601_005_01.h5.dmrpp
1692893325,187,timing,elapsed_us,104159,start_us,1692893325835386,stop_us,1692893325939545,-,DmrppArray::read_super_chunks_concurrent() -  name: gt1r_segment_lon
1692893325,187,timing,elapsed_us,2296640,start_us,1692893323444277,stop_us,1692893325740917,-,CurlUtils::retrieve_effective_url() -  Following Redirects Starting With: https://data.nsidc.uat.earthdatacloud.nasa.gov/nsidc-cumulus-uat-protected/ATLAS/ATL13/005/2020/01/ATL13_20200101002212_00810601_005_01.h5
1692893325,187,timing,elapsed_us,2390061,start_us,1692893323444227,stop_us,1692893325834288,-,DmrppArray::read_contiguous() -  name: orbit_info_rgt
1692893325,187,timing,elapsed_us,57155,start_us,1692893325940281,stop_us,1692893325997436,-,DmrppArray::read_super_chunks_concurrent() -  name: gt1r_segment_lat
1692893326,187,timing,elapsed_us,29017,start_us,1692893326694337,stop_us,1692893326723354,-,DmrppArray::read_super_chunks_concurrent() -  name: gt2l_delta_time
1692893326,187,timing,elapsed_us,29269,start_us,1692893326893925,stop_us,1692893326923194,-,DmrppArray::read_contiguous() -  name: orbit_info_crossing_time
1692893326,187,timing,elapsed_us,3480688,start_us,1692893323442787,stop_us,1692893326923475,-,BESDapResponseBuilder::serialize_dap4_data() - Timer
1692893326,187,timing,elapsed_us,3481046,start_us,1692893323442443,stop_us,1692893326923489,http-nio-8080-exec-7:35[bes_client:/-0],get dap for d1 return as dap2; transmitting
1692893326,187,timing,elapsed_us,39477,start_us,1692893326245876,stop_us,1692893326285353,-,DmrppArray::read_super_chunks_concurrent() -  name: gt3l_segment_lon
1692893326,187,timing,elapsed_us,40714,start_us,1692893326801797,stop_us,1692893326842511,-,DmrppArray::read_super_chunks_concurrent() -  name: gt3l_delta_time
1692893326,187,timing,elapsed_us,47329,start_us,1692893326353096,stop_us,1692893326400425,-,DmrppArray::read_super_chunks_concurrent() -  name: gt2l_segment_lon
1692893326,187,timing,elapsed_us,47494,start_us,1692893326400706,stop_us,1692893326448200,-,DmrppArray::read_super_chunks_concurrent() -  name: gt2l_segment_lat
1692893326,187,timing,elapsed_us,47742,start_us,1692893326448878,stop_us,1692893326496620,-,DmrppArray::read_super_chunks_concurrent() -  name: gt3r_segment_lon
1692893326,187,timing,elapsed_us,48529,start_us,1692893325998104,stop_us,1692893326046633,-,DmrppArray::read_super_chunks_concurrent() -  name: gt2r_segment_lon
1692893326,187,timing,elapsed_us,49959,start_us,1692893326131607,stop_us,1692893326181566,-,DmrppArray::read_super_chunks_concurrent() -  name: gt1l_segment_lon
1692893326,187,timing,elapsed_us,50601,start_us,1692893326843185,stop_us,1692893326893786,-,DmrppArray::read_super_chunks_concurrent() -  name: gt3r_delta_time
1692893326,187,timing,elapsed_us,50891,start_us,1692893326643218,stop_us,1692893326694109,-,DmrppArray::read_super_chunks_concurrent() -  name: gt1r_delta_time
1692893326,187,timing,elapsed_us,511,start_us,1692893326924336,stop_us,1692893326924847,-,BESInterface::execute_request
1692893326,187,timing,elapsed_us,539,start_us,1692893326924331,stop_us,1692893326924870,-,BESServerHandler::execute
1692893326,187,timing,elapsed_us,6158737,start_us,1692893320764762,stop_us,1692893326923499,-,BESInterface::execute_request
1692893326,187,timing,elapsed_us,6159576,start_us,1692893320764737,stop_us,1692893326924313,-,BESServerHandler::execute
1692893326,187,timing,elapsed_us,63713,start_us,1692893326181872,stop_us,1692893326245585,-,DmrppArray::read_super_chunks_concurrent() -  name: gt1l_segment_lat
1692893326,187,timing,elapsed_us,66454,start_us,1692893326576103,stop_us,1692893326642557,-,DmrppArray::read_super_chunks_concurrent() -  name: gt1l_delta_time
1692893326,187,timing,elapsed_us,67196,start_us,1692893326285646,stop_us,1692893326352842,-,DmrppArray::read_super_chunks_concurrent() -  name: gt3l_segment_lat
1692893326,187,timing,elapsed_us,7,start_us,1692893326924829,stop_us,1692893326924836,client: /-0:77,show status; transmitting
1692893326,187,timing,elapsed_us,77510,start_us,1692893326723978,stop_us,1692893326801488,-,DmrppArray::read_super_chunks_concurrent() -  name: gt2r_delta_time
1692893326,187,timing,elapsed_us,78453,start_us,1692893326497332,stop_us,1692893326575785,-,DmrppArray::read_super_chunks_concurrent() -  name: gt3r_segment_lat
1692893326,187,timing,elapsed_us,83949,start_us,1692893326047270,stop_us,1692893326131219,-,DmrppArray::read_super_chunks_concurrent() -  name: gt2r_segment_lat
1692893376,187,timing,elapsed_us,350808,start_us,1692893375881586,stop_us,1692893376232394,-,RemoteResource::get_url() - source url: https://cmr.uat.earthdata.nasa.gov/search/granules.umm_json_v1_4?collection_concept_id=C1241427013-NSIDC_CUAT&granule_ur=ATL13_20200101002212_00810601_005_01.h5
1692893376,187,timing,elapsed_us,6,start_us,1692893376233029,stop_us,1692893376233035,http-nio-8080-exec-8:36[bes_client:/-0],define d1 in default as ngapContainer with ngapContainer.dap4constraint="/orbit_info_rgt;/orbit_info_crossing_time;/gt3r_segment_lat[0:256:];/gt3r_segment_lon[0:256:];/gt3r_delta_time[0:256:];/gt3l_segment_lat[0:256:];/gt3l_segment_lon[0:256:];/gt3l_delta_time[0:256:];/gt2r_segment_lat[0:256:];/gt2r_segment_lon[0:256:];/gt2r_delta_time[0:256:];/gt2l_segment_lat[0:256:];/gt2l_segment_lon[0:256:];/gt2l_delta_time[0:256:];/gt1r_segment_lat[0:256:];/gt1r_segment_lon[0:256:];/gt1r_delta_time[0:256:];/gt1l_segment_lat[0:256:];/gt1l_segment_lon[0:256:];/gt1l_delta_time[0:256:]"; transmitting
1692893376,187,timing,elapsed_us,7,start_us,1692893376232806,stop_us,1692893376232813,http-nio-8080-exec-8:36[bes_client:/-0],set container in ngap values ngapContainer,collections/C1241427013-NSIDC_CUAT/granules/ATL13_20200101002212_00810601_005_01.h5; transmitting
1692893378,187,timing,elapsed_us,108882,start_us,1692893378664302,stop_us,1692893378773184,-,DmrppArray::read_super_chunks_concurrent() -  name: gt1r_segment_lon
1692893378,187,timing,elapsed_us,2340915,start_us,1692893376233852,stop_us,1692893378574767,-,RemoteResource::get_url() - source url: https://data.nsidc.uat.earthdatacloud.nasa.gov/nsidc-cumulus-uat-protected/ATLAS/ATL13/005/2020/01/ATL13_20200101002212_00810601_005_01.h5.dmrpp
1692893378,187,timing,elapsed_us,46759,start_us,1692893378926784,stop_us,1692893378973543,-,DmrppArray::read_super_chunks_concurrent() -  name: gt2r_segment_lat
1692893378,187,timing,elapsed_us,61980,start_us,1692893378864168,stop_us,1692893378926148,-,DmrppArray::read_super_chunks_concurrent() -  name: gt2r_segment_lon
1692893378,187,timing,elapsed_us,77001,start_us,1692893378586244,stop_us,1692893378663245,-,DmrppArray::read_contiguous() -  name: orbit_info_rgt
1692893378,187,timing,elapsed_us,89604,start_us,1692893378773919,stop_us,1692893378863523,-,DmrppArray::read_super_chunks_concurrent() -  name: gt1r_segment_lat
1692893379,187,timing,elapsed_us,184595,start_us,1692893378973855,stop_us,1692893379158450,-,DmrppArray::read_super_chunks_concurrent() -  name: gt1l_segment_lon
1692893379,187,timing,elapsed_us,207199,start_us,1692893379158739,stop_us,1692893379365938,-,DmrppArray::read_super_chunks_concurrent() -  name: gt1l_segment_lat
1692893379,187,timing,elapsed_us,219616,start_us,1692893379366238,stop_us,1692893379585854,-,DmrppArray::read_super_chunks_concurrent() -  name: gt3l_segment_lon
1692893379,187,timing,elapsed_us,224030,start_us,1692893379586141,stop_us,1692893379810171,-,DmrppArray::read_super_chunks_concurrent() -  name: gt3l_segment_lat
1692893379,187,timing,elapsed_us,41683,start_us,1692893379810406,stop_us,1692893379852089,-,DmrppArray::read_super_chunks_concurrent() -  name: gt2l_segment_lon
1692893379,187,timing,elapsed_us,55540,start_us,1692893379852344,stop_us,1692893379907884,-,DmrppArray::read_super_chunks_concurrent() -  name: gt2l_segment_lat
1692893379,187,timing,elapsed_us,80302,start_us,1692893379908495,stop_us,1692893379988797,-,DmrppArray::read_super_chunks_concurrent() -  name: gt3r_segment_lon
1692893380,187,timing,elapsed_us,101099,start_us,1692893380331491,stop_us,1692893380432590,-,DmrppArray::read_super_chunks_concurrent() -  name: gt3r_delta_time
1692893380,187,timing,elapsed_us,155,start_us,1692893380504411,stop_us,1692893380504566,-,BESInterface::execute_request
1692893380,187,timing,elapsed_us,183,start_us,1692893380504407,stop_us,1692893380504590,-,BESServerHandler::execute
1692893380,187,timing,elapsed_us,1918186,start_us,1692893378584785,stop_us,1692893380502971,-,BESDapResponseBuilder::serialize_dap4_data() - Timer
1692893380,187,timing,elapsed_us,1918563,start_us,1692893378584435,stop_us,1692893380502998,http-nio-8080-exec-8:36[bes_client:/-0],get dap for d1 return as dap2; transmitting
1692893380,187,timing,elapsed_us,40174,start_us,1692893380290689,stop_us,1692893380330863,-,DmrppArray::read_super_chunks_concurrent() -  name: gt3l_delta_time
1692893380,187,timing,elapsed_us,42730,start_us,1692893380072280,stop_us,1692893380115010,-,DmrppArray::read_super_chunks_concurrent() -  name: gt1l_delta_time
1692893380,187,timing,elapsed_us,4626256,start_us,1692893375876764,stop_us,1692893380503020,-,BESInterface::execute_request
1692893380,187,timing,elapsed_us,4627650,start_us,1692893375876738,stop_us,1692893380504388,-,BESServerHandler::execute
1692893380,187,timing,elapsed_us,49447,start_us,1692893380115605,stop_us,1692893380165052,-,DmrppArray::read_super_chunks_concurrent() -  name: gt1r_delta_time
1692893380,187,timing,elapsed_us,6,start_us,1692893380504553,stop_us,1692893380504559,client: /-0:79,show status; transmitting
1692893380,187,timing,elapsed_us,60031,start_us,1692893380165308,stop_us,1692893380225339,-,DmrppArray::read_super_chunks_concurrent() -  name: gt2l_delta_time
1692893380,187,timing,elapsed_us,64445,start_us,1692893380225926,stop_us,1692893380290371,-,DmrppArray::read_super_chunks_concurrent() -  name: gt2r_delta_time
1692893380,187,timing,elapsed_us,69977,start_us,1692893380432736,stop_us,1692893380502713,-,DmrppArray::read_contiguous() -  name: orbit_info_crossing_time
1692893380,187,timing,elapsed_us,82502,start_us,1692893379989459,stop_us,1692893380071961,-,DmrppArray::read_super_chunks_concurrent() -  name: gt3r_segment_lat
1692893399,187,timing,elapsed_us,327178,start_us,1692893398818119,stop_us,1692893399145297,-,RemoteResource::get_url() - source url: https://cmr.uat.earthdata.nasa.gov/search/granules.umm_json_v1_4?collection_concept_id=C1241427013-NSIDC_CUAT&granule_ur=ATL13_20200101002212_00810601_005_01.h5
1692893399,187,timing,elapsed_us,7,start_us,1692893399145687,stop_us,1692893399145694,http-nio-8080-exec-6:34[bes_client:/-0],set container in ngap values ngapContainer,collections/C1241427013-NSIDC_CUAT/granules/ATL13_20200101002212_00810601_005_01.h5; transmitting
1692893399,187,timing,elapsed_us,7,start_us,1692893399145917,stop_us,1692893399145924,http-nio-8080-exec-6:34[bes_client:/-0],define d1 in default as ngapContainer with ngapContainer.dap4constraint="/orbit_info_rgt;/orbit_info_crossing_time;/gt3r_segment_lat[0:256:];/gt3r_segment_lon[0:256:];/gt3r_delta_time[0:256:];/gt3l_segment_lat[0:256:];/gt3l_segment_lon[0:256:];/gt3l_delta_time[0:256:];/gt2r_segment_lat[0:256:];/gt2r_segment_lon[0:256:];/gt2r_delta_time[0:256:];/gt2l_segment_lat[0:256:];/gt2l_segment_lon[0:256:];/gt2l_delta_time[0:256:];/gt1r_segment_lat[0:256:];/gt1r_segment_lon[0:256:];/gt1r_delta_time[0:256:];/gt1l_segment_lat[0:256:];/gt1l_segment_lon[0:256:];/gt1l_delta_time[0:256:]"; transmitting
1692893401,187,timing,elapsed_us,120951,start_us,1692893401834457,stop_us,1692893401955408,-,DmrppArray::read_super_chunks_concurrent() -  name: gt1r_segment_lat
1692893401,187,timing,elapsed_us,124698,start_us,1692893401550346,stop_us,1692893401675044,-,DmrppArray::read_contiguous() -  name: orbit_info_rgt
1692893401,187,timing,elapsed_us,157751,start_us,1692893401675759,stop_us,1692893401833510,-,DmrppArray::read_super_chunks_concurrent() -  name: gt1r_segment_lon
1692893401,187,timing,elapsed_us,2392840,start_us,1692893399146743,stop_us,1692893401539583,-,RemoteResource::get_url() - source url: https://data.nsidc.uat.earthdatacloud.nasa.gov/nsidc-cumulus-uat-protected/ATLAS/ATL13/005/2020/01/ATL13_20200101002212_00810601_005_01.h5.dmrpp
1692893402,187,timing,elapsed_us,119893,start_us,1692893401956261,stop_us,1692893402076154,-,DmrppArray::read_super_chunks_concurrent() -  name: gt2r_segment_lon
1692893402,187,timing,elapsed_us,124638,start_us,1692893402430557,stop_us,1692893402555195,-,DmrppArray::read_super_chunks_concurrent() -  name: gt3r_segment_lat
1692893402,187,timing,elapsed_us,1385018,start_us,1692893401548887,stop_us,1692893402933905,-,BESDapResponseBuilder::serialize_dap4_data() - Timer
1692893402,187,timing,elapsed_us,1385398,start_us,1692893401548536,stop_us,1692893402933934,http-nio-8080-exec-6:34[bes_client:/-0],get dap for d1 return as dap2; transmitting
1692893402,187,timing,elapsed_us,143983,start_us,1692893402688499,stop_us,1692893402832482,-,DmrppArray::read_super_chunks_concurrent() -  name: gt2r_delta_time
1692893402,187,timing,elapsed_us,167,start_us,1692893402935289,stop_us,1692893402935456,-,BESInterface::execute_request
1692893402,187,timing,elapsed_us,194,start_us,1692893402935285,stop_us,1692893402935479,-,BESServerHandler::execute
1692893402,187,timing,elapsed_us,22794,start_us,1692893402833110,stop_us,1692893402855904,-,DmrppArray::read_super_chunks_concurrent() -  name: gt3l_delta_time
1692893402,187,timing,elapsed_us,23995,start_us,1692893402327774,stop_us,1692893402351769,-,DmrppArray::read_super_chunks_concurrent() -  name: gt2l_segment_lon
1692893402,187,timing,elapsed_us,24375,start_us,1692893402352010,stop_us,1692893402376385,-,DmrppArray::read_super_chunks_concurrent() -  name: gt2l_segment_lat
1692893402,187,timing,elapsed_us,25230,start_us,1692893402908403,stop_us,1692893402933633,-,DmrppArray::read_contiguous() -  name: orbit_info_crossing_time
1692893402,187,timing,elapsed_us,26038,start_us,1692893402301482,stop_us,1692893402327520,-,DmrppArray::read_super_chunks_concurrent() -  name: gt3l_segment_lat
1692893402,187,timing,elapsed_us,26738,start_us,1692893402620417,stop_us,1692893402647155,-,DmrppArray::read_super_chunks_concurrent() -  name: gt1r_delta_time
1692893402,187,timing,elapsed_us,36926,start_us,1692893402222568,stop_us,1692893402259494,-,DmrppArray::read_super_chunks_concurrent() -  name: gt1l_segment_lat
1692893402,187,timing,elapsed_us,40584,start_us,1692893402647424,stop_us,1692893402688008,-,DmrppArray::read_super_chunks_concurrent() -  name: gt2l_delta_time
1692893402,187,timing,elapsed_us,4121215,start_us,1692893398812741,stop_us,1692893402933956,-,BESInterface::execute_request
1692893402,187,timing,elapsed_us,4122551,start_us,1692893398812715,stop_us,1692893402935266,-,BESServerHandler::execute
1692893402,187,timing,elapsed_us,41409,start_us,1692893402259782,stop_us,1692893402301191,-,DmrppArray::read_super_chunks_concurrent() -  name: gt3l_segment_lon
1692893402,187,timing,elapsed_us,51804,start_us,1692893402856463,stop_us,1692893402908267,-,DmrppArray::read_super_chunks_concurrent() -  name: gt3r_delta_time
1692893402,187,timing,elapsed_us,52856,start_us,1692893402377107,stop_us,1692893402429963,-,DmrppArray::read_super_chunks_concurrent() -  name: gt3r_segment_lon
1692893402,187,timing,elapsed_us,58502,start_us,1692893402163789,stop_us,1692893402222291,-,DmrppArray::read_super_chunks_concurrent() -  name: gt1l_segment_lon
1692893402,187,timing,elapsed_us,64304,start_us,1692893402555526,stop_us,1692893402619830,-,DmrppArray::read_super_chunks_concurrent() -  name: gt1l_delta_time
1692893402,187,timing,elapsed_us,7,start_us,1692893402935441,stop_us,1692893402935448,client: /-0:81,show status; transmitting
1692893402,187,timing,elapsed_us,86764,start_us,1692893402076717,stop_us,1692893402163481,-,DmrppArray::read_super_chunks_concurrent() -  name: gt2r_segment_lat
1692893451,187,timing,elapsed_us,213133,start_us,1692893451689890,stop_us,1692893451903023,-,RemoteResource::get_url() - source url: https://cmr.uat.earthdata.nasa.gov/search/granules.umm_json_v1_4?collection_concept_id=C1241426907-NSIDC_CUAT&granule_ur=ATL08_20200101145654_00900605_005_01.h5
1692893451,187,timing,elapsed_us,8,start_us,1692893451903447,stop_us,1692893451903455,http-nio-8080-exec-6:34[bes_client:/-0],set container in ngap values ngapContainer,collections/C1241426907-NSIDC_CUAT/granules/ATL08_20200101145654_00900605_005_01.h5; transmitting
1692893451,187,timing,elapsed_us,8,start_us,1692893451903661,stop_us,1692893451903669,http-nio-8080-exec-6:34[bes_client:/-0],define d1 in default as ngapContainer with ngapContainer.dap4constraint="/orbit_info_rgt;/orbit_info_crossing_time;/gt3r_land_segments_latitude[0:8:];/gt3r_land_segments_longitude[0:8:];/gt3r_land_segments_terrain_h_te_best_fit[0:8:];/gt3r_land_segments_canopy_h_canopy[0:8:];/gt3r_land_segments_delta_time[0:8:];/gt3l_land_segments_latitude[0:8:];/gt3l_land_segments_longitude[0:8:];/gt3l_land_segments_terrain_h_te_best_fit[0:8:];/gt3l_land_segments_canopy_h_canopy[0:8:];/gt3l_land_segments_delta_time[0:8:];/gt2r_land_segments_latitude[0:8:];/gt2r_land_segments_longitude[0:8:];/gt2r_land_segments_terrain_h_te_best_fit[0:8:];/gt2r_land_segments_canopy_h_canopy[0:8:];/gt2r_land_segments_delta_time[0:8:];/gt2l_land_segments_latitude[0:8:];/gt2l_land_segments_longitude[0:8:];/gt2l_land_segments_terrain_h_te_best_fit[0:8:];/gt2l_land_segments_canopy_h_canopy[0:8:];/gt2l_land_segments_delta_time[0:8:];/gt1r_land_segments_latitude[0:8:];/gt1r_land_segments_longitude[0:8:];/gt1r_land_segments_terrain_h_te_best_fit[0:8:];/gt1r_land_segments_canopy_h_canopy[0:8:];/gt1r_land_segments_delta_time[0:8:];/gt1l_land_segments_latitude[0:8:];/gt1l_land_segments_longitude[0:8:];/gt1l_land_segments_terrain_h_te_best_fit[0:8:];/gt1l_land_segments_canopy_h_canopy[0:8:];/gt1l_land_segments_delta_time[0:8:]"; transmitting
1692893454,187,timing,elapsed_us,116157,start_us,1692893454331186,stop_us,1692893454447343,-,DmrppArray::read_contiguous() -  name: gt2r_land_segments_delta_time
1692893454,187,timing,elapsed_us,13257,start_us,1692893454968514,stop_us,1692893454981771,-,DmrppArray::read_contiguous() -  name: gt2l_land_segments_terrain_h_te_best_fit
1692893454,187,timing,elapsed_us,13895,start_us,1692893454937498,stop_us,1692893454951393,-,DmrppArray::read_contiguous() -  name: gt3l_land_segments_latitude
1692893454,187,timing,elapsed_us,14760,start_us,1692893454696244,stop_us,1692893454711004,-,DmrppArray::read_contiguous() -  name: gt2r_land_segments_terrain_h_te_best_fit
1692893454,187,timing,elapsed_us,14942,start_us,1692893454922457,stop_us,1692893454937399,-,DmrppArray::read_contiguous() -  name: gt3l_land_segments_longitude
1692893454,187,timing,elapsed_us,14981,start_us,1692893454981857,stop_us,1692893454996838,-,DmrppArray::read_contiguous() -  name: gt2l_land_segments_longitude
1692893454,187,timing,elapsed_us,15391,start_us,1692893454680764,stop_us,1692893454696155,-,DmrppArray::read_contiguous() -  name: gt2r_land_segments_canopy_h_canopy
1692893454,187,timing,elapsed_us,15798,start_us,1692893454805895,stop_us,1692893454821693,-,DmrppArray::read_contiguous() -  name: gt1l_land_segments_longitude
1692893454,187,timing,elapsed_us,15886,start_us,1692893454528945,stop_us,1692893454544831,-,DmrppArray::read_contiguous() -  name: orbit_info_crossing_time
1692893454,187,timing,elapsed_us,16806,start_us,1692893454951508,stop_us,1692893454968314,-,DmrppArray::read_contiguous() -  name: gt2l_land_segments_canopy_h_canopy
1692893454,187,timing,elapsed_us,16875,start_us,1692893454788936,stop_us,1692893454805811,-,DmrppArray::read_contiguous() -  name: gt1l_land_segments_terrain_h_te_best_fit
1692893454,187,timing,elapsed_us,17149,start_us,1692893454603616,stop_us,1692893454620765,-,DmrppArray::read_contiguous() -  name: gt1r_land_segments_terrain_h_te_best_fit
1692893454,187,timing,elapsed_us,17351,start_us,1692893454746149,stop_us,1692893454763500,-,DmrppArray::read_contiguous() -  name: gt2r_land_segments_latitude
1692893454,187,timing,elapsed_us,18677,start_us,1692893454510181,stop_us,1692893454528858,-,DmrppArray::read_contiguous() -  name: gt3r_land_segments_delta_time
1692893454,187,timing,elapsed_us,19762,start_us,1692893454274027,stop_us,1692893454293789,-,DmrppArray::read_contiguous() -  name: gt1r_land_segments_delta_time
1692893454,187,timing,elapsed_us,2279567,start_us,1692893451904511,stop_us,1692893454184078,-,RemoteResource::get_url() - source url: https://data.nsidc.uat.earthdatacloud.nasa.gov/nsidc-cumulus-uat-protected/ATLAS/ATL08/005/2020/01/01/ATL08_20200101145654_00900605_005_01.h5.dmrpp
1692893454,187,timing,elapsed_us,25184,start_us,1692893454763674,stop_us,1692893454788858,-,DmrppArray::read_contiguous() -  name: gt1l_land_segments_canopy_h_canopy
1692893454,187,timing,elapsed_us,27423,start_us,1692893454576000,stop_us,1692893454603423,-,DmrppArray::read_contiguous() -  name: gt1r_land_segments_canopy_h_canopy
1692893454,187,timing,elapsed_us,29405,start_us,1692893454651150,stop_us,1692893454680555,-,DmrppArray::read_contiguous() -  name: gt1r_land_segments_latitude
1692893454,187,timing,elapsed_us,30227,start_us,1692893454620839,stop_us,1692893454651066,-,DmrppArray::read_contiguous() -  name: gt1r_land_segments_longitude
1692893454,187,timing,elapsed_us,30637,start_us,1692893454891735,stop_us,1692893454922372,-,DmrppArray::read_contiguous() -  name: gt3l_land_segments_terrain_h_te_best_fit
1692893454,187,timing,elapsed_us,30837,start_us,1692893454544995,stop_us,1692893454575832,-,DmrppArray::read_contiguous() -  name: orbit_info_rgt
1692893454,187,timing,elapsed_us,32603,start_us,1692893454858933,stop_us,1692893454891536,-,DmrppArray::read_contiguous() -  name: gt3l_land_segments_canopy_h_canopy
1692893454,187,timing,elapsed_us,34900,start_us,1692893454711120,stop_us,1692893454746020,-,DmrppArray::read_contiguous() -  name: gt2r_land_segments_longitude
1692893454,187,timing,elapsed_us,36962,start_us,1692893454821877,stop_us,1692893454858839,-,DmrppArray::read_contiguous() -  name: gt1l_land_segments_latitude
1692893454,187,timing,elapsed_us,37075,start_us,1692893454294004,stop_us,1692893454331079,-,DmrppArray::read_contiguous() -  name: gt2l_land_segments_delta_time
1692893454,187,timing,elapsed_us,62579,start_us,1692893454447506,stop_us,1692893454510085,-,DmrppArray::read_contiguous() -  name: gt3l_land_segments_delta_time
1692893454,187,timing,elapsed_us,69810,start_us,1692893454204095,stop_us,1692893454273905,-,DmrppArray::read_contiguous() -  name: gt1l_land_segments_delta_time
1692893455,187,timing,elapsed_us,14867,start_us,1692893455045116,stop_us,1692893455059983,-,DmrppArray::read_contiguous() -  name: gt3r_land_segments_longitude
1692893455,187,timing,elapsed_us,15006,start_us,1692893455029939,stop_us,1692893455044945,-,DmrppArray::read_contiguous() -  name: gt3r_land_segments_terrain_h_te_best_fit
1692893455,187,timing,elapsed_us,156,start_us,1692893455077589,stop_us,1692893455077745,-,BESInterface::execute_request
1692893455,187,timing,elapsed_us,16068,start_us,1692893455060121,stop_us,1692893455076189,-,DmrppArray::read_contiguous() -  name: gt3r_land_segments_latitude
1692893455,187,timing,elapsed_us,16173,start_us,1692893455013662,stop_us,1692893455029835,-,DmrppArray::read_contiguous() -  name: gt3r_land_segments_canopy_h_canopy
1692893455,187,timing,elapsed_us,16446,start_us,1692893454997032,stop_us,1692893455013478,-,DmrppArray::read_contiguous() -  name: gt2l_land_segments_latitude
1692893455,187,timing,elapsed_us,187,start_us,1692893455077584,stop_us,1692893455077771,-,BESServerHandler::execute
1692893455,187,timing,elapsed_us,3391671,start_us,1692893451684687,stop_us,1692893455076358,-,BESInterface::execute_request
1692893455,187,timing,elapsed_us,3392885,start_us,1692893451684671,stop_us,1692893455077556,-,BESServerHandler::execute
1692893455,187,timing,elapsed_us,6,start_us,1692893455077732,stop_us,1692893455077738,client: /-0:83,show status; transmitting
1692893455,187,timing,elapsed_us,873696,start_us,1692893454202641,stop_us,1692893455076337,-,BESDapResponseBuilder::serialize_dap4_data() - Timer
1692893455,187,timing,elapsed_us,874132,start_us,1692893454202218,stop_us,1692893455076350,http-nio-8080-exec-6:34[bes_client:/-0],get dap for d1 return as dap2; transmitting
1692893476,187,timing,elapsed_us,332802,start_us,1692893476381453,stop_us,1692893476714255,-,RemoteResource::get_url() - source url: https://cmr.uat.earthdata.nasa.gov/search/granules.umm_json_v1_4?collection_concept_id=C1241426907-NSIDC_CUAT&granule_ur=ATL08_20200101145654_00900605_005_01.h5
1692893476,187,timing,elapsed_us,7,start_us,1692893476714663,stop_us,1692893476714670,http-nio-8080-exec-5:33[bes_client:/-0],set container in ngap values ngapContainer,collections/C1241426907-NSIDC_CUAT/granules/ATL08_20200101145654_00900605_005_01.h5; transmitting
1692893476,187,timing,elapsed_us,8,start_us,1692893476715035,stop_us,1692893476715043,http-nio-8080-exec-5:33[bes_client:/-0],define d1 in default as ngapContainer with ngapContainer.dap4constraint="/orbit_info_rgt;/orbit_info_crossing_time;/gt3r_land_segments_latitude[0:8:];/gt3r_land_segments_longitude[0:8:];/gt3r_land_segments_terrain_h_te_best_fit[0:8:];/gt3r_land_segments_canopy_h_canopy[0:8:];/gt3r_land_segments_delta_time[0:8:];/gt3l_land_segments_latitude[0:8:];/gt3l_land_segments_longitude[0:8:];/gt3l_land_segments_terrain_h_te_best_fit[0:8:];/gt3l_land_segments_canopy_h_canopy[0:8:];/gt3l_land_segments_delta_time[0:8:];/gt2r_land_segments_latitude[0:8:];/gt2r_land_segments_longitude[0:8:];/gt2r_land_segments_terrain_h_te_best_fit[0:8:];/gt2r_land_segments_canopy_h_canopy[0:8:];/gt2r_land_segments_delta_time[0:8:];/gt2l_land_segments_latitude[0:8:];/gt2l_land_segments_longitude[0:8:];/gt2l_land_segments_terrain_h_te_best_fit[0:8:];/gt2l_land_segments_canopy_h_canopy[0:8:];/gt2l_land_segments_delta_time[0:8:];/gt1r_land_segments_latitude[0:8:];/gt1r_land_segments_longitude[0:8:];/gt1r_land_segments_terrain_h_te_best_fit[0:8:];/gt1r_land_segments_canopy_h_canopy[0:8:];/gt1r_land_segments_delta_time[0:8:];/gt1l_land_segments_latitude[0:8:];/gt1l_land_segments_longitude[0:8:];/gt1l_land_segments_terrain_h_te_best_fit[0:8:];/gt1l_land_segments_canopy_h_canopy[0:8:];/gt1l_land_segments_delta_time[0:8:]"; transmitting
1692893478,187,timing,elapsed_us,2279181,start_us,1692893476715892,stop_us,1692893478995073,-,RemoteResource::get_url() - source url: https://data.nsidc.uat.earthdatacloud.nasa.gov/nsidc-cumulus-uat-protected/ATLAS/ATL08/005/2020/01/01/ATL08_20200101145654_00900605_005_01.h5.dmrpp
1692893479,187,timing,elapsed_us,13197,start_us,1692893479710883,stop_us,1692893479724080,-,DmrppArray::read_contiguous() -  name: gt1l_land_segments_canopy_h_canopy
1692893479,187,timing,elapsed_us,13644,start_us,1692893479230541,stop_us,1692893479244185,-,DmrppArray::read_contiguous() -  name: gt3r_land_segments_delta_time
1692893479,187,timing,elapsed_us,13763,start_us,1692893479072809,stop_us,1692893479086572,-,DmrppArray::read_contiguous() -  name: gt1r_land_segments_delta_time
1692893479,187,timing,elapsed_us,141986,start_us,1692893479244280,stop_us,1692893479386266,-,DmrppArray::read_contiguous() -  name: orbit_info_crossing_time
1692893479,187,timing,elapsed_us,14783,start_us,1692893479932171,stop_us,1692893479946954,-,DmrppArray::read_contiguous() -  name: gt2l_land_segments_longitude
1692893479,187,timing,elapsed_us,15045,start_us,1692893479468016,stop_us,1692893479483061,-,DmrppArray::read_contiguous() -  name: gt1r_land_segments_terrain_h_te_best_fit
1692893479,187,timing,elapsed_us,15175,start_us,1692893479830905,stop_us,1692893479846080,-,DmrppArray::read_contiguous() -  name: gt3l_land_segments_canopy_h_canopy
1692893479,187,timing,elapsed_us,15471,start_us,1692893479880938,stop_us,1692893479896409,-,DmrppArray::read_contiguous() -  name: gt3l_land_segments_latitude
1692893479,187,timing,elapsed_us,15618,start_us,1692893479846166,stop_us,1692893479861784,-,DmrppArray::read_contiguous() -  name: gt3l_land_segments_terrain_h_te_best_fit
1692893479,187,timing,elapsed_us,16913,start_us,1692893479915175,stop_us,1692893479932088,-,DmrppArray::read_contiguous() -  name: gt2l_land_segments_terrain_h_te_best_fit
1692893479,187,timing,elapsed_us,17217,start_us,1692893479450638,stop_us,1692893479467855,-,DmrppArray::read_contiguous() -  name: gt1r_land_segments_canopy_h_canopy
1692893479,187,timing,elapsed_us,17757,start_us,1692893479692966,stop_us,1692893479710723,-,DmrppArray::read_contiguous() -  name: gt2r_land_segments_latitude
1692893479,187,timing,elapsed_us,18490,start_us,1692893479896576,stop_us,1692893479915066,-,DmrppArray::read_contiguous() -  name: gt2l_land_segments_canopy_h_canopy
1692893479,187,timing,elapsed_us,18815,start_us,1692893479861951,stop_us,1692893479880766,-,DmrppArray::read_contiguous() -  name: gt3l_land_segments_longitude
1692893479,187,timing,elapsed_us,26255,start_us,1692893479204193,stop_us,1692893479230448,-,DmrppArray::read_contiguous() -  name: gt3l_land_segments_delta_time
1692893479,187,timing,elapsed_us,27282,start_us,1692893479803443,stop_us,1692893479830725,-,DmrppArray::read_contiguous() -  name: gt1l_land_segments_latitude
1692893479,187,timing,elapsed_us,27461,start_us,1692893479665323,stop_us,1692893479692784,-,DmrppArray::read_contiguous() -  name: gt2r_land_segments_longitude
1692893479,187,timing,elapsed_us,29863,start_us,1692893479483144,stop_us,1692893479513007,-,DmrppArray::read_contiguous() -  name: gt1r_land_segments_longitude
1692893479,187,timing,elapsed_us,35641,start_us,1692893479570182,stop_us,1692893479605823,-,DmrppArray::read_contiguous() -  name: gt2r_land_segments_canopy_h_canopy
1692893479,187,timing,elapsed_us,37793,start_us,1692893479765465,stop_us,1692893479803258,-,DmrppArray::read_contiguous() -  name: gt1l_land_segments_longitude
1692893479,187,timing,elapsed_us,41115,start_us,1692893479724167,stop_us,1692893479765282,-,DmrppArray::read_contiguous() -  name: gt1l_land_segments_terrain_h_te_best_fit
1692893479,187,timing,elapsed_us,55306,start_us,1692893479148795,stop_us,1692893479204101,-,DmrppArray::read_contiguous() -  name: gt2r_land_segments_delta_time
1692893479,187,timing,elapsed_us,57009,start_us,1692893479513092,stop_us,1692893479570101,-,DmrppArray::read_contiguous() -  name: gt1r_land_segments_latitude
1692893479,187,timing,elapsed_us,57632,start_us,1692893479014920,stop_us,1692893479072552,-,DmrppArray::read_contiguous() -  name: gt1l_land_segments_delta_time
1692893479,187,timing,elapsed_us,59171,start_us,1692893479605995,stop_us,1692893479665166,-,DmrppArray::read_contiguous() -  name: gt2r_land_segments_terrain_h_te_best_fit
1692893479,187,timing,elapsed_us,61890,start_us,1692893479086669,stop_us,1692893479148559,-,DmrppArray::read_contiguous() -  name: gt2l_land_segments_delta_time
1692893479,187,timing,elapsed_us,64049,start_us,1692893479386422,stop_us,1692893479450471,-,DmrppArray::read_contiguous() -  name: orbit_info_rgt
1692893480,187,timing,elapsed_us,1072783,start_us,1692893479013473,stop_us,1692893480086256,-,BESDapResponseBuilder::serialize_dap4_data() - Timer
1692893480,187,timing,elapsed_us,1073186,start_us,1692893479013083,stop_us,1692893480086269,http-nio-8080-exec-5:33[bes_client:/-0],get dap for d1 return as dap2; transmitting
1692893480,187,timing,elapsed_us,13888,start_us,1692893480042923,stop_us,1692893480056811,-,DmrppArray::read_contiguous() -  name: gt3r_land_segments_terrain_h_te_best_fit
1692893480,187,timing,elapsed_us,14005,start_us,1692893480072116,stop_us,1692893480086121,-,DmrppArray::read_contiguous() -  name: gt3r_land_segments_latitude
1692893480,187,timing,elapsed_us,15147,start_us,1692893480056896,stop_us,1692893480072043,-,DmrppArray::read_contiguous() -  name: gt3r_land_segments_longitude
1692893480,187,timing,elapsed_us,159,start_us,1692893480087388,stop_us,1692893480087547,-,BESInterface::execute_request
1692893480,187,timing,elapsed_us,186,start_us,1692893480087384,stop_us,1692893480087570,-,BESServerHandler::execute
1692893480,187,timing,elapsed_us,26727,start_us,1692893480016031,stop_us,1692893480042758,-,DmrppArray::read_contiguous() -  name: gt3r_land_segments_canopy_h_canopy
1692893480,187,timing,elapsed_us,3709551,start_us,1692893476376725,stop_us,1692893480086276,-,BESInterface::execute_request
1692893480,187,timing,elapsed_us,3710663,start_us,1692893476376700,stop_us,1692893480087363,-,BESServerHandler::execute
1692893480,187,timing,elapsed_us,6,start_us,1692893480087534,stop_us,1692893480087540,client: /-0:85,show status; transmitting
1692893480,187,timing,elapsed_us,68816,start_us,1692893479947068,stop_us,1692893480015884,-,DmrppArray::read_contiguous() -  name: gt2l_land_segments_latitude
1692893501,187,timing,elapsed_us,204848,start_us,1692893501266171,stop_us,1692893501471019,-,RemoteResource::get_url() - source url: https://cmr.uat.earthdata.nasa.gov/search/granules.umm_json_v1_4?collection_concept_id=C1241426907-NSIDC_CUAT&granule_ur=ATL08_20200101145654_00900605_005_01.h5
1692893501,187,timing,elapsed_us,7,start_us,1692893501471460,stop_us,1692893501471467,http-nio-8080-exec-6:34[bes_client:/-0],set container in ngap values ngapContainer,collections/C1241426907-NSIDC_CUAT/granules/ATL08_20200101145654_00900605_005_01.h5; transmitting
1692893501,187,timing,elapsed_us,9,start_us,1692893501471828,stop_us,1692893501471837,http-nio-8080-exec-6:34[bes_client:/-0],define d1 in default as ngapContainer with ngapContainer.dap4constraint="/orbit_info_rgt;/orbit_info_crossing_time;/gt3r_land_segments_latitude[0:8:];/gt3r_land_segments_longitude[0:8:];/gt3r_land_segments_terrain_h_te_best_fit[0:8:];/gt3r_land_segments_canopy_h_canopy[0:8:];/gt3r_land_segments_delta_time[0:8:];/gt3l_land_segments_latitude[0:8:];/gt3l_land_segments_longitude[0:8:];/gt3l_land_segments_terrain_h_te_best_fit[0:8:];/gt3l_land_segments_canopy_h_canopy[0:8:];/gt3l_land_segments_delta_time[0:8:];/gt2r_land_segments_latitude[0:8:];/gt2r_land_segments_longitude[0:8:];/gt2r_land_segments_terrain_h_te_best_fit[0:8:];/gt2r_land_segments_canopy_h_canopy[0:8:];/gt2r_land_segments_delta_time[0:8:];/gt2l_land_segments_latitude[0:8:];/gt2l_land_segments_longitude[0:8:];/gt2l_land_segments_terrain_h_te_best_fit[0:8:];/gt2l_land_segments_canopy_h_canopy[0:8:];/gt2l_land_segments_delta_time[0:8:];/gt1r_land_segments_latitude[0:8:];/gt1r_land_segments_longitude[0:8:];/gt1r_land_segments_terrain_h_te_best_fit[0:8:];/gt1r_land_segments_canopy_h_canopy[0:8:];/gt1r_land_segments_delta_time[0:8:];/gt1l_land_segments_latitude[0:8:];/gt1l_land_segments_longitude[0:8:];/gt1l_land_segments_terrain_h_te_best_fit[0:8:];/gt1l_land_segments_canopy_h_canopy[0:8:];/gt1l_land_segments_delta_time[0:8:]"; transmitting
1692893503,187,timing,elapsed_us,14481,start_us,1692893503873470,stop_us,1692893503887951,-,DmrppArray::read_contiguous() -  name: gt2l_land_segments_delta_time
1692893503,187,timing,elapsed_us,15542,start_us,1692893503903963,stop_us,1692893503919505,-,DmrppArray::read_contiguous() -  name: gt3l_land_segments_delta_time
1692893503,187,timing,elapsed_us,15774,start_us,1692893503888032,stop_us,1692893503903806,-,DmrppArray::read_contiguous() -  name: gt2r_land_segments_delta_time
1692893503,187,timing,elapsed_us,15847,start_us,1692893503961308,stop_us,1692893503977155,-,DmrppArray::read_contiguous() -  name: orbit_info_rgt
1692893503,187,timing,elapsed_us,16738,start_us,1692893503944397,stop_us,1692893503961135,-,DmrppArray::read_contiguous() -  name: orbit_info_crossing_time
1692893503,187,timing,elapsed_us,17281,start_us,1692893503977305,stop_us,1692893503994586,-,DmrppArray::read_contiguous() -  name: gt1r_land_segments_canopy_h_canopy
1692893503,187,timing,elapsed_us,17522,start_us,1692893503855844,stop_us,1692893503873366,-,DmrppArray::read_contiguous() -  name: gt1r_land_segments_delta_time
1692893503,187,timing,elapsed_us,2308163,start_us,1692893501472693,stop_us,1692893503780856,-,RemoteResource::get_url() - source url: https://data.nsidc.uat.earthdatacloud.nasa.gov/nsidc-cumulus-uat-protected/ATLAS/ATL08/005/2020/01/01/ATL08_20200101145654_00900605_005_01.h5.dmrpp
1692893503,187,timing,elapsed_us,24473,start_us,1692893503919713,stop_us,1692893503944186,-,DmrppArray::read_contiguous() -  name: gt3r_land_segments_delta_time
1692893503,187,timing,elapsed_us,54718,start_us,1692893503800901,stop_us,1692893503855619,-,DmrppArray::read_contiguous() -  name: gt1l_land_segments_delta_time
1692893504,187,timing,elapsed_us,115951,start_us,1692893504215002,stop_us,1692893504330953,-,DmrppArray::read_contiguous() -  name: gt3l_land_segments_terrain_h_te_best_fit
1692893504,187,timing,elapsed_us,14900,start_us,1692893504101960,stop_us,1692893504116860,-,DmrppArray::read_contiguous() -  name: gt2r_land_segments_latitude
1692893504,187,timing,elapsed_us,14904,start_us,1692893504116976,stop_us,1692893504131880,-,DmrppArray::read_contiguous() -  name: gt1l_land_segments_canopy_h_canopy
1692893504,187,timing,elapsed_us,15356,start_us,1692893504131986,stop_us,1692893504147342,-,DmrppArray::read_contiguous() -  name: gt1l_land_segments_terrain_h_te_best_fit
1692893504,187,timing,elapsed_us,154,start_us,1692893504709148,stop_us,1692893504709302,-,BESInterface::execute_request
1692893504,187,timing,elapsed_us,15852,start_us,1692893504051038,stop_us,1692893504066890,-,DmrppArray::read_contiguous() -  name: gt2r_land_segments_canopy_h_canopy
1692893504,187,timing,elapsed_us,16562,start_us,1692893504573950,stop_us,1692893504590512,-,DmrppArray::read_contiguous() -  name: gt2l_land_segments_latitude
1692893504,187,timing,elapsed_us,16571,start_us,1692893504530633,stop_us,1692893504547204,-,DmrppArray::read_contiguous() -  name: gt2l_land_segments_terrain_h_te_best_fit
1692893504,187,timing,elapsed_us,16689,start_us,1692893504013654,stop_us,1692893504030343,-,DmrppArray::read_contiguous() -  name: gt1r_land_segments_longitude
1692893504,187,timing,elapsed_us,16762,start_us,1692893504165058,stop_us,1692893504181820,-,DmrppArray::read_contiguous() -  name: gt1l_land_segments_latitude
1692893504,187,timing,elapsed_us,17064,start_us,1692893504066979,stop_us,1692893504084043,-,DmrppArray::read_contiguous() -  name: gt2r_land_segments_terrain_h_te_best_fit
1692893504,187,timing,elapsed_us,17523,start_us,1692893504147445,stop_us,1692893504164968,-,DmrppArray::read_contiguous() -  name: gt1l_land_segments_longitude
1692893504,187,timing,elapsed_us,17652,start_us,1692893504084209,stop_us,1692893504101861,-,DmrppArray::read_contiguous() -  name: gt2r_land_segments_longitude
1692893504,187,timing,elapsed_us,184,start_us,1692893504709144,stop_us,1692893504709328,-,BESServerHandler::execute
1692893504,187,timing,elapsed_us,18804,start_us,1692893503994776,stop_us,1692893504013580,-,DmrppArray::read_contiguous() -  name: gt1r_land_segments_terrain_h_te_best_fit
1692893504,187,timing,elapsed_us,20460,start_us,1692893504030504,stop_us,1692893504050964,-,DmrppArray::read_contiguous() -  name: gt1r_land_segments_latitude
1692893504,187,timing,elapsed_us,25029,start_us,1692893504682680,stop_us,1692893504707709,-,DmrppArray::read_contiguous() -  name: gt3r_land_segments_latitude
1692893504,187,timing,elapsed_us,26335,start_us,1692893504331040,stop_us,1692893504357375,-,DmrppArray::read_contiguous() -  name: gt3l_land_segments_longitude
1692893504,187,timing,elapsed_us,26470,start_us,1692893504547293,stop_us,1692893504573763,-,DmrppArray::read_contiguous() -  name: gt2l_land_segments_longitude
1692893504,187,timing,elapsed_us,29255,start_us,1692893504621914,stop_us,1692893504651169,-,DmrppArray::read_contiguous() -  name: gt3r_land_segments_terrain_h_te_best_fit
1692893504,187,timing,elapsed_us,31076,start_us,1692893504590672,stop_us,1692893504621748,-,DmrppArray::read_contiguous() -  name: gt3r_land_segments_canopy_h_canopy
1692893504,187,timing,elapsed_us,31261,start_us,1692893504651252,stop_us,1692893504682513,-,DmrppArray::read_contiguous() -  name: gt3r_land_segments_longitude
1692893504,187,timing,elapsed_us,32997,start_us,1692893504181929,stop_us,1692893504214926,-,DmrppArray::read_contiguous() -  name: gt3l_land_segments_canopy_h_canopy
1692893504,187,timing,elapsed_us,3447194,start_us,1692893501260777,stop_us,1692893504707971,-,BESInterface::execute_request
1692893504,187,timing,elapsed_us,3448375,start_us,1692893501260741,stop_us,1692893504709116,-,BESServerHandler::execute
1692893504,187,timing,elapsed_us,6,start_us,1692893504709288,stop_us,1692893504709294,client: /-0:87,show status; transmitting
1692893504,187,timing,elapsed_us,79123,start_us,1692893504451329,stop_us,1692893504530452,-,DmrppArray::read_contiguous() -  name: gt2l_land_segments_canopy_h_canopy
1692893504,187,timing,elapsed_us,908587,start_us,1692893503799365,stop_us,1692893504707952,-,BESDapResponseBuilder::serialize_dap4_data() - Timer
1692893504,187,timing,elapsed_us,908999,start_us,1692893503798965,stop_us,1692893504707964,http-nio-8080-exec-6:34[bes_client:/-0],get dap for d1 return as dap2; transmitting
1692893504,187,timing,elapsed_us,93685,start_us,1692893504357563,stop_us,1692893504451248,-,DmrppArray::read_contiguous() -  name: gt3l_land_segments_latitude
1692893538,187,timing,elapsed_us,202798,start_us,1692893538116947,stop_us,1692893538319745,-,RemoteResource::get_url() - source url: https://cmr.uat.earthdata.nasa.gov/search/granules.umm_json_v1_4?collection_concept_id=C1241426826-NSIDC_CUAT&granule_ur=ATL03_20200101145654_00900605_005_01.h5
1692893538,187,timing,elapsed_us,6,start_us,1692893538320345,stop_us,1692893538320351,http-nio-8080-exec-4:32[bes_client:/-0],define d1 in default as ngapContainer with ngapContainer.dap4constraint="/gt3r_geolocation_delta_time;/gt3r_geolocation_reference_photon_lat;/gt3r_geolocation_reference_photon_lon;/gt3r_geolocation_reference_photon_index;/gt3r_geolocation_segment_ph_cnt;/gt3r_geolocation_ph_index_beg;/gt3r_geolocation_segment_id"; transmitting
1692893538,187,timing,elapsed_us,8,start_us,1692893538319981,stop_us,1692893538319989,http-nio-8080-exec-4:32[bes_client:/-0],set container in ngap values ngapContainer,collections/C1241426826-NSIDC_CUAT/granules/ATL03_20200101145654_00900605_005_01.h5; transmitting
1692893540,187,timing,elapsed_us,2337085,start_us,1692893538321246,stop_us,1692893540658331,-,RemoteResource::get_url() - source url: https://data.nsidc.uat.earthdatacloud.nasa.gov/nsidc-cumulus-uat-protected/ATLAS/ATL03/005/2020/01/01/ATL03_20200101145654_00900605_005_01.h5.dmrpp
1692893543,187,timing,elapsed_us,11,start_us,1692893543408619,stop_us,1692893543408630,client: /-0:89,show status; transmitting
1692893543,187,timing,elapsed_us,16836,start_us,1692893543312171,stop_us,1692893543329007,-,DmrppArray::read_super_chunks_unconstrained_concurrent() -  name: gt3r_geolocation_segment_id
1692893543,187,timing,elapsed_us,19572,start_us,1692893543358177,stop_us,1692893543377749,-,DmrppArray::read_super_chunks_unconstrained_concurrent() -  name: gt3r_geolocation_reference_photon_index
1692893543,187,timing,elapsed_us,2405865,start_us,1692893540698821,stop_us,1692893543104686,-,CurlUtils::retrieve_effective_url() -  Following Redirects Starting With: https://data.nsidc.uat.earthdatacloud.nasa.gov/nsidc-cumulus-uat-protected/ATLAS/ATL03/005/2020/01/01/ATL03_20200101145654_00900605_005_01.h5
1692893543,187,timing,elapsed_us,24582,start_us,1692893543379269,stop_us,1692893543403851,-,DmrppArray::read_super_chunks_unconstrained_concurrent() -  name: gt3r_geolocation_delta_time
1692893543,187,timing,elapsed_us,24802,start_us,1692893543330814,stop_us,1692893543355616,-,DmrppArray::read_super_chunks_unconstrained_concurrent() -  name: gt3r_geolocation_reference_photon_lat
1692893543,187,timing,elapsed_us,257,start_us,1692893543408388,stop_us,1692893543408645,-,BESInterface::execute_request
1692893543,187,timing,elapsed_us,2709598,start_us,1692893540697031,stop_us,1692893543406629,-,BESDapResponseBuilder::serialize_dap4_data() - Timer
1692893543,187,timing,elapsed_us,2709933,start_us,1692893540696715,stop_us,1692893543406648,http-nio-8080-exec-4:32[bes_client:/-0],get dap for d1 return as dap2; transmitting
1692893543,187,timing,elapsed_us,293,start_us,1692893543408382,stop_us,1692893543408675,-,BESServerHandler::execute
1692893543,187,timing,elapsed_us,34482,start_us,1692893543275084,stop_us,1692893543309566,-,DmrppArray::read_super_chunks_unconstrained_concurrent() -  name: gt3r_geolocation_ph_index_beg
1692893543,187,timing,elapsed_us,5293919,start_us,1692893538112738,stop_us,1692893543406657,-,BESInterface::execute_request
1692893543,187,timing,elapsed_us,5295652,start_us,1692893538112700,stop_us,1692893543408352,-,BESServerHandler::execute
1692893543,187,timing,elapsed_us,65698,start_us,1692893543206793,stop_us,1692893543272491,-,DmrppArray::read_super_chunks_unconstrained_concurrent() -  name: gt3r_geolocation_reference_photon_lon
1692893543,187,timing,elapsed_us,98256,start_us,1692893543106614,stop_us,1692893543204870,-,DmrppArray::read_super_chunks_unconstrained_concurrent() -  name: gt3r_geolocation_segment_ph_cnt
1692893600,187,timing,elapsed_us,251693,start_us,1692893600645116,stop_us,1692893600896809,-,RemoteResource::get_url() - source url: https://cmr.uat.earthdata.nasa.gov/search/granules.umm_json_v1_4?collection_concept_id=C1241426826-NSIDC_CUAT&granule_ur=ATL03_20200101145654_00900605_005_01.h5
1692893600,187,timing,elapsed_us,6,start_us,1692893600897790,stop_us,1692893600897796,http-nio-8080-exec-3:31[bes_client:/-0],define d1 in default as ngapContainer with ngapContainer.dap4constraint="/gt3r_geolocation_delta_time;/gt3r_geolocation_reference_photon_lat;/gt3r_geolocation_reference_photon_lon;/gt3r_geolocation_reference_photon_index;/gt3r_geolocation_segment_ph_cnt;/gt3r_geolocation_ph_index_beg;/gt3r_geolocation_segment_id"; transmitting
1692893600,187,timing,elapsed_us,7,start_us,1692893600897052,stop_us,1692893600897059,http-nio-8080-exec-3:31[bes_client:/-0],set container in ngap values ngapContainer,collections/C1241426826-NSIDC_CUAT/granules/ATL03_20200101145654_00900605_005_01.h5; transmitting
1692893603,187,timing,elapsed_us,161,start_us,1692893603653530,stop_us,1692893603653691,-,BESInterface::execute_request
1692893603,187,timing,elapsed_us,189,start_us,1692893603653526,stop_us,1692893603653715,-,BESServerHandler::execute
1692893603,187,timing,elapsed_us,19958,start_us,1692893603604802,stop_us,1692893603624760,-,DmrppArray::read_super_chunks_unconstrained_concurrent() -  name: gt3r_geolocation_reference_photon_index
1692893603,187,timing,elapsed_us,23096,start_us,1692893603626291,stop_us,1692893603649387,-,DmrppArray::read_super_chunks_unconstrained_concurrent() -  name: gt3r_geolocation_delta_time
1692893603,187,timing,elapsed_us,2421741,start_us,1692893600898653,stop_us,1692893603320394,-,RemoteResource::get_url() - source url: https://data.nsidc.uat.earthdatacloud.nasa.gov/nsidc-cumulus-uat-protected/ATLAS/ATL03/005/2020/01/01/ATL03_20200101145654_00900605_005_01.h5.dmrpp
1692893603,187,timing,elapsed_us,27345,start_us,1692893603433080,stop_us,1692893603460425,-,DmrppArray::read_super_chunks_unconstrained_concurrent() -  name: gt3r_geolocation_reference_photon_lon
1692893603,187,timing,elapsed_us,295958,start_us,1692893603356108,stop_us,1692893603652066,-,BESDapResponseBuilder::serialize_dap4_data() - Timer
1692893603,187,timing,elapsed_us,296302,start_us,1692893603355780,stop_us,1692893603652082,http-nio-8080-exec-3:31[bes_client:/-0],get dap for d1 return as dap2; transmitting
1692893603,187,timing,elapsed_us,3011301,start_us,1692893600640789,stop_us,1692893603652090,-,BESInterface::execute_request
1692893603,187,timing,elapsed_us,3012751,start_us,1692893600640752,stop_us,1692893603653503,-,BESServerHandler::execute
1692893603,187,timing,elapsed_us,33155,start_us,1692893603569008,stop_us,1692893603602163,-,DmrppArray::read_super_chunks_unconstrained_concurrent() -  name: gt3r_geolocation_reference_photon_lat
1692893603,187,timing,elapsed_us,33575,start_us,1692893603462999,stop_us,1692893603496574,-,DmrppArray::read_super_chunks_unconstrained_concurrent() -  name: gt3r_geolocation_ph_index_beg
1692893603,187,timing,elapsed_us,6,start_us,1692893603653678,stop_us,1692893603653684,client: /-0:91,show status; transmitting
1692893603,187,timing,elapsed_us,67957,start_us,1692893603499127,stop_us,1692893603567084,-,DmrppArray::read_super_chunks_unconstrained_concurrent() -  name: gt3r_geolocation_segment_id
1692893603,187,timing,elapsed_us,73276,start_us,1692893603358117,stop_us,1692893603431393,-,DmrppArray::read_super_chunks_unconstrained_concurrent() -  name: gt3r_geolocation_segment_ph_cnt
1692893635,187,timing,elapsed_us,379531,start_us,1692893634766084,stop_us,1692893635145615,-,RemoteResource::get_url() - source url: https://cmr.uat.earthdata.nasa.gov/search/granules.umm_json_v1_4?collection_concept_id=C1241426826-NSIDC_CUAT&granule_ur=ATL03_20200101145654_00900605_005_01.h5
1692893635,187,timing,elapsed_us,5,start_us,1692893635146834,stop_us,1692893635146839,http-nio-8080-exec-1:29[bes_client:/-0],define d1 in default as ngapContainer with ngapContainer.dap4constraint="/gt3r_geolocation_delta_time;/gt3r_geolocation_reference_photon_lat;/gt3r_geolocation_reference_photon_lon;/gt3r_geolocation_reference_photon_index;/gt3r_geolocation_segment_ph_cnt;/gt3r_geolocation_ph_index_beg;/gt3r_geolocation_segment_id"; transmitting
1692893635,187,timing,elapsed_us,6,start_us,1692893635146032,stop_us,1692893635146038,http-nio-8080-exec-1:29[bes_client:/-0],set container in ngap values ngapContainer,collections/C1241426826-NSIDC_CUAT/granules/ATL03_20200101145654_00900605_005_01.h5; transmitting
1692893637,187,timing,elapsed_us,117101,start_us,1692893637544246,stop_us,1692893637661347,-,DmrppArray::read_super_chunks_unconstrained_concurrent() -  name: gt3r_geolocation_segment_ph_cnt
1692893637,187,timing,elapsed_us,155,start_us,1692893637814387,stop_us,1692893637814542,-,BESInterface::execute_request
1692893637,187,timing,elapsed_us,184,start_us,1692893637814383,stop_us,1692893637814567,-,BESServerHandler::execute
1692893637,187,timing,elapsed_us,18790,start_us,1692893637715455,stop_us,1692893637734245,-,DmrppArray::read_super_chunks_unconstrained_concurrent() -  name: gt3r_geolocation_segment_id
1692893637,187,timing,elapsed_us,19928,start_us,1692893637763851,stop_us,1692893637783779,-,DmrppArray::read_super_chunks_unconstrained_concurrent() -  name: gt3r_geolocation_reference_photon_index
1692893637,187,timing,elapsed_us,20894,start_us,1692893637692031,stop_us,1692893637712925,-,DmrppArray::read_super_chunks_unconstrained_concurrent() -  name: gt3r_geolocation_ph_index_beg
1692893637,187,timing,elapsed_us,2351942,start_us,1692893635147702,stop_us,1692893637499644,-,RemoteResource::get_url() - source url: https://data.nsidc.uat.earthdatacloud.nasa.gov/nsidc-cumulus-uat-protected/ATLAS/ATL03/005/2020/01/01/ATL03_20200101145654_00900605_005_01.h5.dmrpp
1692893637,187,timing,elapsed_us,24929,start_us,1692893637785209,stop_us,1692893637810138,-,DmrppArray::read_super_chunks_unconstrained_concurrent() -  name: gt3r_geolocation_delta_time
1692893637,187,timing,elapsed_us,25090,start_us,1692893637736172,stop_us,1692893637761262,-,DmrppArray::read_super_chunks_unconstrained_concurrent() -  name: gt3r_geolocation_reference_photon_lat
1692893637,187,timing,elapsed_us,26568,start_us,1692893637662874,stop_us,1692893637689442,-,DmrppArray::read_super_chunks_unconstrained_concurrent() -  name: gt3r_geolocation_reference_photon_lon
1692893637,187,timing,elapsed_us,270734,start_us,1692893637542245,stop_us,1692893637812979,-,BESDapResponseBuilder::serialize_dap4_data() - Timer
1692893637,187,timing,elapsed_us,271067,start_us,1692893637541931,stop_us,1692893637812998,http-nio-8080-exec-1:29[bes_client:/-0],get dap for d1 return as dap2; transmitting
1692893637,187,timing,elapsed_us,3052240,start_us,1692893634760766,stop_us,1692893637813006,-,BESInterface::execute_request
1692893637,187,timing,elapsed_us,3053631,start_us,1692893634760735,stop_us,1692893637814366,-,BESServerHandler::execute
1692893637,187,timing,elapsed_us,7,start_us,1692893637814528,stop_us,1692893637814535,client: /-0:93,show status; transmitting
1692893684,187,timing,elapsed_us,10,start_us,1692893684480705,stop_us,1692893684480715,http-nio-8080-exec-3:31[bes_client:/-0],set container in ngap values ngapContainer,collections/C1241426826-NSIDC_CUAT/granules/ATL03_20200101145654_00900605_005_01.h5; transmitting
1692893684,187,timing,elapsed_us,326357,start_us,1692893684153835,stop_us,1692893684480192,-,RemoteResource::get_url() - source url: https://cmr.uat.earthdata.nasa.gov/search/granules.umm_json_v1_4?collection_concept_id=C1241426826-NSIDC_CUAT&granule_ur=ATL03_20200101145654_00900605_005_01.h5
1692893684,187,timing,elapsed_us,6,start_us,1692893684481511,stop_us,1692893684481517,http-nio-8080-exec-3:31[bes_client:/-0],define d1 in default as ngapContainer with ngapContainer.dap4constraint="/gt3r_heights_delta_time[6710118:149:8209976];/gt3r_heights_lat_ph[6710118:149:8209976];/gt3r_heights_lon_ph[6710118:149:8209976];/gt3r_heights_h_ph[6710118:149:8209976];/gt3r_heights_signal_conf_ph[6710118:149:8209976][0:1:4]"; transmitting
1692893686,187,timing,elapsed_us,2404941,start_us,1692893684482383,stop_us,1692893686887324,-,RemoteResource::get_url() - source url: https://data.nsidc.uat.earthdatacloud.nasa.gov/nsidc-cumulus-uat-protected/ATLAS/ATL03/005/2020/01/01/ATL03_20200101145654_00900605_005_01.h5.dmrpp
1692893687,187,timing,elapsed_us,149781,start_us,1692893686933509,stop_us,1692893687083290,-,DmrppArray::read_super_chunks_concurrent() -  name: gt3r_heights_lat_ph
1692893687,187,timing,elapsed_us,161,start_us,1692893687354571,stop_us,1692893687354732,-,BESInterface::execute_request
1692893687,187,timing,elapsed_us,189,start_us,1692893687354567,stop_us,1692893687354756,-,BESServerHandler::execute
1692893687,187,timing,elapsed_us,3203592,start_us,1692893684148740,stop_us,1692893687352332,-,BESInterface::execute_request
1692893687,187,timing,elapsed_us,3205828,start_us,1692893684148713,stop_us,1692893687354541,-,BESServerHandler::execute
1692893687,187,timing,elapsed_us,33080,start_us,1692893687318788,stop_us,1692893687351868,-,DmrppArray::read_super_chunks_concurrent() -  name: gt3r_heights_delta_time
1692893687,187,timing,elapsed_us,423915,start_us,1692893686928378,stop_us,1692893687352293,-,BESDapResponseBuilder::serialize_dap4_data() - Timer
1692893687,187,timing,elapsed_us,424205,start_us,1692893686928111,stop_us,1692893687352316,http-nio-8080-exec-3:31[bes_client:/-0],get dap for d1 return as dap2; transmitting
1692893687,187,timing,elapsed_us,46473,start_us,1692893687087221,stop_us,1692893687133694,-,DmrppArray::read_super_chunks_concurrent() -  name: gt3r_heights_signal_conf_ph
1692893687,187,timing,elapsed_us,6,start_us,1692893687354719,stop_us,1692893687354725,client: /-0:95,show status; transmitting
1692893687,187,timing,elapsed_us,79631,start_us,1692893687137409,stop_us,1692893687217040,-,DmrppArray::read_super_chunks_concurrent() -  name: gt3r_heights_h_ph
1692893687,187,timing,elapsed_us,94525,start_us,1692893687220560,stop_us,1692893687315085,-,DmrppArray::read_super_chunks_concurrent() -  name: gt3r_heights_lon_ph
1692893703,187,timing,elapsed_us,198955,start_us,1692893703185033,stop_us,1692893703383988,-,RemoteResource::get_url() - source url: https://cmr.uat.earthdata.nasa.gov/search/granules.umm_json_v1_4?collection_concept_id=C1241426826-NSIDC_CUAT&granule_ur=ATL03_20200101145654_00900605_005_01.h5
1692893703,187,timing,elapsed_us,8,start_us,1692893703384501,stop_us,1692893703384509,http-nio-8080-exec-2:30[bes_client:/-0],set container in ngap values ngapContainer,collections/C1241426826-NSIDC_CUAT/granules/ATL03_20200101145654_00900605_005_01.h5; transmitting
1692893703,187,timing,elapsed_us,8,start_us,1692893703385328,stop_us,1692893703385336,http-nio-8080-exec-2:30[bes_client:/-0],define d1 in default as ngapContainer with ngapContainer.dap4constraint="/gt3r_heights_delta_time[6710118:149:8209976];/gt3r_heights_lat_ph[6710118:149:8209976];/gt3r_heights_lon_ph[6710118:149:8209976];/gt3r_heights_h_ph[6710118:149:8209976];/gt3r_heights_signal_conf_ph[6710118:149:8209976][0:1:4]"; transmitting
1692893705,187,timing,elapsed_us,171122,start_us,1692893705754259,stop_us,1692893705925381,-,DmrppArray::read_super_chunks_concurrent() -  name: gt3r_heights_lat_ph
1692893705,187,timing,elapsed_us,2329097,start_us,1692893703386181,stop_us,1692893705715278,-,RemoteResource::get_url() - source url: https://data.nsidc.uat.earthdatacloud.nasa.gov/nsidc-cumulus-uat-protected/ATLAS/ATL03/005/2020/01/01/ATL03_20200101145654_00900605_005_01.h5.dmrpp
1692893705,187,timing,elapsed_us,39397,start_us,1692893705929156,stop_us,1692893705968553,-,DmrppArray::read_super_chunks_concurrent() -  name: gt3r_heights_signal_conf_ph
1692893706,187,timing,elapsed_us,161,start_us,1692893706190479,stop_us,1692893706190640,-,BESInterface::execute_request
1692893706,187,timing,elapsed_us,191,start_us,1692893706190474,stop_us,1692893706190665,-,BESServerHandler::execute
1692893706,187,timing,elapsed_us,3007499,start_us,1692893703180762,stop_us,1692893706188261,-,BESInterface::execute_request
1692893706,187,timing,elapsed_us,3009711,start_us,1692893703180736,stop_us,1692893706190447,-,BESServerHandler::execute
1692893706,187,timing,elapsed_us,31909,start_us,1692893706155901,stop_us,1692893706187810,-,DmrppArray::read_super_chunks_concurrent() -  name: gt3r_heights_delta_time
1692893706,187,timing,elapsed_us,439053,start_us,1692893705749179,stop_us,1692893706188232,-,BESDapResponseBuilder::serialize_dap4_data() - Timer
1692893706,187,timing,elapsed_us,439347,start_us,1692893705748905,stop_us,1692893706188252,http-nio-8080-exec-2:30[bes_client:/-0],get dap for d1 return as dap2; transmitting
1692893706,187,timing,elapsed_us,7,start_us,1692893706190626,stop_us,1692893706190633,client: /-0:97,show status; transmitting
1692893706,187,timing,elapsed_us,79009,start_us,1692893705972262,stop_us,1692893706051271,-,DmrppArray::read_super_chunks_concurrent() -  name: gt3r_heights_h_ph
1692893706,187,timing,elapsed_us,97136,start_us,1692893706054897,stop_us,1692893706152033,-,DmrppArray::read_super_chunks_concurrent() -  name: gt3r_heights_lon_ph
1692893722,187,timing,elapsed_us,305325,start_us,1692893722162013,stop_us,1692893722467338,-,RemoteResource::get_url() - source url: https://cmr.uat.earthdata.nasa.gov/search/granules.umm_json_v1_4?collection_concept_id=C1241426826-NSIDC_CUAT&granule_ur=ATL03_20200101145654_00900605_005_01.h5
1692893722,187,timing,elapsed_us,5,start_us,1692893722468531,stop_us,1692893722468536,http-nio-8080-exec-4:32[bes_client:/-0],define d1 in default as ngapContainer with ngapContainer.dap4constraint="/gt3r_heights_delta_time[6710118:149:8209976];/gt3r_heights_lat_ph[6710118:149:8209976];/gt3r_heights_lon_ph[6710118:149:8209976];/gt3r_heights_h_ph[6710118:149:8209976];/gt3r_heights_signal_conf_ph[6710118:149:8209976][0:1:4]"; transmitting
1692893722,187,timing,elapsed_us,7,start_us,1692893722467755,stop_us,1692893722467762,http-nio-8080-exec-4:32[bes_client:/-0],set container in ngap values ngapContainer,collections/C1241426826-NSIDC_CUAT/granules/ATL03_20200101145654_00900605_005_01.h5; transmitting
1692893724,187,timing,elapsed_us,2464961,start_us,1692893722469410,stop_us,1692893724934371,-,RemoteResource::get_url() - source url: https://data.nsidc.uat.earthdatacloud.nasa.gov/nsidc-cumulus-uat-protected/ATLAS/ATL03/005/2020/01/01/ATL03_20200101145654_00900605_005_01.h5.dmrpp
1692893725,187,timing,elapsed_us,103188,start_us,1692893725219758,stop_us,1692893725322946,-,DmrppArray::read_super_chunks_concurrent() -  name: gt3r_heights_lon_ph
1692893725,187,timing,elapsed_us,116753,start_us,1692893724978860,stop_us,1692893725095613,-,DmrppArray::read_super_chunks_concurrent() -  name: gt3r_heights_lat_ph
1692893725,187,timing,elapsed_us,159,start_us,1692893725361911,stop_us,1692893725362070,-,BESInterface::execute_request
1692893725,187,timing,elapsed_us,188,start_us,1692893725361906,stop_us,1692893725362094,-,BESServerHandler::execute
1692893725,187,timing,elapsed_us,3202910,start_us,1692893722156720,stop_us,1692893725359630,-,BESInterface::execute_request
1692893725,187,timing,elapsed_us,3205185,start_us,1692893722156695,stop_us,1692893725361880,-,BESServerHandler::execute
1692893725,187,timing,elapsed_us,32405,start_us,1692893725326760,stop_us,1692893725359165,-,DmrppArray::read_super_chunks_concurrent() -  name: gt3r_heights_delta_time
1692893725,187,timing,elapsed_us,36818,start_us,1692893725099587,stop_us,1692893725136405,-,DmrppArray::read_super_chunks_concurrent() -  name: gt3r_heights_signal_conf_ph
1692893725,187,timing,elapsed_us,385838,start_us,1692893724973762,stop_us,1692893725359600,-,BESDapResponseBuilder::serialize_dap4_data() - Timer
1692893725,187,timing,elapsed_us,386132,start_us,1692893724973488,stop_us,1692893725359620,http-nio-8080-exec-4:32[bes_client:/-0],get dap for d1 return as dap2; transmitting
1692893725,187,timing,elapsed_us,5,start_us,1692893725362057,stop_us,1692893725362062,client: /-0:99,show status; transmitting
1692893725,187,timing,elapsed_us,76165,start_us,1692893725139973,stop_us,1692893725216138,-,DmrppArray::read_super_chunks_concurrent() -  name: gt3r_heights_h_ph
1692897174,187,timing,elapsed_us,6,start_us,1692897174890980,stop_us,1692897174890986,http-nio-8080-exec-10:38[bes_client:/-0],define d1 in default as ngapContainer; transmitting
1692897174,187,timing,elapsed_us,635556,start_us,1692897174254291,stop_us,1692897174889847,-,RemoteResource::get_url() - source url: https://cmr.uat.earthdata.nasa.gov/search/granules.umm_json_v1_4?collection_concept_id=C1259239346-POCUMULUS&granule_ur=20230821140000-STAR-L2P_GHRSST-SSTsubskin-AHI_H09-ACSPO_V2.90-v02.0-fv01.0
1692897174,187,timing,elapsed_us,7,start_us,1692897174890196,stop_us,1692897174890203,http-nio-8080-exec-10:38[bes_client:/-0],set container in ngap values ngapContainer,collections/C1259239346-POCUMULUS/granules/20230821140000-STAR-L2P_GHRSST-SSTsubskin-AHI_H09-ACSPO_V2.90-v02.0-fv01.0; transmitting
1692897177,187,timing,elapsed_us,2280025,start_us,1692897174892302,stop_us,1692897177172327,-,RemoteResource::get_url() - source url: https://archive.podaac.sit.earthdata.nasa.gov/podaac-sit-cumulus-protected/H09-AHI-L2P-ACSPO-v2.90/20230821140000-STAR-L2P_GHRSST-SSTsubskin-AHI_H09-ACSPO_V2.90-v02.0-fv01.0.nc.dmrpp
1692897178,187,timing,elapsed_us,1266942,start_us,1692897177175036,stop_us,1692897178441978,-,CurlUtils::retrieve_effective_url() -  Following Redirects Starting With: https://archive.podaac.sit.earthdata.nasa.gov/podaac-sit-cumulus-protected/H09-AHI-L2P-ACSPO-v2.90/20230821140000-STAR-L2P_GHRSST-SSTsubskin-AHI_H09-ACSPO_V2.90-v02.0-fv01.0.nc
1692897178,187,timing,elapsed_us,1325422,start_us,1692897177174997,stop_us,1692897178500419,-,DmrppArray::read_contiguous() -  name: nj
1692897178,187,timing,elapsed_us,197615,start_us,1692897178546746,stop_us,1692897178744361,-,DmrppArray::read_super_chunks_unconstrained_concurrent() -  name: brightness_temperature_11um2
1692897178,187,timing,elapsed_us,20471,start_us,1692897178525434,stop_us,1692897178545905,-,DmrppArray::read_contiguous() -  name: ni
1692897178,187,timing,elapsed_us,24562,start_us,1692897178500712,stop_us,1692897178525274,-,DmrppArray::read_contiguous() -  name: time
1692897179,187,timing,elapsed_us,212625,start_us,1692897179742836,stop_us,1692897179955461,-,DmrppArray::read_super_chunks_unconstrained_concurrent() -  name: brightness_temperature_08um6
1692897181,187,timing,elapsed_us,58172,start_us,1692897180959854,stop_us,1692897181018026,-,DmrppArray::read_super_chunks_unconstrained_concurrent() -  name: sst_dtime
1692897182,187,timing,elapsed_us,203767,start_us,1692897181854900,stop_us,1692897182058667,-,DmrppArray::read_super_chunks_unconstrained_concurrent() -  name: sst_front_position
1692897182,187,timing,elapsed_us,55159,start_us,1692897182305853,stop_us,1692897182361012,-,DmrppArray::read_super_chunks_unconstrained_concurrent() -  name: l2p_flags
1692897183,187,timing,elapsed_us,107424,start_us,1692897183171435,stop_us,1692897183278859,-,DmrppArray::read_super_chunks_unconstrained_concurrent() -  name: sea_surface_temperature
1692897184,187,timing,elapsed_us,104110,start_us,1692897184757954,stop_us,1692897184862064,-,DmrppArray::read_super_chunks_unconstrained_concurrent() -  name: dt_analysis
1692897184,187,timing,elapsed_us,44636,start_us,1692897184277701,stop_us,1692897184322337,-,DmrppArray::read_super_chunks_unconstrained_concurrent() -  name: quality_level
1692897186,187,timing,elapsed_us,135438,start_us,1692897185979706,stop_us,1692897186115144,-,DmrppArray::read_super_chunks_unconstrained_concurrent() -  name: brightness_temperature_12um3
1692897187,187,timing,elapsed_us,319466,start_us,1692897187119900,stop_us,1692897187439366,-,DmrppArray::read_super_chunks_unconstrained_concurrent() -  name: satellite_zenith_angle
1692897188,187,timing,elapsed_us,37355,start_us,1692897188768798,stop_us,1692897188806153,-,DmrppArray::read_super_chunks_unconstrained_concurrent() -  name: sst_gradient_magnitude
1692897189,187,timing,elapsed_us,77852,start_us,1692897189554386,stop_us,1692897189632238,-,DmrppArray::read_super_chunks_unconstrained_concurrent() -  name: wind_speed
1692897190,187,timing,elapsed_us,106860,start_us,1692897190091611,stop_us,1692897190198471,-,DmrppArray::read_super_chunks_unconstrained_concurrent() -  name: brightness_temperature_10um4
1692897191,187,timing,elapsed_us,62892,start_us,1692897191735127,stop_us,1692897191798019,-,DmrppArray::read_super_chunks_unconstrained_concurrent() -  name: sses_standard_deviation
1692897191,187,timing,elapsed_us,81544,start_us,1692897191184919,stop_us,1692897191266463,-,DmrppArray::read_super_chunks_unconstrained_concurrent() -  name: sses_bias
1692897192,187,timing,elapsed_us,15078737,start_us,1692897177174527,stop_us,1692897192253264,-,BESDapResponseBuilder::serialize_dap4_data() - Timer
1692897192,187,timing,elapsed_us,15078851,start_us,1692897177174465,stop_us,1692897192253316,http-nio-8080-exec-10:38[bes_client:/-0],get dap for d1 return as dap2; transmitting
1692897192,187,timing,elapsed_us,18008566,start_us,1692897174244764,stop_us,1692897192253330,-,BESInterface::execute_request
1692897192,187,timing,elapsed_us,18104166,start_us,1692897174244727,stop_us,1692897192348893,-,BESServerHandler::execute
1692897192,187,timing,elapsed_us,185,start_us,1692897192489569,stop_us,1692897192489754,-,BESInterface::execute_request
1692897192,187,timing,elapsed_us,229,start_us,1692897192489555,stop_us,1692897192489784,-,BESServerHandler::execute
1692897192,187,timing,elapsed_us,9,start_us,1692897192489729,stop_us,1692897192489738,client: /-0:101,show status; transmitting
1692899157,187,timing,elapsed_us,330814,start_us,1692899157602335,stop_us,1692899157933149,-,RemoteResource::get_url() - source url: https://cmr.uat.earthdata.nasa.gov/search/granules.umm_json_v1_4?collection_concept_id=C1259239381-POCUMULUS&granule_ur=20230821130000-STAR-L3C_GHRSST-SSTsubskin-AHI_H09-ACSPO_V2.90-v02.0-fv01.0
1692899157,187,timing,elapsed_us,6,start_us,1692899157933490,stop_us,1692899157933496,http-nio-8080-exec-9:37[bes_client:/-0],set container in ngap values ngapContainer,collections/C1259239381-POCUMULUS/granules/20230821130000-STAR-L3C_GHRSST-SSTsubskin-AHI_H09-ACSPO_V2.90-v02.0-fv01.0; transmitting
1692899157,187,timing,elapsed_us,6,start_us,1692899157933563,stop_us,1692899157933569,http-nio-8080-exec-9:37[bes_client:/-0],define d1 in default as ngapContainer; transmitting
1692899160,187,timing,elapsed_us,122,start_us,1692899160205737,stop_us,1692899160205859,-,BESServerHandler::execute
1692899160,187,timing,elapsed_us,2267751,start_us,1692899157935679,stop_us,1692899160203430,-,RemoteResource::get_url() - source url: https://archive.podaac.sit.earthdata.nasa.gov/podaac-sit-cumulus-protected/H09-AHI-L3C-ACSPO-v2.90/20230821130000-STAR-L3C_GHRSST-SSTsubskin-AHI_H09-ACSPO_V2.90-v02.0-fv01.0.nc.dmrpp
1692899160,187,timing,elapsed_us,2612860,start_us,1692899157592747,stop_us,1692899160205607,-,BESInterface::execute_request
1692899160,187,timing,elapsed_us,2612949,start_us,1692899157592711,stop_us,1692899160205660,-,BESServerHandler::execute
1692899160,187,timing,elapsed_us,390,start_us,1692899160205202,stop_us,1692899160205592,http-nio-8080-exec-9:37[bes_client:/-0],get dmr for d1 return as dap2; transmitting
1692899160,187,timing,elapsed_us,5,start_us,1692899160205823,stop_us,1692899160205828,client: /-0:103,show status; transmitting
1692899160,187,timing,elapsed_us,94,start_us,1692899160205742,stop_us,1692899160205836,-,BESInterface::execute_request
1692899366,187,timing,elapsed_us,10,start_us,1692899366655642,stop_us,1692899366655652,http-nio-8080-exec-3:31[bes_client:/-0],set container in ngap values ngapContainer,collections/C1259239381-POCUMULUS/granules/20230821130000-STAR-L3C_GHRSST-SSTsubskin-AHI_H09-ACSPO_V2.90-v02.0-fv01.0; transmitting
1692899366,187,timing,elapsed_us,449055,start_us,1692899366206055,stop_us,1692899366655110,-,RemoteResource::get_url() - source url: https://cmr.uat.earthdata.nasa.gov/search/granules.umm_json_v1_4?collection_concept_id=C1259239381-POCUMULUS&granule_ur=20230821130000-STAR-L3C_GHRSST-SSTsubskin-AHI_H09-ACSPO_V2.90-v02.0-fv01.0
1692899366,187,timing,elapsed_us,7,start_us,1692899366655738,stop_us,1692899366655745,http-nio-8080-exec-3:31[bes_client:/-0],define d1 in default as ngapContainer; transmitting
1692899368,187,timing,elapsed_us,115,start_us,1692899368928111,stop_us,1692899368928226,-,BESInterface::execute_request
1692899368,187,timing,elapsed_us,148,start_us,1692899368928106,stop_us,1692899368928254,-,BESServerHandler::execute
1692899368,187,timing,elapsed_us,2268188,start_us,1692899366657780,stop_us,1692899368925968,-,RemoteResource::get_url() - source url: https://archive.podaac.sit.earthdata.nasa.gov/podaac-sit-cumulus-protected/H09-AHI-L3C-ACSPO-v2.90/20230821130000-STAR-L3C_GHRSST-SSTsubskin-AHI_H09-ACSPO_V2.90-v02.0-fv01.0.nc.dmrpp
1692899368,187,timing,elapsed_us,2731275,start_us,1692899366196693,stop_us,1692899368927968,-,BESInterface::execute_request
1692899368,187,timing,elapsed_us,2731364,start_us,1692899366196669,stop_us,1692899368928033,-,BESServerHandler::execute
1692899368,187,timing,elapsed_us,583,start_us,1692899368927369,stop_us,1692899368927952,http-nio-8080-exec-3:31[bes_client:/-0],get dmr for d1 return as dap2; transmitting
1692899368,187,timing,elapsed_us,7,start_us,1692899368928210,stop_us,1692899368928217,client: /-0:105,show status; transmitting
1692899534,187,timing,elapsed_us,545854,start_us,1692899533682421,stop_us,1692899534228275,-,RemoteResource::get_url() - source url: https://cmr.uat.earthdata.nasa.gov/search/granules.umm_json_v1_4?collection_concept_id=C1259239346-POCUMULUS&granule_ur=20230821140000-STAR-L2P_GHRSST-SSTsubskin-AHI_H09-ACSPO_V2.90-v02.0-fv01.0
1692899534,187,timing,elapsed_us,6,start_us,1692899534228420,stop_us,1692899534228426,http-nio-8080-exec-1:29[bes_client:/-0],set container in ngap values ngapContainer,collections/C1259239346-POCUMULUS/granules/20230821140000-STAR-L2P_GHRSST-SSTsubskin-AHI_H09-ACSPO_V2.90-v02.0-fv01.0; transmitting
1692899534,187,timing,elapsed_us,6,start_us,1692899534228485,stop_us,1692899534228491,http-nio-8080-exec-1:29[bes_client:/-0],define d1 in default as ngapContainer; transmitting
1692899536,187,timing,elapsed_us,124,start_us,1692899536564629,stop_us,1692899536564753,-,BESServerHandler::execute
1692899536,187,timing,elapsed_us,2332898,start_us,1692899534229821,stop_us,1692899536562719,-,RemoteResource::get_url() - source url: https://archive.podaac.sit.earthdata.nasa.gov/podaac-sit-cumulus-protected/H09-AHI-L2P-ACSPO-v2.90/20230821140000-STAR-L2P_GHRSST-SSTsubskin-AHI_H09-ACSPO_V2.90-v02.0-fv01.0.nc.dmrpp
1692899536,187,timing,elapsed_us,2891751,start_us,1692899533672752,stop_us,1692899536564503,-,BESInterface::execute_request
1692899536,187,timing,elapsed_us,2891836,start_us,1692899533672716,stop_us,1692899536564552,-,BESServerHandler::execute
1692899536,187,timing,elapsed_us,457,start_us,1692899536564033,stop_us,1692899536564490,http-nio-8080-exec-1:29[bes_client:/-0],get dmr for d1 return as dap2; transmitting
1692899536,187,timing,elapsed_us,6,start_us,1692899536564715,stop_us,1692899536564721,client: /-0:107,show status; transmitting
1692899536,187,timing,elapsed_us,97,start_us,1692899536564634,stop_us,1692899536564731,-,BESInterface::execute_request
1692900388,187,timing,elapsed_us,498101,start_us,1692900388373864,stop_us,1692900388871965,-,RemoteResource::get_url() - source url: https://cmr.uat.earthdata.nasa.gov/search/granules.umm_json_v1_4?collection_concept_id=C1259239381-POCUMULUS&granule_ur=20230821130000-STAR-L3C_GHRSST-SSTsubskin-AHI_H09-ACSPO_V2.90-v02.0-fv01.0
1692900388,187,timing,elapsed_us,5,start_us,1692900388872375,stop_us,1692900388872380,http-nio-8080-exec-9:37[bes_client:/-0],define d1 in default as ngapContainer; transmitting
1692900388,187,timing,elapsed_us,7,start_us,1692900388872307,stop_us,1692900388872314,http-nio-8080-exec-9:37[bes_client:/-0],set container in ngap values ngapContainer,collections/C1259239381-POCUMULUS/granules/20230821130000-STAR-L3C_GHRSST-SSTsubskin-AHI_H09-ACSPO_V2.90-v02.0-fv01.0; transmitting
1692900391,187,timing,elapsed_us,2724536,start_us,1692900388873726,stop_us,1692900391598262,-,RemoteResource::get_url() - source url: https://archive.podaac.sit.earthdata.nasa.gov/podaac-sit-cumulus-protected/H09-AHI-L3C-ACSPO-v2.90/20230821130000-STAR-L3C_GHRSST-SSTsubskin-AHI_H09-ACSPO_V2.90-v02.0-fv01.0.nc.dmrpp
1692900391,187,timing,elapsed_us,8,start_us,1692900391600109,stop_us,1692900391600117,-,BESDapResponseBuilder::dap4_process_ce_for_intern_data() - Timer
1692900393,187,timing,elapsed_us,17154,start_us,1692900393949360,stop_us,1692900393966514,-,DmrppArray::read_contiguous() -  name: lon
1692900393,187,timing,elapsed_us,2283838,start_us,1692900391606960,stop_us,1692900393890798,-,CurlUtils::retrieve_effective_url() -  Following Redirects Starting With: https://archive.podaac.sit.earthdata.nasa.gov/podaac-sit-cumulus-protected/H09-AHI-L3C-ACSPO-v2.90/20230821130000-STAR-L3C_GHRSST-SSTsubskin-AHI_H09-ACSPO_V2.90-v02.0-fv01.0.nc
1692900393,187,timing,elapsed_us,2342296,start_us,1692900391606906,stop_us,1692900393949202,-,DmrppArray::read_contiguous() -  name: lat
1692900393,187,timing,elapsed_us,35411,start_us,1692900393966615,stop_us,1692900394002026,-,DmrppArray::read_contiguous() -  name: time
1692900394,187,timing,elapsed_us,97085,start_us,1692900394002850,stop_us,1692900394099935,-,DmrppArray::read_super_chunks_unconstrained_concurrent() -  name: sses_standard_deviation
1692900395,187,timing,elapsed_us,259697,start_us,1692900395427984,stop_us,1692900395687681,-,DmrppArray::read_super_chunks_unconstrained_concurrent() -  name: sst_dtime
1692900401,187,timing,elapsed_us,102656,start_us,1692900401186708,stop_us,1692900401289364,-,DmrppArray::read_super_chunks_unconstrained_concurrent() -  name: sst_front_position
1692900402,187,timing,elapsed_us,157287,start_us,1692900402531549,stop_us,1692900402688836,-,DmrppArray::read_super_chunks_unconstrained_concurrent() -  name: l2p_flags
1692900405,187,timing,elapsed_us,205718,start_us,1692900405371596,stop_us,1692900405577314,-,DmrppArray::read_super_chunks_unconstrained_concurrent() -  name: sea_surface_temperature
1692900408,187,timing,elapsed_us,73798,start_us,1692900408494677,stop_us,1692900408568475,-,DmrppArray::read_super_chunks_unconstrained_concurrent() -  name: quality_level
1692900410,187,timing,elapsed_us,207522,start_us,1692900409811952,stop_us,1692900410019474,-,DmrppArray::read_super_chunks_unconstrained_concurrent() -  name: dt_analysis
1692900413,187,timing,elapsed_us,197910,start_us,1692900412924722,stop_us,1692900413122632,-,DmrppArray::read_super_chunks_unconstrained_concurrent() -  name: satellite_zenith_angle
1692900416,187,timing,elapsed_us,84217,start_us,1692900415953153,stop_us,1692900416037370,-,DmrppArray::read_super_chunks_unconstrained_concurrent() -  name: wind_speed
1692900417,187,timing,elapsed_us,160435,start_us,1692900417321364,stop_us,1692900417481799,-,DmrppArray::read_super_chunks_unconstrained_concurrent() -  name: sst_gradient_magnitude
1692900420,187,timing,elapsed_us,172095,start_us,1692900420258974,stop_us,1692900420431069,-,DmrppArray::read_super_chunks_unconstrained_concurrent() -  name: or_number_of_pixels
1692900423,187,timing,elapsed_us,90167,start_us,1692900423141960,stop_us,1692900423232127,-,DmrppArray::read_super_chunks_unconstrained_concurrent() -  name: sses_bias
1692900426,187,timing,elapsed_us,194,start_us,1692900426874913,stop_us,1692900426875107,-,BESInterface::execute_request
1692900426,187,timing,elapsed_us,226,start_us,1692900426874907,stop_us,1692900426875133,-,BESServerHandler::execute
1692900426,187,timing,elapsed_us,35274657,start_us,1692900391600046,stop_us,1692900426874703,http-nio-8080-exec-9:37[bes_client:/-0],get dap for d1 return as netcdf-4; transmitting
1692900426,187,timing,elapsed_us,38510010,start_us,1692900388364744,stop_us,1692900426874754,-,BESInterface::execute_request
1692900426,187,timing,elapsed_us,38510093,start_us,1692900388364708,stop_us,1692900426874801,-,BESServerHandler::execute
1692900426,187,timing,elapsed_us,8,start_us,1692900426875090,stop_us,1692900426875098,client: /-0:109,show status; transmitting
1692900531,187,timing,elapsed_us,231693,start_us,1692900531578096,stop_us,1692900531809789,-,RemoteResource::get_url() - source url: https://cmr.uat.earthdata.nasa.gov/search/granules.umm_json_v1_4?collection_concept_id=C1259239346-POCUMULUS&granule_ur=20230821140000-STAR-L2P_GHRSST-SSTsubskin-AHI_H09-ACSPO_V2.90-v02.0-fv01.0
1692900531,187,timing,elapsed_us,5,start_us,1692900531810018,stop_us,1692900531810023,http-nio-8080-exec-1:29[bes_client:/-0],define d1 in default as ngapContainer; transmitting
1692900531,187,timing,elapsed_us,7,start_us,1692900531809948,stop_us,1692900531809955,http-nio-8080-exec-1:29[bes_client:/-0],set container in ngap values ngapContainer,collections/C1259239346-POCUMULUS/granules/20230821140000-STAR-L2P_GHRSST-SSTsubskin-AHI_H09-ACSPO_V2.90-v02.0-fv01.0; transmitting
1692900534,187,timing,elapsed_us,146800,start_us,1692900534240733,stop_us,1692900534387533,-,DmrppArray::read_super_chunks_unconstrained_concurrent() -  name: brightness_temperature_11um2
1692900534,187,timing,elapsed_us,2267860,start_us,1692900531811346,stop_us,1692900534079206,-,RemoteResource::get_url() - source url: https://archive.podaac.sit.earthdata.nasa.gov/podaac-sit-cumulus-protected/H09-AHI-L2P-ACSPO-v2.90/20230821140000-STAR-L2P_GHRSST-SSTsubskin-AHI_H09-ACSPO_V2.90-v02.0-fv01.0.nc.dmrpp
1692900534,187,timing,elapsed_us,24404,start_us,1692900534215908,stop_us,1692900534240312,-,DmrppArray::read_contiguous() -  name: ni
1692900534,187,timing,elapsed_us,32155,start_us,1692900534183632,stop_us,1692900534215787,-,DmrppArray::read_contiguous() -  name: time
1692900534,187,timing,elapsed_us,9,start_us,1692900534081499,stop_us,1692900534081508,-,BESDapResponseBuilder::dap4_process_ce_for_intern_data() - Timer
1692900534,187,timing,elapsed_us,93749,start_us,1692900534089768,stop_us,1692900534183517,-,DmrppArray::read_contiguous() -  name: nj
1692900535,187,timing,elapsed_us,104286,start_us,1692900535077284,stop_us,1692900535181570,-,DmrppArray::read_super_chunks_unconstrained_concurrent() -  name: brightness_temperature_08um6
1692900535,187,timing,elapsed_us,58188,start_us,1692900535874382,stop_us,1692900535932570,-,DmrppArray::read_super_chunks_unconstrained_concurrent() -  name: sst_dtime
1692900536,187,timing,elapsed_us,111314,start_us,1692900536491282,stop_us,1692900536602596,-,DmrppArray::read_super_chunks_unconstrained_concurrent() -  name: sst_front_position
1692900536,187,timing,elapsed_us,46436,start_us,1692900536773049,stop_us,1692900536819485,-,DmrppArray::read_super_chunks_unconstrained_concurrent() -  name: l2p_flags
1692900537,187,timing,elapsed_us,107375,start_us,1692900537359778,stop_us,1692900537467153,-,DmrppArray::read_super_chunks_unconstrained_concurrent() -  name: sea_surface_temperature
1692900538,187,timing,elapsed_us,106632,start_us,1692900538395156,stop_us,1692900538501788,-,DmrppArray::read_super_chunks_unconstrained_concurrent() -  name: dt_analysis
1692900538,187,timing,elapsed_us,39716,start_us,1692900538154472,stop_us,1692900538194188,-,DmrppArray::read_super_chunks_unconstrained_concurrent() -  name: quality_level
1692900539,187,timing,elapsed_us,137565,start_us,1692900539192745,stop_us,1692900539330310,-,DmrppArray::read_super_chunks_unconstrained_concurrent() -  name: brightness_temperature_12um3
1692900540,187,timing,elapsed_us,117242,start_us,1692900540019843,stop_us,1692900540137085,-,DmrppArray::read_super_chunks_unconstrained_concurrent() -  name: satellite_zenith_angle
1692900540,187,timing,elapsed_us,41088,start_us,1692900540840275,stop_us,1692900540881363,-,DmrppArray::read_super_chunks_unconstrained_concurrent() -  name: sst_gradient_magnitude
1692900541,187,timing,elapsed_us,108348,start_us,1692900541817496,stop_us,1692900541925844,-,DmrppArray::read_super_chunks_unconstrained_concurrent() -  name: brightness_temperature_10um4
1692900541,187,timing,elapsed_us,140743,start_us,1692900541416975,stop_us,1692900541557718,-,DmrppArray::read_super_chunks_unconstrained_concurrent() -  name: wind_speed
1692900542,187,timing,elapsed_us,66329,start_us,1692900542615727,stop_us,1692900542682056,-,DmrppArray::read_super_chunks_unconstrained_concurrent() -  name: sses_bias
1692900543,187,timing,elapsed_us,83423,start_us,1692900542943769,stop_us,1692900543027192,-,DmrppArray::read_super_chunks_unconstrained_concurrent() -  name: sses_standard_deviation
1692900548,187,timing,elapsed_us,14069257,start_us,1692900534081437,stop_us,1692900548150694,http-nio-8080-exec-1:29[bes_client:/-0],get dap for d1 return as netcdf-4; transmitting
1692900548,187,timing,elapsed_us,16581980,start_us,1692900531568749,stop_us,1692900548150729,-,BESInterface::execute_request
1692900548,187,timing,elapsed_us,16582044,start_us,1692900531568719,stop_us,1692900548150763,-,BESServerHandler::execute
1692900548,187,timing,elapsed_us,20,start_us,1692900548557091,stop_us,1692900548557111,client: /-0:111,show status; transmitting
1692900548,187,timing,elapsed_us,302,start_us,1692900548556826,stop_us,1692900548557128,-,BESInterface::execute_request
1692900548,187,timing,elapsed_us,353,start_us,1692900548556810,stop_us,1692900548557163,-,BESServerHandler::execute
1692903097,187,timing,elapsed_us,220365,start_us,1692903097185244,stop_us,1692903097405609,-,RemoteResource::get_url() - source url: https://cmr.uat.earthdata.nasa.gov/search/granules.umm_json_v1_4?collection_concept_id=C1241426872-NSIDC_CUAT&granule_ur=ATL06_20200101223747_00950603_005_01.h5
1692903097,187,timing,elapsed_us,7,start_us,1692903097406032,stop_us,1692903097406039,http-nio-8080-exec-8:36[bes_client:/-0],set container in ngap values ngapContainer,collections/C1241426872-NSIDC_CUAT/granules/ATL06_20200101223747_00950603_005_01.h5; transmitting
1692903097,187,timing,elapsed_us,8,start_us,1692903097406111,stop_us,1692903097406119,http-nio-8080-exec-8:36[bes_client:/-0],define d1 in default as ngapContainer with ngapContainer.dap4constraint="/orbit_info_rgt;/orbit_info_crossing_time;/gt3r_land_ice_segments_latitude[0:256:];/gt3r_land_ice_segments_longitude[0:256:];/gt3r_land_ice_segments_delta_time[0:256:];/gt3l_land_ice_segments_latitude[0:256:];/gt3l_land_ice_segments_longitude[0:256:];/gt3l_land_ice_segments_delta_time[0:256:];/gt2r_land_ice_segments_latitude[0:256:];/gt2r_land_ice_segments_longitude[0:256:];/gt2r_land_ice_segments_delta_time[0:256:];/gt2l_land_ice_segments_latitude[0:256:];/gt2l_land_ice_segments_longitude[0:256:];/gt2l_land_ice_segments_delta_time[0:256:];/gt1r_land_ice_segments_latitude[0:256:];/gt1r_land_ice_segments_longitude[0:256:];/gt1r_land_ice_segments_delta_time[0:256:];/gt1l_land_ice_segments_latitude[0:256:];/gt1l_land_ice_segments_longitude[0:256:];/gt1l_land_ice_segments_delta_time[0:256:]"; transmitting
1692903099,187,timing,elapsed_us,2391906,start_us,1692903097406975,stop_us,1692903099798881,-,RemoteResource::get_url() - source url: https://data.nsidc.uat.earthdatacloud.nasa.gov/nsidc-cumulus-uat-protected/ATLAS/ATL06/005/2020/01/01/ATL06_20200101223747_00950603_005_01.h5.dmrpp
1692903102,187,timing,elapsed_us,109453,start_us,1692903102162516,stop_us,1692903102271969,-,DmrppArray::read_super_chunks_concurrent() -  name: gt1r_land_ice_segments_longitude
1692903102,187,timing,elapsed_us,20698,start_us,1692903102748099,stop_us,1692903102768797,-,DmrppArray::read_super_chunks_concurrent() -  name: gt2l_land_ice_segments_delta_time
1692903102,187,timing,elapsed_us,21182,start_us,1692903102561336,stop_us,1692903102582518,-,DmrppArray::read_super_chunks_concurrent() -  name: gt2l_land_ice_segments_longitude
1692903102,187,timing,elapsed_us,21227,start_us,1692903102699796,stop_us,1692903102721023,-,DmrppArray::read_super_chunks_concurrent() -  name: gt1l_land_ice_segments_delta_time
1692903102,187,timing,elapsed_us,21920,start_us,1692903102677588,stop_us,1692903102699508,-,DmrppArray::read_super_chunks_concurrent() -  name: gt3r_land_ice_segments_latitude
1692903102,187,timing,elapsed_us,2271934,start_us,1692903099810534,stop_us,1692903102082468,-,CurlUtils::retrieve_effective_url() -  Following Redirects Starting With: https://data.nsidc.uat.earthdatacloud.nasa.gov/nsidc-cumulus-uat-protected/ATLAS/ATL06/005/2020/01/01/ATL06_20200101223747_00950603_005_01.h5
1692903102,187,timing,elapsed_us,2351491,start_us,1692903099810487,stop_us,1692903102161978,-,DmrppArray::read_contiguous() -  name: orbit_info_rgt
1692903102,187,timing,elapsed_us,24717,start_us,1692903102536333,stop_us,1692903102561050,-,DmrppArray::read_super_chunks_concurrent() -  name: gt3l_land_ice_segments_latitude
1692903102,187,timing,elapsed_us,26590,start_us,1692903102721270,stop_us,1692903102747860,-,DmrppArray::read_super_chunks_concurrent() -  name: gt1r_land_ice_segments_delta_time
1692903102,187,timing,elapsed_us,36199,start_us,1692903102582786,stop_us,1692903102618985,-,DmrppArray::read_super_chunks_concurrent() -  name: gt2l_land_ice_segments_latitude
1692903102,187,timing,elapsed_us,37678,start_us,1692903102450495,stop_us,1692903102488173,-,DmrppArray::read_super_chunks_concurrent() -  name: gt1l_land_ice_segments_latitude
1692903102,187,timing,elapsed_us,39214,start_us,1692903102314035,stop_us,1692903102353249,-,DmrppArray::read_super_chunks_concurrent() -  name: gt2r_land_ice_segments_longitude
1692903102,187,timing,elapsed_us,40171,start_us,1692903102353522,stop_us,1692903102393693,-,DmrppArray::read_super_chunks_concurrent() -  name: gt2r_land_ice_segments_latitude
1692903102,187,timing,elapsed_us,40923,start_us,1692903102769035,stop_us,1692903102809958,-,DmrppArray::read_super_chunks_concurrent() -  name: gt2r_land_ice_segments_delta_time
1692903102,187,timing,elapsed_us,41472,start_us,1692903102272268,stop_us,1692903102313740,-,DmrppArray::read_super_chunks_concurrent() -  name: gt1r_land_ice_segments_latitude
1692903102,187,timing,elapsed_us,47301,start_us,1692903102488783,stop_us,1692903102536084,-,DmrppArray::read_super_chunks_concurrent() -  name: gt3l_land_ice_segments_longitude
1692903102,187,timing,elapsed_us,49795,start_us,1692903102810239,stop_us,1692903102860034,-,DmrppArray::read_super_chunks_concurrent() -  name: gt3l_land_ice_segments_delta_time
1692903102,187,timing,elapsed_us,56229,start_us,1692903102393981,stop_us,1692903102450210,-,DmrppArray::read_super_chunks_concurrent() -  name: gt1l_land_ice_segments_longitude
1692903102,187,timing,elapsed_us,58010,start_us,1692903102619277,stop_us,1692903102677287,-,DmrppArray::read_super_chunks_concurrent() -  name: gt3r_land_ice_segments_longitude
1692903102,187,timing,elapsed_us,85753,start_us,1692903102860327,stop_us,1692903102946080,-,DmrppArray::read_super_chunks_concurrent() -  name: gt3r_land_ice_segments_delta_time
1692903103,187,timing,elapsed_us,181,start_us,1692903103028339,stop_us,1692903103028520,-,BESInterface::execute_request
1692903103,187,timing,elapsed_us,210,start_us,1692903103028335,stop_us,1692903103028545,-,BESServerHandler::execute
1692903103,187,timing,elapsed_us,3217790,start_us,1692903099809057,stop_us,1692903103026847,-,BESDapResponseBuilder::serialize_dap4_data() - Timer
1692903103,187,timing,elapsed_us,3218146,start_us,1692903099808719,stop_us,1692903103026865,http-nio-8080-exec-8:36[bes_client:/-0],get dap for d1 return as dap2; transmitting
1692903103,187,timing,elapsed_us,5846109,start_us,1692903097180764,stop_us,1692903103026873,-,BESInterface::execute_request
1692903103,187,timing,elapsed_us,5847586,start_us,1692903097180726,stop_us,1692903103028312,-,BESServerHandler::execute
1692903103,187,timing,elapsed_us,7,start_us,1692903103028505,stop_us,1692903103028512,client: /-0:113,show status; transmitting
1692903103,187,timing,elapsed_us,80410,start_us,1692903102946176,stop_us,1692903103026586,-,DmrppArray::read_contiguous() -  name: orbit_info_crossing_time
1692903155,187,timing,elapsed_us,195802,start_us,1692903155001362,stop_us,1692903155197164,-,RemoteResource::get_url() - source url: https://cmr.uat.earthdata.nasa.gov/search/granules.umm_json_v1_4?collection_concept_id=C1241426872-NSIDC_CUAT&granule_ur=ATL06_20200101223747_00950603_005_01.h5
1692903155,187,timing,elapsed_us,8,start_us,1692903155197593,stop_us,1692903155197601,http-nio-8080-exec-4:32[bes_client:/-0],set container in ngap values ngapContainer,collections/C1241426872-NSIDC_CUAT/granules/ATL06_20200101223747_00950603_005_01.h5; transmitting
1692903155,187,timing,elapsed_us,9,start_us,1692903155197795,stop_us,1692903155197804,http-nio-8080-exec-4:32[bes_client:/-0],define d1 in default as ngapContainer with ngapContainer.dap4constraint="/orbit_info_rgt;/orbit_info_crossing_time;/gt3r_land_ice_segments_latitude[0:256:];/gt3r_land_ice_segments_longitude[0:256:];/gt3r_land_ice_segments_delta_time[0:256:];/gt3l_land_ice_segments_latitude[0:256:];/gt3l_land_ice_segments_longitude[0:256:];/gt3l_land_ice_segments_delta_time[0:256:];/gt2r_land_ice_segments_latitude[0:256:];/gt2r_land_ice_segments_longitude[0:256:];/gt2r_land_ice_segments_delta_time[0:256:];/gt2l_land_ice_segments_latitude[0:256:];/gt2l_land_ice_segments_longitude[0:256:];/gt2l_land_ice_segments_delta_time[0:256:];/gt1r_land_ice_segments_latitude[0:256:];/gt1r_land_ice_segments_longitude[0:256:];/gt1r_land_ice_segments_delta_time[0:256:];/gt1l_land_ice_segments_latitude[0:256:];/gt1l_land_ice_segments_longitude[0:256:];/gt1l_land_ice_segments_delta_time[0:256:]"; transmitting
1692903157,187,timing,elapsed_us,134889,start_us,1692903157597883,stop_us,1692903157732772,-,DmrppArray::read_super_chunks_concurrent() -  name: gt1r_land_ice_segments_longitude
1692903157,187,timing,elapsed_us,21997,start_us,1692903157824242,stop_us,1692903157846239,-,DmrppArray::read_super_chunks_concurrent() -  name: gt2r_land_ice_segments_latitude
1692903157,187,timing,elapsed_us,2301634,start_us,1692903155198655,stop_us,1692903157500289,-,RemoteResource::get_url() - source url: https://data.nsidc.uat.earthdatacloud.nasa.gov/nsidc-cumulus-uat-protected/ATLAS/ATL06/005/2020/01/01/ATL06_20200101223747_00950603_005_01.h5.dmrpp
1692903157,187,timing,elapsed_us,23132,start_us,1692903157846516,stop_us,1692903157869648,-,DmrppArray::read_super_chunks_concurrent() -  name: gt1l_land_ice_segments_longitude
1692903157,187,timing,elapsed_us,23856,start_us,1692903157800099,stop_us,1692903157823955,-,DmrppArray::read_super_chunks_concurrent() -  name: gt2r_land_ice_segments_longitude
1692903157,187,timing,elapsed_us,65362,start_us,1692903157870055,stop_us,1692903157935417,-,DmrppArray::read_super_chunks_concurrent() -  name: gt1l_land_ice_segments_latitude
1692903157,187,timing,elapsed_us,66745,start_us,1692903157733065,stop_us,1692903157799810,-,DmrppArray::read_super_chunks_concurrent() -  name: gt1r_land_ice_segments_latitude
1692903157,187,timing,elapsed_us,85653,start_us,1692903157511682,stop_us,1692903157597335,-,DmrppArray::read_contiguous() -  name: orbit_info_rgt
1692903158,187,timing,elapsed_us,158,start_us,1692903158439439,stop_us,1692903158439597,-,BESInterface::execute_request
1692903158,187,timing,elapsed_us,17640,start_us,1692903158420357,stop_us,1692903158437997,-,DmrppArray::read_contiguous() -  name: orbit_info_crossing_time
1692903158,187,timing,elapsed_us,185,start_us,1692903158439435,stop_us,1692903158439620,-,BESServerHandler::execute
1692903158,187,timing,elapsed_us,21820,start_us,1692903158288271,stop_us,1692903158310091,-,DmrppArray::read_super_chunks_concurrent() -  name: gt1r_land_ice_segments_delta_time
1692903158,187,timing,elapsed_us,25197,start_us,1692903158233944,stop_us,1692903158259141,-,DmrppArray::read_super_chunks_concurrent() -  name: gt3r_land_ice_segments_latitude
1692903158,187,timing,elapsed_us,25684,start_us,1692903158207985,stop_us,1692903158233669,-,DmrppArray::read_super_chunks_concurrent() -  name: gt3r_land_ice_segments_longitude
1692903158,187,timing,elapsed_us,26043,start_us,1692903158365457,stop_us,1692903158391500,-,DmrppArray::read_super_chunks_concurrent() -  name: gt3l_land_ice_segments_delta_time
1692903158,187,timing,elapsed_us,26153,start_us,1692903158339027,stop_us,1692903158365180,-,DmrppArray::read_super_chunks_concurrent() -  name: gt2r_land_ice_segments_delta_time
1692903158,187,timing,elapsed_us,28334,start_us,1692903158391926,stop_us,1692903158420260,-,DmrppArray::read_super_chunks_concurrent() -  name: gt3r_land_ice_segments_delta_time
1692903158,187,timing,elapsed_us,28370,start_us,1692903158310387,stop_us,1692903158338757,-,DmrppArray::read_super_chunks_concurrent() -  name: gt2l_land_ice_segments_delta_time
1692903158,187,timing,elapsed_us,28570,start_us,1692903158259435,stop_us,1692903158288005,-,DmrppArray::read_super_chunks_concurrent() -  name: gt1l_land_ice_segments_delta_time
1692903158,187,timing,elapsed_us,3441451,start_us,1692903154996767,stop_us,1692903158438218,-,BESInterface::execute_request
1692903158,187,timing,elapsed_us,3442684,start_us,1692903154996731,stop_us,1692903158439415,-,BESServerHandler::execute
1692903158,187,timing,elapsed_us,50859,start_us,1692903158079900,stop_us,1692903158130759,-,DmrppArray::read_super_chunks_concurrent() -  name: gt2l_land_ice_segments_longitude
1692903158,187,timing,elapsed_us,6,start_us,1692903158439583,stop_us,1692903158439589,client: /-0:115,show status; transmitting
1692903158,187,timing,elapsed_us,63083,start_us,1692903158016517,stop_us,1692903158079600,-,DmrppArray::read_super_chunks_concurrent() -  name: gt3l_land_ice_segments_latitude
1692903158,187,timing,elapsed_us,76687,start_us,1692903158131030,stop_us,1692903158207717,-,DmrppArray::read_super_chunks_concurrent() -  name: gt2l_land_ice_segments_latitude
1692903158,187,timing,elapsed_us,80546,start_us,1692903157935712,stop_us,1692903158016258,-,DmrppArray::read_super_chunks_concurrent() -  name: gt3l_land_ice_segments_longitude
1692903158,187,timing,elapsed_us,927946,start_us,1692903157510248,stop_us,1692903158438194,-,BESDapResponseBuilder::serialize_dap4_data() - Timer
1692903158,187,timing,elapsed_us,928296,start_us,1692903157509911,stop_us,1692903158438207,http-nio-8080-exec-4:32[bes_client:/-0],get dap for d1 return as dap2; transmitting
1692903197,187,timing,elapsed_us,371514,start_us,1692903197145286,stop_us,1692903197516800,-,RemoteResource::get_url() - source url: https://cmr.uat.earthdata.nasa.gov/search/granules.umm_json_v1_4?collection_concept_id=C1241426887-NSIDC_CUAT&granule_ur=ATL07-01_20200101015629_00820601_005_01.h5
1692903197,187,timing,elapsed_us,7,start_us,1692903197517294,stop_us,1692903197517301,http-nio-8080-exec-3:31[bes_client:/-0],set container in ngap values ngapContainer,collections/C1241426887-NSIDC_CUAT/granules/ATL07-01_20200101015629_00820601_005_01.h5; transmitting
1692903197,187,timing,elapsed_us,8,start_us,1692903197517495,stop_us,1692903197517503,http-nio-8080-exec-3:31[bes_client:/-0],define d1 in default as ngapContainer with ngapContainer.dap4constraint="/orbit_info_rgt;/orbit_info_crossing_time;/gt3r_sea_ice_segments_latitude[0:1024:];/gt3r_sea_ice_segments_longitude[0:1024:];/gt3r_sea_ice_segments_delta_time[0:1024:];/gt3l_sea_ice_segments_latitude[0:1024:];/gt3l_sea_ice_segments_longitude[0:1024:];/gt3l_sea_ice_segments_delta_time[0:1024:];/gt2r_sea_ice_segments_latitude[0:1024:];/gt2r_sea_ice_segments_longitude[0:1024:];/gt2r_sea_ice_segments_delta_time[0:1024:];/gt2l_sea_ice_segments_latitude[0:1024:];/gt2l_sea_ice_segments_longitude[0:1024:];/gt2l_sea_ice_segments_delta_time[0:1024:];/gt1r_sea_ice_segments_latitude[0:1024:];/gt1r_sea_ice_segments_longitude[0:1024:];/gt1r_sea_ice_segments_delta_time[0:1024:];/gt1l_sea_ice_segments_latitude[0:1024:];/gt1l_sea_ice_segments_longitude[0:1024:];/gt1l_sea_ice_segments_delta_time[0:1024:]"; transmitting
1692903199,187,timing,elapsed_us,2418336,start_us,1692903197518375,stop_us,1692903199936711,-,RemoteResource::get_url() - source url: https://data.nsidc.uat.earthdatacloud.nasa.gov/nsidc-cumulus-uat-protected/ATLAS/ATL07/005/2020/01/01/ATL07-01_20200101015629_00820601_005_01.h5.dmrpp
1692903202,187,timing,elapsed_us,133066,start_us,1692903202494094,stop_us,1692903202627160,-,DmrppArray::read_super_chunks_concurrent() -  name: gt2r_sea_ice_segments_longitude
1692903202,187,timing,elapsed_us,2294144,start_us,1692903199954338,stop_us,1692903202248482,-,CurlUtils::retrieve_effective_url() -  Following Redirects Starting With: https://data.nsidc.uat.earthdatacloud.nasa.gov/nsidc-cumulus-uat-protected/ATLAS/ATL07/005/2020/01/01/ATL07-01_20200101015629_00820601_005_01.h5
1692903202,187,timing,elapsed_us,2379956,start_us,1692903199954288,stop_us,1692903202334244,-,DmrppArray::read_contiguous() -  name: orbit_info_rgt
1692903202,187,timing,elapsed_us,42686,start_us,1692903202928235,stop_us,1692903202970921,-,DmrppArray::read_super_chunks_concurrent() -  name: gt3l_sea_ice_segments_latitude
1692903202,187,timing,elapsed_us,52944,start_us,1692903202704174,stop_us,1692903202757118,-,DmrppArray::read_super_chunks_concurrent() -  name: gt1l_sea_ice_segments_longitude
1692903202,187,timing,elapsed_us,59177,start_us,1692903202433896,stop_us,1692903202493073,-,DmrppArray::read_super_chunks_concurrent() -  name: gt1r_sea_ice_segments_latitude
1692903202,187,timing,elapsed_us,70506,start_us,1692903202856688,stop_us,1692903202927194,-,DmrppArray::read_super_chunks_concurrent() -  name: gt3l_sea_ice_segments_longitude
1692903202,187,timing,elapsed_us,74996,start_us,1692903202628120,stop_us,1692903202703116,-,DmrppArray::read_super_chunks_concurrent() -  name: gt2r_sea_ice_segments_latitude
1692903202,187,timing,elapsed_us,97186,start_us,1692903202758158,stop_us,1692903202855344,-,DmrppArray::read_super_chunks_concurrent() -  name: gt1l_sea_ice_segments_latitude
1692903202,187,timing,elapsed_us,97346,start_us,1692903202335446,stop_us,1692903202432792,-,DmrppArray::read_super_chunks_concurrent() -  name: gt1r_sea_ice_segments_longitude
1692903203,187,timing,elapsed_us,125973,start_us,1692903203213761,stop_us,1692903203339734,-,DmrppArray::read_super_chunks_concurrent() -  name: gt3r_sea_ice_segments_latitude
1692903203,187,timing,elapsed_us,150472,start_us,1692903203532204,stop_us,1692903203682676,-,DmrppArray::read_super_chunks_concurrent() -  name: gt1r_sea_ice_segments_delta_time
1692903203,187,timing,elapsed_us,185,start_us,1692903203982267,stop_us,1692903203982452,-,BESInterface::execute_request
1692903203,187,timing,elapsed_us,190196,start_us,1692903203340895,stop_us,1692903203531091,-,DmrppArray::read_super_chunks_concurrent() -  name: gt1l_sea_ice_segments_delta_time
1692903203,187,timing,elapsed_us,211,start_us,1692903203982263,stop_us,1692903203982474,-,BESServerHandler::execute
1692903203,187,timing,elapsed_us,23216,start_us,1692903203957108,stop_us,1692903203980324,-,DmrppArray::read_contiguous() -  name: orbit_info_crossing_time
1692903203,187,timing,elapsed_us,37363,start_us,1692903203919636,stop_us,1692903203956999,-,DmrppArray::read_super_chunks_concurrent() -  name: gt3r_sea_ice_segments_delta_time
1692903203,187,timing,elapsed_us,4027651,start_us,1692903199953002,stop_us,1692903203980653,-,BESDapResponseBuilder::serialize_dap4_data() - Timer
1692903203,187,timing,elapsed_us,4028066,start_us,1692903199952632,stop_us,1692903203980698,http-nio-8080-exec-3:31[bes_client:/-0],get dap for d1 return as dap2; transmitting
1692903203,187,timing,elapsed_us,6,start_us,1692903203982439,stop_us,1692903203982445,client: /-0:117,show status; transmitting
1692903203,187,timing,elapsed_us,62283,start_us,1692903203771125,stop_us,1692903203833408,-,DmrppArray::read_super_chunks_concurrent() -  name: gt2r_sea_ice_segments_delta_time
1692903203,187,timing,elapsed_us,6839949,start_us,1692903197140758,stop_us,1692903203980707,-,BESInterface::execute_request
1692903203,187,timing,elapsed_us,6841522,start_us,1692903197140722,stop_us,1692903203982244,-,BESServerHandler::execute
1692903203,187,timing,elapsed_us,74233,start_us,1692903203138479,stop_us,1692903203212712,-,DmrppArray::read_super_chunks_concurrent() -  name: gt3r_sea_ice_segments_longitude
1692903203,187,timing,elapsed_us,78081,start_us,1692903202971767,stop_us,1692903203049848,-,DmrppArray::read_super_chunks_concurrent() -  name: gt2l_sea_ice_segments_longitude
1692903203,187,timing,elapsed_us,83706,start_us,1692903203834642,stop_us,1692903203918348,-,DmrppArray::read_super_chunks_concurrent() -  name: gt3l_sea_ice_segments_delta_time
1692903203,187,timing,elapsed_us,86456,start_us,1692903203683711,stop_us,1692903203770167,-,DmrppArray::read_super_chunks_concurrent() -  name: gt2l_sea_ice_segments_delta_time
1692903203,187,timing,elapsed_us,86758,start_us,1692903203050661,stop_us,1692903203137419,-,DmrppArray::read_super_chunks_concurrent() -  name: gt2l_sea_ice_segments_latitude
1692903234,187,timing,elapsed_us,10,start_us,1692903234848757,stop_us,1692903234848767,http-nio-8080-exec-4:32[bes_client:/-0],define d1 in default as ngapContainer with ngapContainer.dap4constraint="/orbit_info_rgt;/orbit_info_crossing_time;/gt3r_sea_ice_segments_latitude[0:1024:];/gt3r_sea_ice_segments_longitude[0:1024:];/gt3r_sea_ice_segments_delta_time[0:1024:];/gt3l_sea_ice_segments_latitude[0:1024:];/gt3l_sea_ice_segments_longitude[0:1024:];/gt3l_sea_ice_segments_delta_time[0:1024:];/gt2r_sea_ice_segments_latitude[0:1024:];/gt2r_sea_ice_segments_longitude[0:1024:];/gt2r_sea_ice_segments_delta_time[0:1024:];/gt2l_sea_ice_segments_latitude[0:1024:];/gt2l_sea_ice_segments_longitude[0:1024:];/gt2l_sea_ice_segments_delta_time[0:1024:];/gt1r_sea_ice_segments_latitude[0:1024:];/gt1r_sea_ice_segments_longitude[0:1024:];/gt1r_sea_ice_segments_delta_time[0:1024:];/gt1l_sea_ice_segments_latitude[0:1024:];/gt1l_sea_ice_segments_longitude[0:1024:];/gt1l_sea_ice_segments_delta_time[0:1024:]"; transmitting
1692903234,187,timing,elapsed_us,238280,start_us,1692903234609552,stop_us,1692903234847832,-,RemoteResource::get_url() - source url: https://cmr.uat.earthdata.nasa.gov/search/granules.umm_json_v1_4?collection_concept_id=C1241426887-NSIDC_CUAT&granule_ur=ATL07-01_20200101015629_00820601_005_01.h5
1692903234,187,timing,elapsed_us,7,start_us,1692903234848367,stop_us,1692903234848374,http-nio-8080-exec-4:32[bes_client:/-0],set container in ngap values ngapContainer,collections/C1241426887-NSIDC_CUAT/granules/ATL07-01_20200101015629_00820601_005_01.h5; transmitting
1692903237,187,timing,elapsed_us,158425,start_us,1692903237667360,stop_us,1692903237825785,-,DmrppArray::read_super_chunks_concurrent() -  name: gt1l_sea_ice_segments_longitude
1692903237,187,timing,elapsed_us,159427,start_us,1692903237826976,stop_us,1692903237986403,-,DmrppArray::read_super_chunks_concurrent() -  name: gt1l_sea_ice_segments_latitude
1692903237,187,timing,elapsed_us,169578,start_us,1692903237275656,stop_us,1692903237445234,-,DmrppArray::read_super_chunks_concurrent() -  name: gt1r_sea_ice_segments_longitude
1692903237,187,timing,elapsed_us,2319949,start_us,1692903234849658,stop_us,1692903237169607,-,RemoteResource::get_url() - source url: https://data.nsidc.uat.earthdatacloud.nasa.gov/nsidc-cumulus-uat-protected/ATLAS/ATL07/005/2020/01/01/ATL07-01_20200101015629_00820601_005_01.h5.dmrpp
1692903237,187,timing,elapsed_us,68878,start_us,1692903237526957,stop_us,1692903237595835,-,DmrppArray::read_super_chunks_concurrent() -  name: gt2r_sea_ice_segments_longitude
1692903237,187,timing,elapsed_us,69317,start_us,1692903237596998,stop_us,1692903237666315,-,DmrppArray::read_super_chunks_concurrent() -  name: gt2r_sea_ice_segments_latitude
1692903237,187,timing,elapsed_us,79443,start_us,1692903237446436,stop_us,1692903237525879,-,DmrppArray::read_super_chunks_concurrent() -  name: gt1r_sea_ice_segments_latitude
1692903237,187,timing,elapsed_us,85786,start_us,1692903237188462,stop_us,1692903237274248,-,DmrppArray::read_contiguous() -  name: orbit_info_rgt
1692903238,187,timing,elapsed_us,102176,start_us,1692903238500902,stop_us,1692903238603078,-,DmrppArray::read_super_chunks_concurrent() -  name: gt1r_sea_ice_segments_delta_time
1692903238,187,timing,elapsed_us,112748,start_us,1692903238298792,stop_us,1692903238411540,-,DmrppArray::read_super_chunks_concurrent() -  name: gt3r_sea_ice_segments_latitude
1692903238,187,timing,elapsed_us,1685177,start_us,1692903237187154,stop_us,1692903238872331,-,BESDapResponseBuilder::serialize_dap4_data() - Timer
1692903238,187,timing,elapsed_us,1685584,start_us,1692903237186776,stop_us,1692903238872360,http-nio-8080-exec-4:32[bes_client:/-0],get dap for d1 return as dap2; transmitting
1692903238,187,timing,elapsed_us,189,start_us,1692903238874276,stop_us,1692903238874465,-,BESInterface::execute_request
1692903238,187,timing,elapsed_us,217,start_us,1692903238874273,stop_us,1692903238874490,-,BESServerHandler::execute
1692903238,187,timing,elapsed_us,37560,start_us,1692903238604111,stop_us,1692903238641671,-,DmrppArray::read_super_chunks_concurrent() -  name: gt2l_sea_ice_segments_delta_time
1692903238,187,timing,elapsed_us,37663,start_us,1692903238834396,stop_us,1692903238872059,-,DmrppArray::read_contiguous() -  name: orbit_info_crossing_time
1692903238,187,timing,elapsed_us,39285,start_us,1692903238151514,stop_us,1692903238190799,-,DmrppArray::read_super_chunks_concurrent() -  name: gt2l_sea_ice_segments_longitude
1692903238,187,timing,elapsed_us,40208,start_us,1692903238191640,stop_us,1692903238231848,-,DmrppArray::read_super_chunks_concurrent() -  name: gt2l_sea_ice_segments_latitude
1692903238,187,timing,elapsed_us,4267610,start_us,1692903234604773,stop_us,1692903238872383,-,BESInterface::execute_request
1692903238,187,timing,elapsed_us,4269510,start_us,1692903234604736,stop_us,1692903238874246,-,BESServerHandler::execute
1692903238,187,timing,elapsed_us,54845,start_us,1692903238642579,stop_us,1692903238697424,-,DmrppArray::read_super_chunks_concurrent() -  name: gt2r_sea_ice_segments_delta_time
1692903238,187,timing,elapsed_us,6,start_us,1692903238874452,stop_us,1692903238874458,client: /-0:119,show status; transmitting
1692903238,187,timing,elapsed_us,61693,start_us,1692903238772548,stop_us,1692903238834241,-,DmrppArray::read_super_chunks_concurrent() -  name: gt3r_sea_ice_segments_delta_time
1692903238,187,timing,elapsed_us,64422,start_us,1692903238232926,stop_us,1692903238297348,-,DmrppArray::read_super_chunks_concurrent() -  name: gt3r_sea_ice_segments_longitude
1692903238,187,timing,elapsed_us,72426,start_us,1692903238078217,stop_us,1692903238150643,-,DmrppArray::read_super_chunks_concurrent() -  name: gt3l_sea_ice_segments_latitude
1692903238,187,timing,elapsed_us,72641,start_us,1692903238698538,stop_us,1692903238771179,-,DmrppArray::read_super_chunks_concurrent() -  name: gt3l_sea_ice_segments_delta_time
1692903238,187,timing,elapsed_us,87117,start_us,1692903238412729,stop_us,1692903238499846,-,DmrppArray::read_super_chunks_concurrent() -  name: gt1l_sea_ice_segments_delta_time
1692903238,187,timing,elapsed_us,89609,start_us,1692903237987505,stop_us,1692903238077114,-,DmrppArray::read_super_chunks_concurrent() -  name: gt3l_sea_ice_segments_longitude
1692903268,187,timing,elapsed_us,210314,start_us,1692903268461102,stop_us,1692903268671416,-,RemoteResource::get_url() - source url: https://cmr.uat.earthdata.nasa.gov/search/granules.umm_json_v1_4?collection_concept_id=C1241426887-NSIDC_CUAT&granule_ur=ATL07-01_20200101015629_00820601_005_01.h5
1692903268,187,timing,elapsed_us,8,start_us,1692903268671991,stop_us,1692903268671999,http-nio-8080-exec-6:34[bes_client:/-0],set container in ngap values ngapContainer,collections/C1241426887-NSIDC_CUAT/granules/ATL07-01_20200101015629_00820601_005_01.h5; transmitting
1692903268,187,timing,elapsed_us,8,start_us,1692903268672361,stop_us,1692903268672369,http-nio-8080-exec-6:34[bes_client:/-0],define d1 in default as ngapContainer with ngapContainer.dap4constraint="/orbit_info_rgt;/orbit_info_crossing_time;/gt3r_sea_ice_segments_latitude[0:1024:];/gt3r_sea_ice_segments_longitude[0:1024:];/gt3r_sea_ice_segments_delta_time[0:1024:];/gt3l_sea_ice_segments_latitude[0:1024:];/gt3l_sea_ice_segments_longitude[0:1024:];/gt3l_sea_ice_segments_delta_time[0:1024:];/gt2r_sea_ice_segments_latitude[0:1024:];/gt2r_sea_ice_segments_longitude[0:1024:];/gt2r_sea_ice_segments_delta_time[0:1024:];/gt2l_sea_ice_segments_latitude[0:1024:];/gt2l_sea_ice_segments_longitude[0:1024:];/gt2l_sea_ice_segments_delta_time[0:1024:];/gt1r_sea_ice_segments_latitude[0:1024:];/gt1r_sea_ice_segments_longitude[0:1024:];/gt1r_sea_ice_segments_delta_time[0:1024:];/gt1l_sea_ice_segments_latitude[0:1024:];/gt1l_sea_ice_segments_longitude[0:1024:];/gt1l_sea_ice_segments_delta_time[0:1024:]"; transmitting
1692903271,187,timing,elapsed_us,128571,start_us,1692903271127016,stop_us,1692903271255587,-,DmrppArray::read_super_chunks_concurrent() -  name: gt1r_sea_ice_segments_longitude
1692903271,187,timing,elapsed_us,2351394,start_us,1692903268673276,stop_us,1692903271024670,-,RemoteResource::get_url() - source url: https://data.nsidc.uat.earthdatacloud.nasa.gov/nsidc-cumulus-uat-protected/ATLAS/ATL07/005/2020/01/01/ATL07-01_20200101015629_00820601_005_01.h5.dmrpp
1692903271,187,timing,elapsed_us,43986,start_us,1692903271408556,stop_us,1692903271452542,-,DmrppArray::read_super_chunks_concurrent() -  name: gt2r_sea_ice_segments_latitude
1692903271,187,timing,elapsed_us,52837,start_us,1692903271550671,stop_us,1692903271603508,-,DmrppArray::read_super_chunks_concurrent() -  name: gt1l_sea_ice_segments_latitude
1692903271,187,timing,elapsed_us,63785,start_us,1692903271866270,stop_us,1692903271930055,-,DmrppArray::read_super_chunks_concurrent() -  name: gt2l_sea_ice_segments_latitude
1692903271,187,timing,elapsed_us,73084,start_us,1692903271334504,stop_us,1692903271407588,-,DmrppArray::read_super_chunks_concurrent() -  name: gt2r_sea_ice_segments_longitude
1692903271,187,timing,elapsed_us,76765,start_us,1692903271256720,stop_us,1692903271333485,-,DmrppArray::read_super_chunks_concurrent() -  name: gt1r_sea_ice_segments_latitude
1692903271,187,timing,elapsed_us,82611,start_us,1692903271688743,stop_us,1692903271771354,-,DmrppArray::read_super_chunks_concurrent() -  name: gt3l_sea_ice_segments_latitude
1692903271,187,timing,elapsed_us,83029,start_us,1692903271604629,stop_us,1692903271687658,-,DmrppArray::read_super_chunks_concurrent() -  name: gt3l_sea_ice_segments_longitude
1692903271,187,timing,elapsed_us,83686,start_us,1692903271042114,stop_us,1692903271125800,-,DmrppArray::read_contiguous() -  name: orbit_info_rgt
1692903271,187,timing,elapsed_us,93276,start_us,1692903271772180,stop_us,1692903271865456,-,DmrppArray::read_super_chunks_concurrent() -  name: gt2l_sea_ice_segments_longitude
1692903271,187,timing,elapsed_us,95975,start_us,1692903271453637,stop_us,1692903271549612,-,DmrppArray::read_super_chunks_concurrent() -  name: gt1l_sea_ice_segments_longitude
1692903272,187,timing,elapsed_us,108151,start_us,1692903272021779,stop_us,1692903272129930,-,DmrppArray::read_super_chunks_concurrent() -  name: gt3r_sea_ice_segments_latitude
1692903272,187,timing,elapsed_us,124054,start_us,1692903272542885,stop_us,1692903272666939,-,DmrppArray::read_contiguous() -  name: orbit_info_crossing_time
1692903272,187,timing,elapsed_us,1626287,start_us,1692903271040832,stop_us,1692903272667119,-,BESDapResponseBuilder::serialize_dap4_data() - Timer
1692903272,187,timing,elapsed_us,1626701,start_us,1692903271040434,stop_us,1692903272667135,http-nio-8080-exec-6:34[bes_client:/-0],get dap for d1 return as dap2; transmitting
1692903272,187,timing,elapsed_us,164320,start_us,1692903272378437,stop_us,1692903272542757,-,DmrppArray::read_super_chunks_concurrent() -  name: gt3r_sea_ice_segments_delta_time
1692903272,187,timing,elapsed_us,205,start_us,1692903272669043,stop_us,1692903272669248,-,BESInterface::execute_request
1692903272,187,timing,elapsed_us,233,start_us,1692903272669039,stop_us,1692903272669272,-,BESServerHandler::execute
1692903272,187,timing,elapsed_us,30895,start_us,1692903272212674,stop_us,1692903272243569,-,DmrppArray::read_super_chunks_concurrent() -  name: gt2l_sea_ice_segments_delta_time
1692903272,187,timing,elapsed_us,33506,start_us,1692903272244550,stop_us,1692903272278056,-,DmrppArray::read_super_chunks_concurrent() -  name: gt2r_sea_ice_segments_delta_time
1692903272,187,timing,elapsed_us,34223,start_us,1692903272130955,stop_us,1692903272165178,-,DmrppArray::read_super_chunks_concurrent() -  name: gt1l_sea_ice_segments_delta_time
1692903272,187,timing,elapsed_us,4210384,start_us,1692903268456760,stop_us,1692903272667144,-,BESInterface::execute_request
1692903272,187,timing,elapsed_us,4212288,start_us,1692903268456728,stop_us,1692903272669016,-,BESServerHandler::execute
1692903272,187,timing,elapsed_us,45332,start_us,1692903272166362,stop_us,1692903272211694,-,DmrppArray::read_super_chunks_concurrent() -  name: gt1r_sea_ice_segments_delta_time
1692903272,187,timing,elapsed_us,6,start_us,1692903272669234,stop_us,1692903272669240,client: /-0:121,show status; transmitting
1692903272,187,timing,elapsed_us,89476,start_us,1692903271931117,stop_us,1692903272020593,-,DmrppArray::read_super_chunks_concurrent() -  name: gt3r_sea_ice_segments_longitude
1692903272,187,timing,elapsed_us,98101,start_us,1692903272279077,stop_us,1692903272377178,-,DmrppArray::read_super_chunks_concurrent() -  name: gt3l_sea_ice_segments_delta_time
1692903313,187,timing,elapsed_us,199234,start_us,1692903312977973,stop_us,1692903313177207,-,RemoteResource::get_url() - source url: https://cmr.uat.earthdata.nasa.gov/search/granules.umm_json_v1_4?collection_concept_id=C1241426907-NSIDC_CUAT&granule_ur=ATL08_20200101145654_00900605_005_01.h5
1692903313,187,timing,elapsed_us,6,start_us,1692903313178035,stop_us,1692903313178041,http-nio-8080-exec-10:38[bes_client:/-0],define d1 in default as ngapContainer with ngapContainer.dap4constraint="/orbit_info_rgt;/orbit_info_crossing_time;/gt3r_land_segments_latitude[0:64:];/gt3r_land_segments_longitude[0:64:];/gt3r_land_segments_delta_time[0:64:];/gt3l_land_segments_latitude[0:64:];/gt3l_land_segments_longitude[0:64:];/gt3l_land_segments_delta_time[0:64:];/gt2r_land_segments_latitude[0:64:];/gt2r_land_segments_longitude[0:64:];/gt2r_land_segments_delta_time[0:64:];/gt2l_land_segments_latitude[0:64:];/gt2l_land_segments_longitude[0:64:];/gt2l_land_segments_delta_time[0:64:];/gt1r_land_segments_latitude[0:64:];/gt1r_land_segments_longitude[0:64:];/gt1r_land_segments_delta_time[0:64:];/gt1l_land_segments_latitude[0:64:];/gt1l_land_segments_longitude[0:64:];/gt1l_land_segments_delta_time[0:64:]"; transmitting
1692903313,187,timing,elapsed_us,8,start_us,1692903313177681,stop_us,1692903313177689,http-nio-8080-exec-10:38[bes_client:/-0],set container in ngap values ngapContainer,collections/C1241426907-NSIDC_CUAT/granules/ATL08_20200101145654_00900605_005_01.h5; transmitting
1692903315,187,timing,elapsed_us,2310675,start_us,1692903313178892,stop_us,1692903315489567,-,RemoteResource::get_url() - source url: https://data.nsidc.uat.earthdatacloud.nasa.gov/nsidc-cumulus-uat-protected/ATLAS/ATL08/005/2020/01/01/ATL08_20200101145654_00900605_005_01.h5.dmrpp
1692903317,187,timing,elapsed_us,16707,start_us,1692903317870274,stop_us,1692903317886981,-,DmrppArray::read_contiguous() -  name: gt1r_land_segments_delta_time
1692903317,187,timing,elapsed_us,2294240,start_us,1692903315508428,stop_us,1692903317802668,-,CurlUtils::retrieve_effective_url() -  Following Redirects Starting With: https://data.nsidc.uat.earthdatacloud.nasa.gov/nsidc-cumulus-uat-protected/ATLAS/ATL08/005/2020/01/01/ATL08_20200101145654_00900605_005_01.h5
1692903317,187,timing,elapsed_us,2361799,start_us,1692903315508379,stop_us,1692903317870178,-,DmrppArray::read_contiguous() -  name: gt1l_land_segments_delta_time
1692903317,187,timing,elapsed_us,39863,start_us,1692903317887061,stop_us,1692903317926924,-,DmrppArray::read_contiguous() -  name: gt2l_land_segments_delta_time
1692903318,187,timing,elapsed_us,106912,start_us,1692903318095058,stop_us,1692903318201970,-,DmrppArray::read_contiguous() -  name: orbit_info_crossing_time
1692903318,187,timing,elapsed_us,16271,start_us,1692903318493125,stop_us,1692903318509396,-,DmrppArray::read_contiguous() -  name: gt2l_land_segments_longitude
1692903318,187,timing,elapsed_us,17224,start_us,1692903318282173,stop_us,1692903318299397,-,DmrppArray::read_contiguous() -  name: gt1r_land_segments_latitude
1692903318,187,timing,elapsed_us,17334,start_us,1692903318357016,stop_us,1692903318374350,-,DmrppArray::read_contiguous() -  name: gt1l_land_segments_longitude
1692903318,187,timing,elapsed_us,17689,start_us,1692903318509561,stop_us,1692903318527250,-,DmrppArray::read_contiguous() -  name: gt2l_land_segments_latitude
1692903318,187,timing,elapsed_us,17689,start_us,1692903318548271,stop_us,1692903318565960,-,DmrppArray::read_contiguous() -  name: gt3r_land_segments_latitude
1692903318,187,timing,elapsed_us,17929,start_us,1692903318004955,stop_us,1692903318022884,-,DmrppArray::read_contiguous() -  name: gt3l_land_segments_delta_time
1692903318,187,timing,elapsed_us,194,start_us,1692903318567448,stop_us,1692903318567642,-,BESInterface::execute_request
1692903318,187,timing,elapsed_us,20735,start_us,1692903318527426,stop_us,1692903318548161,-,DmrppArray::read_contiguous() -  name: gt3r_land_segments_longitude
1692903318,187,timing,elapsed_us,222,start_us,1692903318567444,stop_us,1692903318567666,-,BESServerHandler::execute
1692903318,187,timing,elapsed_us,24949,start_us,1692903318331935,stop_us,1692903318356884,-,DmrppArray::read_contiguous() -  name: gt2r_land_segments_latitude
1692903318,187,timing,elapsed_us,26011,start_us,1692903318256083,stop_us,1692903318282094,-,DmrppArray::read_contiguous() -  name: gt1r_land_segments_longitude
1692903318,187,timing,elapsed_us,30053,start_us,1692903318417875,stop_us,1692903318447928,-,DmrppArray::read_contiguous() -  name: gt3l_land_segments_longitude
1692903318,187,timing,elapsed_us,3059052,start_us,1692903315507085,stop_us,1692903318566137,-,BESDapResponseBuilder::serialize_dap4_data() - Timer
1692903318,187,timing,elapsed_us,3059307,start_us,1692903315506844,stop_us,1692903318566151,http-nio-8080-exec-10:38[bes_client:/-0],get dap for d1 return as dap2; transmitting
1692903318,187,timing,elapsed_us,32300,start_us,1692903318299489,stop_us,1692903318331789,-,DmrppArray::read_contiguous() -  name: gt2r_land_segments_longitude
1692903318,187,timing,elapsed_us,43209,start_us,1692903318374521,stop_us,1692903318417730,-,DmrppArray::read_contiguous() -  name: gt1l_land_segments_latitude
1692903318,187,timing,elapsed_us,45009,start_us,1692903318448041,stop_us,1692903318493050,-,DmrppArray::read_contiguous() -  name: gt3l_land_segments_latitude
1692903318,187,timing,elapsed_us,53804,start_us,1692903318202126,stop_us,1692903318255930,-,DmrppArray::read_contiguous() -  name: orbit_info_rgt
1692903318,187,timing,elapsed_us,5593388,start_us,1692903312972771,stop_us,1692903318566159,-,BESInterface::execute_request
1692903318,187,timing,elapsed_us,5594683,start_us,1692903312972742,stop_us,1692903318567425,-,BESServerHandler::execute
1692903318,187,timing,elapsed_us,6,start_us,1692903318567628,stop_us,1692903318567634,client: /-0:123,show status; transmitting
1692903318,187,timing,elapsed_us,71957,start_us,1692903318023013,stop_us,1692903318094970,-,DmrppArray::read_contiguous() -  name: gt3r_land_segments_delta_time
1692903318,187,timing,elapsed_us,77857,start_us,1692903317927011,stop_us,1692903318004868,-,DmrppArray::read_contiguous() -  name: gt2r_land_segments_delta_time
1692903338,187,timing,elapsed_us,228877,start_us,1692903338625941,stop_us,1692903338854818,-,RemoteResource::get_url() - source url: https://cmr.uat.earthdata.nasa.gov/search/granules.umm_json_v1_4?collection_concept_id=C1241426907-NSIDC_CUAT&granule_ur=ATL08_20200101145654_00900605_005_01.h5
1692903338,187,timing,elapsed_us,7,start_us,1692903338855664,stop_us,1692903338855671,http-nio-8080-exec-1:29[bes_client:/-0],define d1 in default as ngapContainer with ngapContainer.dap4constraint="/orbit_info_rgt;/orbit_info_crossing_time;/gt3r_land_segments_latitude[0:64:];/gt3r_land_segments_longitude[0:64:];/gt3r_land_segments_delta_time[0:64:];/gt3l_land_segments_latitude[0:64:];/gt3l_land_segments_longitude[0:64:];/gt3l_land_segments_delta_time[0:64:];/gt2r_land_segments_latitude[0:64:];/gt2r_land_segments_longitude[0:64:];/gt2r_land_segments_delta_time[0:64:];/gt2l_land_segments_latitude[0:64:];/gt2l_land_segments_longitude[0:64:];/gt2l_land_segments_delta_time[0:64:];/gt1r_land_segments_latitude[0:64:];/gt1r_land_segments_longitude[0:64:];/gt1r_land_segments_delta_time[0:64:];/gt1l_land_segments_latitude[0:64:];/gt1l_land_segments_longitude[0:64:];/gt1l_land_segments_delta_time[0:64:]"; transmitting
1692903338,187,timing,elapsed_us,8,start_us,1692903338855279,stop_us,1692903338855287,http-nio-8080-exec-1:29[bes_client:/-0],set container in ngap values ngapContainer,collections/C1241426907-NSIDC_CUAT/granules/ATL08_20200101145654_00900605_005_01.h5; transmitting
1692903341,187,timing,elapsed_us,102272,start_us,1692903341489043,stop_us,1692903341591315,-,DmrppArray::read_contiguous() -  name: gt3l_land_segments_longitude
1692903341,187,timing,elapsed_us,15051,start_us,1692903341456809,stop_us,1692903341471860,-,DmrppArray::read_contiguous() -  name: gt1l_land_segments_longitude
1692903341,187,timing,elapsed_us,15637,start_us,1692903341344207,stop_us,1692903341359844,-,DmrppArray::read_contiguous() -  name: orbit_info_crossing_time
1692903341,187,timing,elapsed_us,15902,start_us,1692903341394005,stop_us,1692903341409907,-,DmrppArray::read_contiguous() -  name: gt1r_land_segments_latitude
1692903341,187,timing,elapsed_us,15930,start_us,1692903341591521,stop_us,1692903341607451,-,DmrppArray::read_contiguous() -  name: gt3l_land_segments_latitude
1692903341,187,timing,elapsed_us,16082,start_us,1692903341377858,stop_us,1692903341393940,-,DmrppArray::read_contiguous() -  name: gt1r_land_segments_longitude
1692903341,187,timing,elapsed_us,16243,start_us,1692903341409987,stop_us,1692903341426230,-,DmrppArray::read_contiguous() -  name: gt2r_land_segments_longitude
1692903341,187,timing,elapsed_us,16977,start_us,1692903341291456,stop_us,1692903341308433,-,DmrppArray::read_contiguous() -  name: gt2r_land_segments_delta_time
1692903341,187,timing,elapsed_us,17036,start_us,1692903341471943,stop_us,1692903341488979,-,DmrppArray::read_contiguous() -  name: gt1l_land_segments_latitude
1692903341,187,timing,elapsed_us,17177,start_us,1692903341643240,stop_us,1692903341660417,-,DmrppArray::read_contiguous() -  name: gt2l_land_segments_latitude
1692903341,187,timing,elapsed_us,17291,start_us,1692903341326848,stop_us,1692903341344139,-,DmrppArray::read_contiguous() -  name: gt3r_land_segments_delta_time
1692903341,187,timing,elapsed_us,17710,start_us,1692903341254126,stop_us,1692903341271836,-,DmrppArray::read_contiguous() -  name: gt1r_land_segments_delta_time
1692903341,187,timing,elapsed_us,17726,start_us,1692903341359988,stop_us,1692903341377714,-,DmrppArray::read_contiguous() -  name: orbit_info_rgt
1692903341,187,timing,elapsed_us,180,start_us,1692903341767098,stop_us,1692903341767278,-,BESInterface::execute_request
1692903341,187,timing,elapsed_us,18044,start_us,1692903341308638,stop_us,1692903341326682,-,DmrppArray::read_contiguous() -  name: gt3l_land_segments_delta_time
1692903341,187,timing,elapsed_us,19349,start_us,1692903341271921,stop_us,1692903341291270,-,DmrppArray::read_contiguous() -  name: gt2l_land_segments_delta_time
1692903341,187,timing,elapsed_us,211,start_us,1692903341767094,stop_us,1692903341767305,-,BESServerHandler::execute
1692903341,187,timing,elapsed_us,2312278,start_us,1692903338856516,stop_us,1692903341168794,-,RemoteResource::get_url() - source url: https://data.nsidc.uat.earthdatacloud.nasa.gov/nsidc-cumulus-uat-protected/ATLAS/ATL08/005/2020/01/01/ATL08_20200101145654_00900605_005_01.h5.dmrpp
1692903341,187,timing,elapsed_us,30276,start_us,1692903341426379,stop_us,1692903341456655,-,DmrppArray::read_contiguous() -  name: gt2r_land_segments_latitude
1692903341,187,timing,elapsed_us,3145199,start_us,1692903338620757,stop_us,1692903341765956,-,BESInterface::execute_request
1692903341,187,timing,elapsed_us,3146343,start_us,1692903338620727,stop_us,1692903341767070,-,BESServerHandler::execute
1692903341,187,timing,elapsed_us,32292,start_us,1692903341733503,stop_us,1692903341765795,-,DmrppArray::read_contiguous() -  name: gt3r_land_segments_latitude
1692903341,187,timing,elapsed_us,35462,start_us,1692903341607633,stop_us,1692903341643095,-,DmrppArray::read_contiguous() -  name: gt2l_land_segments_longitude
1692903341,187,timing,elapsed_us,578218,start_us,1692903341187718,stop_us,1692903341765936,-,BESDapResponseBuilder::serialize_dap4_data() - Timer
1692903341,187,timing,elapsed_us,578484,start_us,1692903341187464,stop_us,1692903341765948,http-nio-8080-exec-1:29[bes_client:/-0],get dap for d1 return as dap2; transmitting
1692903341,187,timing,elapsed_us,6,start_us,1692903341767265,stop_us,1692903341767271,client: /-0:125,show status; transmitting
1692903341,187,timing,elapsed_us,64882,start_us,1692903341189156,stop_us,1692903341254038,-,DmrppArray::read_contiguous() -  name: gt1l_land_segments_delta_time
1692903341,187,timing,elapsed_us,72776,start_us,1692903341660564,stop_us,1692903341733340,-,DmrppArray::read_contiguous() -  name: gt3r_land_segments_longitude
1692903373,187,timing,elapsed_us,209794,start_us,1692903373633639,stop_us,1692903373843433,-,RemoteResource::get_url() - source url: https://cmr.uat.earthdata.nasa.gov/search/granules.umm_json_v1_4?collection_concept_id=C1241426907-NSIDC_CUAT&granule_ur=ATL08_20200101145654_00900605_005_01.h5
1692903373,187,timing,elapsed_us,7,start_us,1692903373843691,stop_us,1692903373843698,http-nio-8080-exec-9:37[bes_client:/-0],set container in ngap values ngapContainer,collections/C1241426907-NSIDC_CUAT/granules/ATL08_20200101145654_00900605_005_01.h5; transmitting
1692903373,187,timing,elapsed_us,7,start_us,1692903373844069,stop_us,1692903373844076,http-nio-8080-exec-9:37[bes_client:/-0],define d1 in default as ngapContainer with ngapContainer.dap4constraint="/orbit_info_rgt;/orbit_info_crossing_time;/gt3r_land_segments_latitude[0:64:];/gt3r_land_segments_longitude[0:64:];/gt3r_land_segments_delta_time[0:64:];/gt3l_land_segments_latitude[0:64:];/gt3l_land_segments_longitude[0:64:];/gt3l_land_segments_delta_time[0:64:];/gt2r_land_segments_latitude[0:64:];/gt2r_land_segments_longitude[0:64:];/gt2r_land_segments_delta_time[0:64:];/gt2l_land_segments_latitude[0:64:];/gt2l_land_segments_longitude[0:64:];/gt2l_land_segments_delta_time[0:64:];/gt1r_land_segments_latitude[0:64:];/gt1r_land_segments_longitude[0:64:];/gt1r_land_segments_delta_time[0:64:];/gt1l_land_segments_latitude[0:64:];/gt1l_land_segments_longitude[0:64:];/gt1l_land_segments_delta_time[0:64:]"; transmitting
1692903376,187,timing,elapsed_us,14165,start_us,1692903376358061,stop_us,1692903376372226,-,DmrppArray::read_contiguous() -  name: orbit_info_crossing_time
1692903376,187,timing,elapsed_us,15096,start_us,1692903376545271,stop_us,1692903376560367,-,DmrppArray::read_contiguous() -  name: gt2l_land_segments_latitude
1692903376,187,timing,elapsed_us,15563,start_us,1692903376509020,stop_us,1692903376524583,-,DmrppArray::read_contiguous() -  name: gt3l_land_segments_latitude
1692903376,187,timing,elapsed_us,15751,start_us,1692903376406777,stop_us,1692903376422528,-,DmrppArray::read_contiguous() -  name: gt1r_land_segments_latitude
1692903376,187,timing,elapsed_us,15782,start_us,1692903376560461,stop_us,1692903376576243,-,DmrppArray::read_contiguous() -  name: gt3r_land_segments_longitude
1692903376,187,timing,elapsed_us,15874,start_us,1692903376440399,stop_us,1692903376456273,-,DmrppArray::read_contiguous() -  name: gt2r_land_segments_latitude
1692903376,187,timing,elapsed_us,16122,start_us,1692903376372299,stop_us,1692903376388421,-,DmrppArray::read_contiguous() -  name: orbit_info_rgt
1692903376,187,timing,elapsed_us,16774,start_us,1692903376306330,stop_us,1692903376323104,-,DmrppArray::read_contiguous() -  name: gt3l_land_segments_delta_time
1692903376,187,timing,elapsed_us,17007,start_us,1692903376491845,stop_us,1692903376508852,-,DmrppArray::read_contiguous() -  name: gt3l_land_segments_longitude
1692903376,187,timing,elapsed_us,17526,start_us,1692903376456347,stop_us,1692903376473873,-,DmrppArray::read_contiguous() -  name: gt1l_land_segments_longitude
1692903376,187,timing,elapsed_us,17653,start_us,1692903376474021,stop_us,1692903376491674,-,DmrppArray::read_contiguous() -  name: gt1l_land_segments_latitude
1692903376,187,timing,elapsed_us,17702,start_us,1692903376422618,stop_us,1692903376440320,-,DmrppArray::read_contiguous() -  name: gt2r_land_segments_longitude
1692903376,187,timing,elapsed_us,17946,start_us,1692903376235013,stop_us,1692903376252959,-,DmrppArray::read_contiguous() -  name: gt1r_land_segments_delta_time
1692903376,187,timing,elapsed_us,18018,start_us,1692903376388588,stop_us,1692903376406606,-,DmrppArray::read_contiguous() -  name: gt1r_land_segments_longitude
1692903376,187,timing,elapsed_us,18086,start_us,1692903376288167,stop_us,1692903376306253,-,DmrppArray::read_contiguous() -  name: gt2r_land_segments_delta_time
1692903376,187,timing,elapsed_us,181,start_us,1692903376601478,stop_us,1692903376601659,-,BESInterface::execute_request
1692903376,187,timing,elapsed_us,20424,start_us,1692903376524780,stop_us,1692903376545204,-,DmrppArray::read_contiguous() -  name: gt2l_land_segments_longitude
1692903376,187,timing,elapsed_us,209,start_us,1692903376601474,stop_us,1692903376601683,-,BESServerHandler::execute
1692903376,187,timing,elapsed_us,2308808,start_us,1692903373844980,stop_us,1692903376153788,-,RemoteResource::get_url() - source url: https://data.nsidc.uat.earthdatacloud.nasa.gov/nsidc-cumulus-uat-protected/ATLAS/ATL08/005/2020/01/01/ATL08_20200101145654_00900605_005_01.h5.dmrpp
1692903376,187,timing,elapsed_us,23852,start_us,1692903376576322,stop_us,1692903376600174,-,DmrppArray::read_contiguous() -  name: gt3r_land_segments_latitude
1692903376,187,timing,elapsed_us,2971562,start_us,1692903373628749,stop_us,1692903376600311,-,BESInterface::execute_request
1692903376,187,timing,elapsed_us,2972732,start_us,1692903373628720,stop_us,1692903376601452,-,BESServerHandler::execute
1692903376,187,timing,elapsed_us,34683,start_us,1692903376323198,stop_us,1692903376357881,-,DmrppArray::read_contiguous() -  name: gt3r_land_segments_delta_time
1692903376,187,timing,elapsed_us,34850,start_us,1692903376253142,stop_us,1692903376287992,-,DmrppArray::read_contiguous() -  name: gt2l_land_segments_delta_time
1692903376,187,timing,elapsed_us,427358,start_us,1692903376172934,stop_us,1692903376600292,-,BESDapResponseBuilder::serialize_dap4_data() - Timer
1692903376,187,timing,elapsed_us,427719,start_us,1692903376172585,stop_us,1692903376600304,http-nio-8080-exec-9:37[bes_client:/-0],get dap for d1 return as dap2; transmitting
1692903376,187,timing,elapsed_us,6,start_us,1692903376601646,stop_us,1692903376601652,client: /-0:127,show status; transmitting
1692903376,187,timing,elapsed_us,60595,start_us,1692903376174227,stop_us,1692903376234822,-,DmrppArray::read_contiguous() -  name: gt1l_land_segments_delta_time
1692903406,187,timing,elapsed_us,213772,start_us,1692903406773742,stop_us,1692903406987514,-,RemoteResource::get_url() - source url: https://cmr.uat.earthdata.nasa.gov/search/granules.umm_json_v1_4?collection_concept_id=C1241426907-NSIDC_CUAT&granule_ur=ATL08_20200101145654_00900605_005_01.h5
1692903406,187,timing,elapsed_us,7,start_us,1692903406988312,stop_us,1692903406988319,http-nio-8080-exec-9:37[bes_client:/-0],define d1 in default as ngapContainer with ngapContainer.dap4constraint="/orbit_info_rgt;/orbit_info_crossing_time;/gt3r_land_segments_latitude[0:64:];/gt3r_land_segments_longitude[0:64:];/gt3r_land_segments_delta_time[0:64:];/gt3l_land_segments_latitude[0:64:];/gt3l_land_segments_longitude[0:64:];/gt3l_land_segments_delta_time[0:64:];/gt2r_land_segments_latitude[0:64:];/gt2r_land_segments_longitude[0:64:];/gt2r_land_segments_delta_time[0:64:];/gt2l_land_segments_latitude[0:64:];/gt2l_land_segments_longitude[0:64:];/gt2l_land_segments_delta_time[0:64:];/gt1r_land_segments_latitude[0:64:];/gt1r_land_segments_longitude[0:64:];/gt1r_land_segments_delta_time[0:64:];/gt1l_land_segments_latitude[0:64:];/gt1l_land_segments_longitude[0:64:];/gt1l_land_segments_delta_time[0:64:]"; transmitting
1692903406,187,timing,elapsed_us,8,start_us,1692903406987938,stop_us,1692903406987946,http-nio-8080-exec-9:37[bes_client:/-0],set container in ngap values ngapContainer,collections/C1241426907-NSIDC_CUAT/granules/ATL08_20200101145654_00900605_005_01.h5; transmitting
1692903409,187,timing,elapsed_us,100928,start_us,1692903409771181,stop_us,1692903409872109,-,DmrppArray::read_contiguous() -  name: gt2r_land_segments_latitude
1692903409,187,timing,elapsed_us,124041,start_us,1692903409872266,stop_us,1692903409996307,-,DmrppArray::read_contiguous() -  name: gt1l_land_segments_longitude
1692903409,187,timing,elapsed_us,16597,start_us,1692903409701433,stop_us,1692903409718030,-,DmrppArray::read_contiguous() -  name: gt1r_land_segments_longitude
1692903409,187,timing,elapsed_us,18739,start_us,1692903409718112,stop_us,1692903409736851,-,DmrppArray::read_contiguous() -  name: gt1r_land_segments_latitude
1692903409,187,timing,elapsed_us,22221,start_us,1692903409459845,stop_us,1692903409482066,-,DmrppArray::read_contiguous() -  name: gt2r_land_segments_delta_time
1692903409,187,timing,elapsed_us,2287089,start_us,1692903406989185,stop_us,1692903409276274,-,RemoteResource::get_url() - source url: https://data.nsidc.uat.earthdatacloud.nasa.gov/nsidc-cumulus-uat-protected/ATLAS/ATL08/005/2020/01/01/ATL08_20200101145654_00900605_005_01.h5.dmrpp
1692903409,187,timing,elapsed_us,25787,start_us,1692903409380841,stop_us,1692903409406628,-,DmrppArray::read_contiguous() -  name: gt1r_land_segments_delta_time
1692903409,187,timing,elapsed_us,29431,start_us,1692903409671834,stop_us,1692903409701265,-,DmrppArray::read_contiguous() -  name: orbit_info_rgt
1692903409,187,timing,elapsed_us,33974,start_us,1692903409737036,stop_us,1692903409771010,-,DmrppArray::read_contiguous() -  name: gt2r_land_segments_longitude
1692903409,187,timing,elapsed_us,44095,start_us,1692903409627571,stop_us,1692903409671666,-,DmrppArray::read_contiguous() -  name: orbit_info_crossing_time
1692903409,187,timing,elapsed_us,47934,start_us,1692903409482244,stop_us,1692903409530178,-,DmrppArray::read_contiguous() -  name: gt3l_land_segments_delta_time
1692903409,187,timing,elapsed_us,53042,start_us,1692903409406712,stop_us,1692903409459754,-,DmrppArray::read_contiguous() -  name: gt2l_land_segments_delta_time
1692903409,187,timing,elapsed_us,83387,start_us,1692903409297366,stop_us,1692903409380753,-,DmrppArray::read_contiguous() -  name: gt1l_land_segments_delta_time
1692903409,187,timing,elapsed_us,97152,start_us,1692903409530340,stop_us,1692903409627492,-,DmrppArray::read_contiguous() -  name: gt3r_land_segments_delta_time
1692903410,187,timing,elapsed_us,110838,start_us,1692903409996447,stop_us,1692903410107285,-,DmrppArray::read_contiguous() -  name: gt1l_land_segments_latitude
1692903410,187,timing,elapsed_us,15454,start_us,1692903410265841,stop_us,1692903410281295,-,DmrppArray::read_contiguous() -  name: gt3r_land_segments_latitude
1692903410,187,timing,elapsed_us,189,start_us,1692903410282665,stop_us,1692903410282854,-,BESInterface::execute_request
1692903410,187,timing,elapsed_us,20267,start_us,1692903410107371,stop_us,1692903410127638,-,DmrppArray::read_contiguous() -  name: gt3l_land_segments_longitude
1692903410,187,timing,elapsed_us,216,start_us,1692903410282661,stop_us,1692903410282877,-,BESServerHandler::execute
1692903410,187,timing,elapsed_us,22156,start_us,1692903410173880,stop_us,1692903410196036,-,DmrppArray::read_contiguous() -  name: gt2l_land_segments_longitude
1692903410,187,timing,elapsed_us,34101,start_us,1692903410231613,stop_us,1692903410265714,-,DmrppArray::read_contiguous() -  name: gt3r_land_segments_longitude
1692903410,187,timing,elapsed_us,3512758,start_us,1692903406768761,stop_us,1692903410281519,-,BESInterface::execute_request
1692903410,187,timing,elapsed_us,3513913,start_us,1692903406768729,stop_us,1692903410282642,-,BESServerHandler::execute
1692903410,187,timing,elapsed_us,35333,start_us,1692903410196205,stop_us,1692903410231538,-,DmrppArray::read_contiguous() -  name: gt2l_land_segments_latitude
1692903410,187,timing,elapsed_us,45998,start_us,1692903410127793,stop_us,1692903410173791,-,DmrppArray::read_contiguous() -  name: gt3l_land_segments_latitude
1692903410,187,timing,elapsed_us,6,start_us,1692903410282841,stop_us,1692903410282847,client: /-0:129,show status; transmitting
1692903410,187,timing,elapsed_us,985487,start_us,1692903409296007,stop_us,1692903410281494,-,BESDapResponseBuilder::serialize_dap4_data() - Timer
1692903410,187,timing,elapsed_us,985747,start_us,1692903409295759,stop_us,1692903410281506,http-nio-8080-exec-9:37[bes_client:/-0],get dap for d1 return as dap2; transmitting
1692903480,187,timing,elapsed_us,215953,start_us,1692903479941839,stop_us,1692903480157792,-,RemoteResource::get_url() - source url: https://cmr.uat.earthdata.nasa.gov/search/granules.umm_json_v1_4?collection_concept_id=C1241426950-NSIDC_CUAT&granule_ur=ATL10-01_20200101002212_00810601_005_02.h5
1692903480,187,timing,elapsed_us,7,start_us,1692903480158276,stop_us,1692903480158283,http-nio-8080-exec-2:30[bes_client:/-0],set container in ngap values ngapContainer,collections/C1241426950-NSIDC_CUAT/granules/ATL10-01_20200101002212_00810601_005_02.h5; transmitting
1692903480,187,timing,elapsed_us,8,start_us,1692903480158668,stop_us,1692903480158676,http-nio-8080-exec-2:30[bes_client:/-0],define d1 in default as ngapContainer with ngapContainer.dap4constraint="/orbit_info_rgt;/orbit_info_crossing_time;/gt3r_freeboard_beam_segment_beam_freeboard_latitude[0:2048:];/gt3r_freeboard_beam_segment_beam_freeboard_longitude[0:2048:];/gt3r_freeboard_beam_segment_beam_freeboard_delta_time[0:2048:];/gt3l_freeboard_beam_segment_beam_freeboard_latitude[0:2048:];/gt3l_freeboard_beam_segment_beam_freeboard_longitude[0:2048:];/gt3l_freeboard_beam_segment_beam_freeboard_delta_time[0:2048:];/gt2r_freeboard_beam_segment_beam_freeboard_latitude[0:2048:];/gt2r_freeboard_beam_segment_beam_freeboard_longitude[0:2048:];/gt2r_freeboard_beam_segment_beam_freeboard_delta_time[0:2048:];/gt2l_freeboard_beam_segment_beam_freeboard_latitude[0:2048:];/gt2l_freeboard_beam_segment_beam_freeboard_longitude[0:2048:];/gt2l_freeboard_beam_segment_beam_freeboard_delta_time[0:2048:];/gt1r_freeboard_beam_segment_beam_freeboard_latitude[0:2048:];/gt1r_freeboard_beam_segment_beam_freeboard_longitude[0:2048:];/gt1r_freeboard_beam_segment_beam_freeboard_delta_time[0:2048:];/gt1l_freeboard_beam_segment_beam_freeboard_latitude[0:2048:];/gt1l_freeboard_beam_segment_beam_freeboard_longitude[0:2048:];/gt1l_freeboard_beam_segment_beam_freeboard_delta_time[0:2048:]"; transmitting
1692903482,187,timing,elapsed_us,2292441,start_us,1692903480159561,stop_us,1692903482452002,-,RemoteResource::get_url() - source url: https://data.nsidc.uat.earthdatacloud.nasa.gov/nsidc-cumulus-uat-protected/ATLAS/ATL10/005/2020/01/01/ATL10-01_20200101002212_00810601_005_02.h5.dmrpp
1692903484,187,timing,elapsed_us,2292048,start_us,1692903482465154,stop_us,1692903484757202,-,CurlUtils::retrieve_effective_url() -  Following Redirects Starting With: https://data.nsidc.uat.earthdatacloud.nasa.gov/nsidc-cumulus-uat-protected/ATLAS/ATL10/005/2020/01/01/ATL10-01_20200101002212_00810601_005_02.h5
1692903484,187,timing,elapsed_us,29132,start_us,1692903484891658,stop_us,1692903484920790,-,DmrppArray::read_super_chunks_concurrent() -  name: gt2l_freeboard_beam_segment_beam_freeboard_delta_time
1692903484,187,timing,elapsed_us,30642,start_us,1692903484921383,stop_us,1692903484952025,-,DmrppArray::read_super_chunks_concurrent() -  name: gt2r_freeboard_beam_segment_beam_freeboard_delta_time
1692903484,187,timing,elapsed_us,32301,start_us,1692903484952915,stop_us,1692903484985216,-,DmrppArray::read_super_chunks_concurrent() -  name: gt3l_freeboard_beam_segment_beam_freeboard_delta_time
1692903484,187,timing,elapsed_us,32782,start_us,1692903484858189,stop_us,1692903484890971,-,DmrppArray::read_super_chunks_concurrent() -  name: gt1r_freeboard_beam_segment_beam_freeboard_delta_time
1692903484,187,timing,elapsed_us,97619,start_us,1692903484759691,stop_us,1692903484857310,-,DmrppArray::read_super_chunks_concurrent() -  name: gt1l_freeboard_beam_segment_beam_freeboard_delta_time
1692903485,187,timing,elapsed_us,10,start_us,1692903485731573,stop_us,1692903485731583,client: /-0:131,show status; transmitting
1692903485,187,timing,elapsed_us,151432,start_us,1692903485480678,stop_us,1692903485632110,-,DmrppArray::read_super_chunks_concurrent() -  name: gt3r_freeboard_beam_segment_beam_freeboard_longitude
1692903485,187,timing,elapsed_us,18868,start_us,1692903485018735,stop_us,1692903485037603,-,DmrppArray::read_contiguous() -  name: orbit_info_crossing_time
1692903485,187,timing,elapsed_us,218,start_us,1692903485731375,stop_us,1692903485731593,-,BESInterface::execute_request
1692903485,187,timing,elapsed_us,24532,start_us,1692903485037763,stop_us,1692903485062295,-,DmrppArray::read_contiguous() -  name: orbit_info_rgt
1692903485,187,timing,elapsed_us,249,start_us,1692903485731370,stop_us,1692903485731619,-,BESServerHandler::execute
1692903485,187,timing,elapsed_us,3265709,start_us,1692903482463847,stop_us,1692903485729556,-,BESDapResponseBuilder::serialize_dap4_data() - Timer
1692903485,187,timing,elapsed_us,3265965,start_us,1692903482463612,stop_us,1692903485729577,http-nio-8080-exec-2:30[bes_client:/-0],get dap for d1 return as dap2; transmitting
1692903485,187,timing,elapsed_us,32722,start_us,1692903484985929,stop_us,1692903485018651,-,DmrppArray::read_super_chunks_concurrent() -  name: gt3r_freeboard_beam_segment_beam_freeboard_delta_time
1692903485,187,timing,elapsed_us,35646,start_us,1692903485405222,stop_us,1692903485440868,-,DmrppArray::read_super_chunks_concurrent() -  name: gt2l_freeboard_beam_segment_beam_freeboard_longitude
1692903485,187,timing,elapsed_us,36311,start_us,1692903485163308,stop_us,1692903485199619,-,DmrppArray::read_super_chunks_concurrent() -  name: gt2r_freeboard_beam_segment_beam_freeboard_longitude
1692903485,187,timing,elapsed_us,36579,start_us,1692903485200210,stop_us,1692903485236789,-,DmrppArray::read_super_chunks_concurrent() -  name: gt2r_freeboard_beam_segment_beam_freeboard_latitude
1692903485,187,timing,elapsed_us,38443,start_us,1692903485441483,stop_us,1692903485479926,-,DmrppArray::read_super_chunks_concurrent() -  name: gt2l_freeboard_beam_segment_beam_freeboard_latitude
1692903485,187,timing,elapsed_us,40630,start_us,1692903485322042,stop_us,1692903485362672,-,DmrppArray::read_super_chunks_concurrent() -  name: gt3l_freeboard_beam_segment_beam_freeboard_longitude
1692903485,187,timing,elapsed_us,41121,start_us,1692903485363364,stop_us,1692903485404485,-,DmrppArray::read_super_chunks_concurrent() -  name: gt3l_freeboard_beam_segment_beam_freeboard_latitude
1692903485,187,timing,elapsed_us,41392,start_us,1692903485279982,stop_us,1692903485321374,-,DmrppArray::read_super_chunks_concurrent() -  name: gt1l_freeboard_beam_segment_beam_freeboard_latitude
1692903485,187,timing,elapsed_us,41621,start_us,1692903485237496,stop_us,1692903485279117,-,DmrppArray::read_super_chunks_concurrent() -  name: gt1l_freeboard_beam_segment_beam_freeboard_longitude
1692903485,187,timing,elapsed_us,49098,start_us,1692903485113625,stop_us,1692903485162723,-,DmrppArray::read_super_chunks_concurrent() -  name: gt1r_freeboard_beam_segment_beam_freeboard_latitude
1692903485,187,timing,elapsed_us,49562,start_us,1692903485063295,stop_us,1692903485112857,-,DmrppArray::read_super_chunks_concurrent() -  name: gt1r_freeboard_beam_segment_beam_freeboard_longitude
1692903485,187,timing,elapsed_us,5792850,start_us,1692903479936742,stop_us,1692903485729592,-,BESInterface::execute_request
1692903485,187,timing,elapsed_us,5794631,start_us,1692903479936711,stop_us,1692903485731342,-,BESServerHandler::execute
1692903485,187,timing,elapsed_us,96478,start_us,1692903485632909,stop_us,1692903485729387,-,DmrppArray::read_super_chunks_concurrent() -  name: gt3r_freeboard_beam_segment_beam_freeboard_latitude
1692903521,187,timing,elapsed_us,316385,start_us,1692903521421421,stop_us,1692903521737806,-,RemoteResource::get_url() - source url: https://cmr.uat.earthdata.nasa.gov/search/granules.umm_json_v1_4?collection_concept_id=C1241426950-NSIDC_CUAT&granule_ur=ATL10-01_20200101002212_00810601_005_02.h5
1692903521,187,timing,elapsed_us,7,start_us,1692903521738224,stop_us,1692903521738231,http-nio-8080-exec-9:37[bes_client:/-0],set container in ngap values ngapContainer,collections/C1241426950-NSIDC_CUAT/granules/ATL10-01_20200101002212_00810601_005_02.h5; transmitting
1692903521,187,timing,elapsed_us,8,start_us,1692903521738526,stop_us,1692903521738534,http-nio-8080-exec-9:37[bes_client:/-0],define d1 in default as ngapContainer with ngapContainer.dap4constraint="/orbit_info_rgt;/orbit_info_crossing_time;/gt3r_freeboard_beam_segment_beam_freeboard_latitude[0:2048:];/gt3r_freeboard_beam_segment_beam_freeboard_longitude[0:2048:];/gt3r_freeboard_beam_segment_beam_freeboard_delta_time[0:2048:];/gt3l_freeboard_beam_segment_beam_freeboard_latitude[0:2048:];/gt3l_freeboard_beam_segment_beam_freeboard_longitude[0:2048:];/gt3l_freeboard_beam_segment_beam_freeboard_delta_time[0:2048:];/gt2r_freeboard_beam_segment_beam_freeboard_latitude[0:2048:];/gt2r_freeboard_beam_segment_beam_freeboard_longitude[0:2048:];/gt2r_freeboard_beam_segment_beam_freeboard_delta_time[0:2048:];/gt2l_freeboard_beam_segment_beam_freeboard_latitude[0:2048:];/gt2l_freeboard_beam_segment_beam_freeboard_longitude[0:2048:];/gt2l_freeboard_beam_segment_beam_freeboard_delta_time[0:2048:];/gt1r_freeboard_beam_segment_beam_freeboard_latitude[0:2048:];/gt1r_freeboard_beam_segment_beam_freeboard_longitude[0:2048:];/gt1r_freeboard_beam_segment_beam_freeboard_delta_time[0:2048:];/gt1l_freeboard_beam_segment_beam_freeboard_latitude[0:2048:];/gt1l_freeboard_beam_segment_beam_freeboard_longitude[0:2048:];/gt1l_freeboard_beam_segment_beam_freeboard_delta_time[0:2048:]"; transmitting
1692903524,187,timing,elapsed_us,168,start_us,1692903524990336,stop_us,1692903524990504,-,BESInterface::execute_request
1692903524,187,timing,elapsed_us,18842,start_us,1692903524302719,stop_us,1692903524321561,-,DmrppArray::read_contiguous() -  name: orbit_info_crossing_time
1692903524,187,timing,elapsed_us,198,start_us,1692903524990332,stop_us,1692903524990530,-,BESServerHandler::execute
1692903524,187,timing,elapsed_us,22729,start_us,1692903524321720,stop_us,1692903524344449,-,DmrppArray::read_contiguous() -  name: orbit_info_rgt
1692903524,187,timing,elapsed_us,2289934,start_us,1692903521739437,stop_us,1692903524029371,-,RemoteResource::get_url() - source url: https://data.nsidc.uat.earthdatacloud.nasa.gov/nsidc-cumulus-uat-protected/ATLAS/ATL10/005/2020/01/01/ATL10-01_20200101002212_00810601_005_02.h5.dmrpp
1692903524,187,timing,elapsed_us,29303,start_us,1692903524174551,stop_us,1692903524203854,-,DmrppArray::read_super_chunks_concurrent() -  name: gt2l_freeboard_beam_segment_beam_freeboard_delta_time
1692903524,187,timing,elapsed_us,29378,start_us,1692903524204473,stop_us,1692903524233851,-,DmrppArray::read_super_chunks_concurrent() -  name: gt2r_freeboard_beam_segment_beam_freeboard_delta_time
1692903524,187,timing,elapsed_us,33311,start_us,1692903524140670,stop_us,1692903524173981,-,DmrppArray::read_super_chunks_concurrent() -  name: gt1r_freeboard_beam_segment_beam_freeboard_delta_time
1692903524,187,timing,elapsed_us,33412,start_us,1692903524234544,stop_us,1692903524267956,-,DmrppArray::read_super_chunks_concurrent() -  name: gt3l_freeboard_beam_segment_beam_freeboard_delta_time
1692903524,187,timing,elapsed_us,33806,start_us,1692903524268821,stop_us,1692903524302627,-,DmrppArray::read_super_chunks_concurrent() -  name: gt3r_freeboard_beam_segment_beam_freeboard_delta_time
1692903524,187,timing,elapsed_us,3572032,start_us,1692903521416767,stop_us,1692903524988799,-,BESInterface::execute_request
1692903524,187,timing,elapsed_us,3573575,start_us,1692903521416737,stop_us,1692903524990312,-,BESServerHandler::execute
1692903524,187,timing,elapsed_us,36821,start_us,1692903524432548,stop_us,1692903524469369,-,DmrppArray::read_super_chunks_concurrent() -  name: gt2r_freeboard_beam_segment_beam_freeboard_longitude
1692903524,187,timing,elapsed_us,37474,start_us,1692903524469941,stop_us,1692903524507415,-,DmrppArray::read_super_chunks_concurrent() -  name: gt2r_freeboard_beam_segment_beam_freeboard_latitude
1692903524,187,timing,elapsed_us,40434,start_us,1692903524345338,stop_us,1692903524385772,-,DmrppArray::read_super_chunks_concurrent() -  name: gt1r_freeboard_beam_segment_beam_freeboard_longitude
1692903524,187,timing,elapsed_us,42179,start_us,1692903524596436,stop_us,1692903524638615,-,DmrppArray::read_super_chunks_concurrent() -  name: gt3l_freeboard_beam_segment_beam_freeboard_longitude
1692903524,187,timing,elapsed_us,43017,start_us,1692903524508113,stop_us,1692903524551130,-,DmrppArray::read_super_chunks_concurrent() -  name: gt1l_freeboard_beam_segment_beam_freeboard_longitude
1692903524,187,timing,elapsed_us,43766,start_us,1692903524551835,stop_us,1692903524595601,-,DmrppArray::read_super_chunks_concurrent() -  name: gt1l_freeboard_beam_segment_beam_freeboard_latitude
1692903524,187,timing,elapsed_us,45497,start_us,1692903524386465,stop_us,1692903524431962,-,DmrppArray::read_super_chunks_concurrent() -  name: gt1r_freeboard_beam_segment_beam_freeboard_latitude
1692903524,187,timing,elapsed_us,58028,start_us,1692903524709802,stop_us,1692903524767830,-,DmrppArray::read_super_chunks_concurrent() -  name: gt2l_freeboard_beam_segment_beam_freeboard_longitude
1692903524,187,timing,elapsed_us,6,start_us,1692903524990491,stop_us,1692903524990497,client: /-0:133,show status; transmitting
1692903524,187,timing,elapsed_us,60562,start_us,1692903524768420,stop_us,1692903524828982,-,DmrppArray::read_super_chunks_concurrent() -  name: gt2l_freeboard_beam_segment_beam_freeboard_latitude
1692903524,187,timing,elapsed_us,69950,start_us,1692903524639292,stop_us,1692903524709242,-,DmrppArray::read_super_chunks_concurrent() -  name: gt3l_freeboard_beam_segment_beam_freeboard_latitude
1692903524,187,timing,elapsed_us,78791,start_us,1692903524909790,stop_us,1692903524988581,-,DmrppArray::read_super_chunks_concurrent() -  name: gt3r_freeboard_beam_segment_beam_freeboard_latitude
1692903524,187,timing,elapsed_us,79401,start_us,1692903524829709,stop_us,1692903524909110,-,DmrppArray::read_super_chunks_concurrent() -  name: gt3r_freeboard_beam_segment_beam_freeboard_longitude
1692903524,187,timing,elapsed_us,948307,start_us,1692903524040467,stop_us,1692903524988774,-,BESDapResponseBuilder::serialize_dap4_data() - Timer
1692903524,187,timing,elapsed_us,948556,start_us,1692903524040234,stop_us,1692903524988790,http-nio-8080-exec-9:37[bes_client:/-0],get dap for d1 return as dap2; transmitting
1692903524,187,timing,elapsed_us,97549,start_us,1692903524042333,stop_us,1692903524139882,-,DmrppArray::read_super_chunks_concurrent() -  name: gt1l_freeboard_beam_segment_beam_freeboard_delta_time
1692903556,187,timing,elapsed_us,231732,start_us,1692903555890588,stop_us,1692903556122320,-,RemoteResource::get_url() - source url: https://cmr.uat.earthdata.nasa.gov/search/granules.umm_json_v1_4?collection_concept_id=C1241426998-NSIDC_CUAT&granule_ur=ATL12_20200101002212_00810601_005_02.h5
1692903556,187,timing,elapsed_us,6,start_us,1692903556122663,stop_us,1692903556122669,http-nio-8080-exec-6:34[bes_client:/-0],set container in ngap values ngapContainer,collections/C1241426998-NSIDC_CUAT/granules/ATL12_20200101002212_00810601_005_02.h5; transmitting
1692903556,187,timing,elapsed_us,6,start_us,1692903556122962,stop_us,1692903556122968,http-nio-8080-exec-6:34[bes_client:/-0],define d1 in default as ngapContainer with ngapContainer.dap4constraint="/orbit_info_rgt;/orbit_info_crossing_time;/gt3r_ssh_segments_latitude[0:8:];/gt3r_ssh_segments_longitude[0:8:];/gt3r_ssh_segments_delta_time[0:8:];/gt3l_ssh_segments_latitude[0:8:];/gt3l_ssh_segments_longitude[0:8:];/gt3l_ssh_segments_delta_time[0:8:];/gt2r_ssh_segments_latitude[0:8:];/gt2r_ssh_segments_longitude[0:8:];/gt2r_ssh_segments_delta_time[0:8:];/gt2l_ssh_segments_latitude[0:8:];/gt2l_ssh_segments_longitude[0:8:];/gt2l_ssh_segments_delta_time[0:8:];/gt1r_ssh_segments_latitude[0:8:];/gt1r_ssh_segments_longitude[0:8:];/gt1r_ssh_segments_delta_time[0:8:];/gt1l_ssh_segments_latitude[0:8:];/gt1l_ssh_segments_longitude[0:8:];/gt1l_ssh_segments_delta_time[0:8:]"; transmitting
1692903558,187,timing,elapsed_us,2281372,start_us,1692903556123808,stop_us,1692903558405180,-,RemoteResource::get_url() - source url: https://data.nsidc.uat.earthdatacloud.nasa.gov/nsidc-cumulus-uat-protected/ATLAS/ATL12/005/2020/01/ATL12_20200101002212_00810601_005_02.h5.dmrpp
1692903560,187,timing,elapsed_us,175060,start_us,1692903560783190,stop_us,1692903560958250,-,DmrppArray::read_super_chunks_concurrent() -  name: gt1r_ssh_segments_latitude
1692903560,187,timing,elapsed_us,2303123,start_us,1692903558416029,stop_us,1692903560719152,-,CurlUtils::retrieve_effective_url() -  Following Redirects Starting With: https://data.nsidc.uat.earthdatacloud.nasa.gov/nsidc-cumulus-uat-protected/ATLAS/ATL12/005/2020/01/ATL12_20200101002212_00810601_005_02.h5
1692903560,187,timing,elapsed_us,2366782,start_us,1692903558415981,stop_us,1692903560782763,-,DmrppArray::read_contiguous() -  name: orbit_info_rgt
1692903561,187,timing,elapsed_us,17114,start_us,1692903561147088,stop_us,1692903561164202,-,DmrppArray::read_contiguous() -  name: gt1l_ssh_segments_latitude
1692903561,187,timing,elapsed_us,17956,start_us,1692903561291373,stop_us,1692903561309329,-,DmrppArray::read_contiguous() -  name: gt2l_ssh_segments_longitude
1692903561,187,timing,elapsed_us,18790,start_us,1692903561272493,stop_us,1692903561291283,-,DmrppArray::read_contiguous() -  name: gt2l_ssh_segments_latitude
1692903561,187,timing,elapsed_us,23542,start_us,1692903561196486,stop_us,1692903561220028,-,DmrppArray::read_contiguous() -  name: gt3l_ssh_segments_latitude
1692903561,187,timing,elapsed_us,252987,start_us,1692903561628488,stop_us,1692903561881475,-,DmrppArray::read_super_chunks_concurrent() -  name: gt2r_ssh_segments_delta_time
1692903561,187,timing,elapsed_us,32114,start_us,1692903561164282,stop_us,1692903561196396,-,DmrppArray::read_contiguous() -  name: gt1l_ssh_segments_longitude
1692903561,187,timing,elapsed_us,38630,start_us,1692903561881633,stop_us,1692903561920263,-,DmrppArray::read_contiguous() -  name: gt3l_ssh_segments_delta_time
1692903561,187,timing,elapsed_us,50078,start_us,1692903561454116,stop_us,1692903561504194,-,DmrppArray::read_contiguous() -  name: gt1l_ssh_segments_delta_time
1692903561,187,timing,elapsed_us,52220,start_us,1692903561220188,stop_us,1692903561272408,-,DmrppArray::read_contiguous() -  name: gt3l_ssh_segments_longitude
1692903561,187,timing,elapsed_us,52661,start_us,1692903561575677,stop_us,1692903561628338,-,DmrppArray::read_contiguous() -  name: gt2l_ssh_segments_delta_time
1692903561,187,timing,elapsed_us,55872,start_us,1692903561398074,stop_us,1692903561453946,-,DmrppArray::read_super_chunks_concurrent() -  name: gt3r_ssh_segments_longitude
1692903561,187,timing,elapsed_us,56498,start_us,1692903561090434,stop_us,1692903561146932,-,DmrppArray::read_super_chunks_concurrent() -  name: gt2r_ssh_segments_longitude
1692903561,187,timing,elapsed_us,60277,start_us,1692903560958572,stop_us,1692903561018849,-,DmrppArray::read_super_chunks_concurrent() -  name: gt1r_ssh_segments_longitude
1692903561,187,timing,elapsed_us,71062,start_us,1692903561019102,stop_us,1692903561090164,-,DmrppArray::read_super_chunks_concurrent() -  name: gt2r_ssh_segments_latitude
1692903561,187,timing,elapsed_us,71132,start_us,1692903561504387,stop_us,1692903561575519,-,DmrppArray::read_super_chunks_concurrent() -  name: gt1r_ssh_segments_delta_time
1692903561,187,timing,elapsed_us,87941,start_us,1692903561309521,stop_us,1692903561397462,-,DmrppArray::read_super_chunks_concurrent() -  name: gt3r_ssh_segments_latitude
1692903562,187,timing,elapsed_us,166,start_us,1692903562028122,stop_us,1692903562028288,-,BESInterface::execute_request
1692903562,187,timing,elapsed_us,16915,start_us,1692903562009624,stop_us,1692903562026539,-,DmrppArray::read_contiguous() -  name: orbit_info_crossing_time
1692903562,187,timing,elapsed_us,194,start_us,1692903562028118,stop_us,1692903562028312,-,BESServerHandler::execute
1692903562,187,timing,elapsed_us,3612379,start_us,1692903558414463,stop_us,1692903562026842,-,BESDapResponseBuilder::serialize_dap4_data() - Timer
1692903562,187,timing,elapsed_us,3612769,start_us,1692903558414116,stop_us,1692903562026885,http-nio-8080-exec-6:34[bes_client:/-0],get dap for d1 return as dap2; transmitting
1692903562,187,timing,elapsed_us,6,start_us,1692903562028274,stop_us,1692903562028280,client: /-0:135,show status; transmitting
1692903562,187,timing,elapsed_us,6142198,start_us,1692903555884716,stop_us,1692903562026914,-,BESInterface::execute_request
1692903562,187,timing,elapsed_us,6143408,start_us,1692903555884691,stop_us,1692903562028099,-,BESServerHandler::execute
1692903562,187,timing,elapsed_us,88986,start_us,1692903561920469,stop_us,1692903562009455,-,DmrppArray::read_super_chunks_concurrent() -  name: gt3r_ssh_segments_delta_time
1692903608,187,timing,elapsed_us,225420,start_us,1692903608501398,stop_us,1692903608726818,-,RemoteResource::get_url() - source url: https://cmr.uat.earthdata.nasa.gov/search/granules.umm_json_v1_4?collection_concept_id=C1241426998-NSIDC_CUAT&granule_ur=ATL12_20200101002212_00810601_005_02.h5
1692903608,187,timing,elapsed_us,6,start_us,1692903608727557,stop_us,1692903608727563,http-nio-8080-exec-10:38[bes_client:/-0],define d1 in default as ngapContainer with ngapContainer.dap4constraint="/orbit_info_rgt;/orbit_info_crossing_time;/gt3r_ssh_segments_latitude[0:8:];/gt3r_ssh_segments_longitude[0:8:];/gt3r_ssh_segments_delta_time[0:8:];/gt3l_ssh_segments_latitude[0:8:];/gt3l_ssh_segments_longitude[0:8:];/gt3l_ssh_segments_delta_time[0:8:];/gt2r_ssh_segments_latitude[0:8:];/gt2r_ssh_segments_longitude[0:8:];/gt2r_ssh_segments_delta_time[0:8:];/gt2l_ssh_segments_latitude[0:8:];/gt2l_ssh_segments_longitude[0:8:];/gt2l_ssh_segments_delta_time[0:8:];/gt1r_ssh_segments_latitude[0:8:];/gt1r_ssh_segments_longitude[0:8:];/gt1r_ssh_segments_delta_time[0:8:];/gt1l_ssh_segments_latitude[0:8:];/gt1l_ssh_segments_longitude[0:8:];/gt1l_ssh_segments_delta_time[0:8:]"; transmitting
1692903608,187,timing,elapsed_us,8,start_us,1692903608727364,stop_us,1692903608727372,http-nio-8080-exec-10:38[bes_client:/-0],set container in ngap values ngapContainer,collections/C1241426998-NSIDC_CUAT/granules/ATL12_20200101002212_00810601_005_02.h5; transmitting
1692903611,187,timing,elapsed_us,100252,start_us,1692903611429326,stop_us,1692903611529578,-,DmrppArray::read_contiguous() -  name: gt3l_ssh_segments_longitude
1692903611,187,timing,elapsed_us,103135,start_us,1692903611579865,stop_us,1692903611683000,-,DmrppArray::read_super_chunks_concurrent() -  name: gt3r_ssh_segments_latitude
1692903611,187,timing,elapsed_us,19254,start_us,1692903611360883,stop_us,1692903611380137,-,DmrppArray::read_contiguous() -  name: gt1l_ssh_segments_longitude
1692903611,187,timing,elapsed_us,21250,start_us,1692903611558205,stop_us,1692903611579455,-,DmrppArray::read_contiguous() -  name: gt2l_ssh_segments_longitude
1692903611,187,timing,elapsed_us,21353,start_us,1692903611171888,stop_us,1692903611193241,-,DmrppArray::read_super_chunks_concurrent() -  name: gt1r_ssh_segments_longitude
1692903611,187,timing,elapsed_us,2291825,start_us,1692903608728381,stop_us,1692903611020206,-,RemoteResource::get_url() - source url: https://data.nsidc.uat.earthdatacloud.nasa.gov/nsidc-cumulus-uat-protected/ATLAS/ATL12/005/2020/01/ATL12_20200101002212_00810601_005_02.h5.dmrpp
1692903611,187,timing,elapsed_us,28459,start_us,1692903611529666,stop_us,1692903611558125,-,DmrppArray::read_contiguous() -  name: gt2l_ssh_segments_latitude
1692903611,187,timing,elapsed_us,34062,start_us,1692903611840058,stop_us,1692903611874120,-,DmrppArray::read_contiguous() -  name: gt2l_ssh_segments_delta_time
1692903611,187,timing,elapsed_us,34265,start_us,1692903611326537,stop_us,1692903611360802,-,DmrppArray::read_contiguous() -  name: gt1l_ssh_segments_latitude
1692903611,187,timing,elapsed_us,43587,start_us,1692903611728726,stop_us,1692903611772313,-,DmrppArray::read_contiguous() -  name: gt1l_ssh_segments_delta_time
1692903611,187,timing,elapsed_us,45178,start_us,1692903611683374,stop_us,1692903611728552,-,DmrppArray::read_super_chunks_concurrent() -  name: gt3r_ssh_segments_longitude
1692903611,187,timing,elapsed_us,46703,start_us,1692903611279678,stop_us,1692903611326381,-,DmrppArray::read_super_chunks_concurrent() -  name: gt2r_ssh_segments_longitude
1692903611,187,timing,elapsed_us,49024,start_us,1692903611380222,stop_us,1692903611429246,-,DmrppArray::read_contiguous() -  name: gt3l_ssh_segments_latitude
1692903611,187,timing,elapsed_us,67370,start_us,1692903611772516,stop_us,1692903611839886,-,DmrppArray::read_super_chunks_concurrent() -  name: gt1r_ssh_segments_delta_time
1692903611,187,timing,elapsed_us,67827,start_us,1692903611029890,stop_us,1692903611097717,-,DmrppArray::read_contiguous() -  name: orbit_info_rgt
1692903611,187,timing,elapsed_us,73507,start_us,1692903611098121,stop_us,1692903611171628,-,DmrppArray::read_super_chunks_concurrent() -  name: gt1r_ssh_segments_latitude
1692903611,187,timing,elapsed_us,85943,start_us,1692903611193488,stop_us,1692903611279431,-,DmrppArray::read_super_chunks_concurrent() -  name: gt2r_ssh_segments_latitude
1692903612,187,timing,elapsed_us,1085031,start_us,1692903611028360,stop_us,1692903612113391,-,BESDapResponseBuilder::serialize_dap4_data() - Timer
1692903612,187,timing,elapsed_us,1085401,start_us,1692903611028022,stop_us,1692903612113423,http-nio-8080-exec-10:38[bes_client:/-0],get dap for d1 return as dap2; transmitting
1692903612,187,timing,elapsed_us,130433,start_us,1692903611874298,stop_us,1692903612004731,-,DmrppArray::read_super_chunks_concurrent() -  name: gt2r_ssh_segments_delta_time
1692903612,187,timing,elapsed_us,180,start_us,1692903612115184,stop_us,1692903612115364,-,BESInterface::execute_request
1692903612,187,timing,elapsed_us,20617,start_us,1692903612004890,stop_us,1692903612025507,-,DmrppArray::read_contiguous() -  name: gt3l_ssh_segments_delta_time
1692903612,187,timing,elapsed_us,208,start_us,1692903612115180,stop_us,1692903612115388,-,BESServerHandler::execute
1692903612,187,timing,elapsed_us,23254,start_us,1692903612025954,stop_us,1692903612049208,-,DmrppArray::read_super_chunks_concurrent() -  name: gt3r_ssh_segments_delta_time
1692903612,187,timing,elapsed_us,3616683,start_us,1692903608496763,stop_us,1692903612113446,-,BESInterface::execute_request
1692903612,187,timing,elapsed_us,3618430,start_us,1692903608496729,stop_us,1692903612115159,-,BESServerHandler::execute
1692903612,187,timing,elapsed_us,63765,start_us,1692903612049376,stop_us,1692903612113141,-,DmrppArray::read_contiguous() -  name: orbit_info_crossing_time
1692903612,187,timing,elapsed_us,8,start_us,1692903612115349,stop_us,1692903612115357,client: /-0:137,show status; transmitting
1692903657,187,timing,elapsed_us,217949,start_us,1692903657229326,stop_us,1692903657447275,-,RemoteResource::get_url() - source url: https://cmr.uat.earthdata.nasa.gov/search/granules.umm_json_v1_4?collection_concept_id=C1241426998-NSIDC_CUAT&granule_ur=ATL12_20200101002212_00810601_005_02.h5
1692903657,187,timing,elapsed_us,5,start_us,1692903657448003,stop_us,1692903657448008,http-nio-8080-exec-10:38[bes_client:/-0],define d1 in default as ngapContainer with ngapContainer.dap4constraint="/orbit_info_rgt;/orbit_info_crossing_time;/gt3r_ssh_segments_latitude[0:8:];/gt3r_ssh_segments_longitude[0:8:];/gt3r_ssh_segments_delta_time[0:8:];/gt3l_ssh_segments_latitude[0:8:];/gt3l_ssh_segments_longitude[0:8:];/gt3l_ssh_segments_delta_time[0:8:];/gt2r_ssh_segments_latitude[0:8:];/gt2r_ssh_segments_longitude[0:8:];/gt2r_ssh_segments_delta_time[0:8:];/gt2l_ssh_segments_latitude[0:8:];/gt2l_ssh_segments_longitude[0:8:];/gt2l_ssh_segments_delta_time[0:8:];/gt1r_ssh_segments_latitude[0:8:];/gt1r_ssh_segments_longitude[0:8:];/gt1r_ssh_segments_delta_time[0:8:];/gt1l_ssh_segments_latitude[0:8:];/gt1l_ssh_segments_longitude[0:8:];/gt1l_ssh_segments_delta_time[0:8:]"; transmitting
1692903657,187,timing,elapsed_us,7,start_us,1692903657447826,stop_us,1692903657447833,http-nio-8080-exec-10:38[bes_client:/-0],set container in ngap values ngapContainer,collections/C1241426998-NSIDC_CUAT/granules/ATL12_20200101002212_00810601_005_02.h5; transmitting
1692903659,187,timing,elapsed_us,102786,start_us,1692903659766163,stop_us,1692903659868949,-,DmrppArray::read_contiguous() -  name: orbit_info_rgt
1692903659,187,timing,elapsed_us,2306979,start_us,1692903657448839,stop_us,1692903659755818,-,RemoteResource::get_url() - source url: https://data.nsidc.uat.earthdatacloud.nasa.gov/nsidc-cumulus-uat-protected/ATLAS/ATL12/005/2020/01/ATL12_20200101002212_00810601_005_02.h5.dmrpp
1692903659,187,timing,elapsed_us,99611,start_us,1692903659869371,stop_us,1692903659968982,-,DmrppArray::read_super_chunks_concurrent() -  name: gt1r_ssh_segments_latitude
1692903660,187,timing,elapsed_us,105515,start_us,1692903660321989,stop_us,1692903660427504,-,DmrppArray::read_contiguous() -  name: gt3l_ssh_segments_latitude
1692903660,187,timing,elapsed_us,125445,start_us,1692903660583239,stop_us,1692903660708684,-,DmrppArray::read_super_chunks_concurrent() -  name: gt3r_ssh_segments_latitude
1692903660,187,timing,elapsed_us,146752,start_us,1692903660175038,stop_us,1692903660321790,-,DmrppArray::read_contiguous() -  name: gt1l_ssh_segments_longitude
1692903660,187,timing,elapsed_us,196948,start_us,1692903660709114,stop_us,1692903660906062,-,DmrppArray::read_super_chunks_concurrent() -  name: gt3r_ssh_segments_longitude
1692903660,187,timing,elapsed_us,20040,start_us,1692903660563016,stop_us,1692903660583056,-,DmrppArray::read_contiguous() -  name: gt2l_ssh_segments_longitude
1692903660,187,timing,elapsed_us,21750,start_us,1692903660978250,stop_us,1692903661000000,-,DmrppArray::read_contiguous() -  name: gt2l_ssh_segments_delta_time
1692903660,187,timing,elapsed_us,31382,start_us,1692903660024958,stop_us,1692903660056340,-,DmrppArray::read_super_chunks_concurrent() -  name: gt2r_ssh_segments_latitude
1692903660,187,timing,elapsed_us,34881,start_us,1692903660943228,stop_us,1692903660978109,-,DmrppArray::read_super_chunks_concurrent() -  name: gt1r_ssh_segments_delta_time
1692903660,187,timing,elapsed_us,36816,start_us,1692903660906227,stop_us,1692903660943043,-,DmrppArray::read_contiguous() -  name: gt1l_ssh_segments_delta_time
1692903660,187,timing,elapsed_us,54262,start_us,1692903660427704,stop_us,1692903660481966,-,DmrppArray::read_contiguous() -  name: gt3l_ssh_segments_longitude
1692903660,187,timing,elapsed_us,55417,start_us,1692903659969304,stop_us,1692903660024721,-,DmrppArray::read_super_chunks_concurrent() -  name: gt1r_ssh_segments_longitude
1692903660,187,timing,elapsed_us,55779,start_us,1692903660056591,stop_us,1692903660112370,-,DmrppArray::read_super_chunks_concurrent() -  name: gt2r_ssh_segments_longitude
1692903660,187,timing,elapsed_us,62409,start_us,1692903660112523,stop_us,1692903660174932,-,DmrppArray::read_contiguous() -  name: gt1l_ssh_segments_latitude
1692903660,187,timing,elapsed_us,80818,start_us,1692903660482052,stop_us,1692903660562870,-,DmrppArray::read_contiguous() -  name: gt2l_ssh_segments_latitude
1692903661,187,timing,elapsed_us,117969,start_us,1692903661024073,stop_us,1692903661142042,-,DmrppArray::read_contiguous() -  name: gt3l_ssh_segments_delta_time
1692903661,187,timing,elapsed_us,1515910,start_us,1692903659764651,stop_us,1692903661280561,-,BESDapResponseBuilder::serialize_dap4_data() - Timer
1692903661,187,timing,elapsed_us,1516287,start_us,1692903659764295,stop_us,1692903661280582,http-nio-8080-exec-10:38[bes_client:/-0],get dap for d1 return as dap2; transmitting
1692903661,187,timing,elapsed_us,211,start_us,1692903661282123,stop_us,1692903661282334,-,BESInterface::execute_request
1692903661,187,timing,elapsed_us,23770,start_us,1692903661000151,stop_us,1692903661023921,-,DmrppArray::read_super_chunks_concurrent() -  name: gt2r_ssh_segments_delta_time
1692903661,187,timing,elapsed_us,238,start_us,1692903661282119,stop_us,1692903661282357,-,BESServerHandler::execute
1692903661,187,timing,elapsed_us,4055862,start_us,1692903657224762,stop_us,1692903661280624,-,BESInterface::execute_request
1692903661,187,timing,elapsed_us,4057366,start_us,1692903657224731,stop_us,1692903661282097,-,BESServerHandler::execute
1692903661,187,timing,elapsed_us,54572,start_us,1692903661225827,stop_us,1692903661280399,-,DmrppArray::read_contiguous() -  name: orbit_info_crossing_time
1692903661,187,timing,elapsed_us,7,start_us,1692903661282318,stop_us,1692903661282325,client: /-0:139,show status; transmitting
1692903661,187,timing,elapsed_us,83416,start_us,1692903661142247,stop_us,1692903661225663,-,DmrppArray::read_super_chunks_concurrent() -  name: gt3r_ssh_segments_delta_time
1692903710,187,timing,elapsed_us,10,start_us,1692903710604760,stop_us,1692903710604770,http-nio-8080-exec-9:37[bes_client:/-0],set container in ngap values ngapContainer,collections/C1241427013-NSIDC_CUAT/granules/ATL13_20200101002212_00810601_005_01.h5; transmitting
1692903710,187,timing,elapsed_us,382053,start_us,1692903710222185,stop_us,1692903710604238,-,RemoteResource::get_url() - source url: https://cmr.uat.earthdata.nasa.gov/search/granules.umm_json_v1_4?collection_concept_id=C1241427013-NSIDC_CUAT&granule_ur=ATL13_20200101002212_00810601_005_01.h5
1692903710,187,timing,elapsed_us,9,start_us,1692903710605020,stop_us,1692903710605029,http-nio-8080-exec-9:37[bes_client:/-0],define d1 in default as ngapContainer with ngapContainer.dap4constraint="/orbit_info_rgt;/orbit_info_crossing_time;/gt3r_segment_lat[0:256:];/gt3r_segment_lon[0:256:];/gt3r_delta_time[0:256:];/gt3l_segment_lat[0:256:];/gt3l_segment_lon[0:256:];/gt3l_delta_time[0:256:];/gt2r_segment_lat[0:256:];/gt2r_segment_lon[0:256:];/gt2r_delta_time[0:256:];/gt2l_segment_lat[0:256:];/gt2l_segment_lon[0:256:];/gt2l_delta_time[0:256:];/gt1r_segment_lat[0:256:];/gt1r_segment_lon[0:256:];/gt1r_delta_time[0:256:];/gt1l_segment_lat[0:256:];/gt1l_segment_lon[0:256:];/gt1l_delta_time[0:256:]"; transmitting
1692903712,187,timing,elapsed_us,2303358,start_us,1692903710605985,stop_us,1692903712909343,-,RemoteResource::get_url() - source url: https://data.nsidc.uat.earthdatacloud.nasa.gov/nsidc-cumulus-uat-protected/ATLAS/ATL13/005/2020/01/ATL13_20200101002212_00810601_005_01.h5.dmrpp
1692903715,187,timing,elapsed_us,22739,start_us,1692903715930346,stop_us,1692903715953085,-,DmrppArray::read_super_chunks_concurrent() -  name: gt1l_delta_time
1692903715,187,timing,elapsed_us,2312953,start_us,1692903712920992,stop_us,1692903715233945,-,CurlUtils::retrieve_effective_url() -  Following Redirects Starting With: https://data.nsidc.uat.earthdatacloud.nasa.gov/nsidc-cumulus-uat-protected/ATLAS/ATL13/005/2020/01/ATL13_20200101002212_00810601_005_01.h5
1692903715,187,timing,elapsed_us,2419383,start_us,1692903712920944,stop_us,1692903715340327,-,DmrppArray::read_contiguous() -  name: orbit_info_rgt
1692903715,187,timing,elapsed_us,26590,start_us,1692903715465904,stop_us,1692903715492494,-,DmrppArray::read_super_chunks_concurrent() -  name: gt2r_segment_lon
1692903715,187,timing,elapsed_us,27278,start_us,1692903715559716,stop_us,1692903715586994,-,DmrppArray::read_super_chunks_concurrent() -  name: gt1l_segment_lat
1692903715,187,timing,elapsed_us,28528,start_us,1692903715436750,stop_us,1692903715465278,-,DmrppArray::read_super_chunks_concurrent() -  name: gt1r_segment_lat
1692903715,187,timing,elapsed_us,29003,start_us,1692903715493117,stop_us,1692903715522120,-,DmrppArray::read_super_chunks_concurrent() -  name: gt2r_segment_lat
1692903715,187,timing,elapsed_us,37005,start_us,1692903715522435,stop_us,1692903715559440,-,DmrppArray::read_super_chunks_concurrent() -  name: gt1l_segment_lon
1692903715,187,timing,elapsed_us,39859,start_us,1692903715763434,stop_us,1692903715803293,-,DmrppArray::read_super_chunks_concurrent() -  name: gt2l_segment_lat
1692903715,187,timing,elapsed_us,49070,start_us,1692903715803970,stop_us,1692903715853040,-,DmrppArray::read_super_chunks_concurrent() -  name: gt3r_segment_lon
1692903715,187,timing,elapsed_us,54006,start_us,1692903715652128,stop_us,1692903715706134,-,DmrppArray::read_super_chunks_concurrent() -  name: gt3l_segment_lat
1692903715,187,timing,elapsed_us,56794,start_us,1692903715706386,stop_us,1692903715763180,-,DmrppArray::read_super_chunks_concurrent() -  name: gt2l_segment_lon
1692903715,187,timing,elapsed_us,64381,start_us,1692903715587277,stop_us,1692903715651658,-,DmrppArray::read_super_chunks_concurrent() -  name: gt3l_segment_lon
1692903715,187,timing,elapsed_us,76269,start_us,1692903715853751,stop_us,1692903715930020,-,DmrppArray::read_super_chunks_concurrent() -  name: gt3r_segment_lat
1692903715,187,timing,elapsed_us,94945,start_us,1692903715341016,stop_us,1692903715435961,-,DmrppArray::read_super_chunks_concurrent() -  name: gt1r_segment_lon
1692903716,187,timing,elapsed_us,20392,start_us,1692903716176856,stop_us,1692903716197248,-,DmrppArray::read_contiguous() -  name: orbit_info_crossing_time
1692903716,187,timing,elapsed_us,23784,start_us,1692903716111344,stop_us,1692903716135128,-,DmrppArray::read_super_chunks_concurrent() -  name: gt3l_delta_time
1692903716,187,timing,elapsed_us,3278014,start_us,1692903712919487,stop_us,1692903716197501,-,BESDapResponseBuilder::serialize_dap4_data() - Timer
1692903716,187,timing,elapsed_us,3278392,start_us,1692903712919137,stop_us,1692903716197529,http-nio-8080-exec-9:37[bes_client:/-0],get dap for d1 return as dap2; transmitting
1692903716,187,timing,elapsed_us,40933,start_us,1692903716135793,stop_us,1692903716176726,-,DmrppArray::read_super_chunks_concurrent() -  name: gt3r_delta_time
1692903716,187,timing,elapsed_us,43844,start_us,1692903716018049,stop_us,1692903716061893,-,DmrppArray::read_super_chunks_concurrent() -  name: gt2l_delta_time
1692903716,187,timing,elapsed_us,48497,start_us,1692903716062582,stop_us,1692903716111079,-,DmrppArray::read_super_chunks_concurrent() -  name: gt2r_delta_time
1692903716,187,timing,elapsed_us,5980805,start_us,1692903710216745,stop_us,1692903716197550,-,BESInterface::execute_request
1692903716,187,timing,elapsed_us,5982109,start_us,1692903710216709,stop_us,1692903716198818,-,BESServerHandler::execute
1692903716,187,timing,elapsed_us,64048,start_us,1692903715953771,stop_us,1692903716017819,-,DmrppArray::read_super_chunks_concurrent() -  name: gt1r_delta_time
1692903716,187,timing,elapsed_us,8,start_us,1692903716199657,stop_us,1692903716199665,client: /-0:141,show status; transmitting
1692903716,187,timing,elapsed_us,833,start_us,1692903716198841,stop_us,1692903716199674,-,BESInterface::execute_request
1692903716,187,timing,elapsed_us,862,start_us,1692903716198837,stop_us,1692903716199699,-,BESServerHandler::execute
1692903762,187,timing,elapsed_us,198671,start_us,1692903762157299,stop_us,1692903762355970,-,RemoteResource::get_url() - source url: https://cmr.uat.earthdata.nasa.gov/search/granules.umm_json_v1_4?collection_concept_id=C1241427013-NSIDC_CUAT&granule_ur=ATL13_20200101002212_00810601_005_01.h5
1692903762,187,timing,elapsed_us,7,start_us,1692903762356384,stop_us,1692903762356391,http-nio-8080-exec-2:30[bes_client:/-0],set container in ngap values ngapContainer,collections/C1241427013-NSIDC_CUAT/granules/ATL13_20200101002212_00810601_005_01.h5; transmitting
1692903762,187,timing,elapsed_us,8,start_us,1692903762356643,stop_us,1692903762356651,http-nio-8080-exec-2:30[bes_client:/-0],define d1 in default as ngapContainer with ngapContainer.dap4constraint="/orbit_info_rgt;/orbit_info_crossing_time;/gt3r_segment_lat[0:256:];/gt3r_segment_lon[0:256:];/gt3r_delta_time[0:256:];/gt3l_segment_lat[0:256:];/gt3l_segment_lon[0:256:];/gt3l_delta_time[0:256:];/gt2r_segment_lat[0:256:];/gt2r_segment_lon[0:256:];/gt2r_delta_time[0:256:];/gt2l_segment_lat[0:256:];/gt2l_segment_lon[0:256:];/gt2l_delta_time[0:256:];/gt1r_segment_lat[0:256:];/gt1r_segment_lon[0:256:];/gt1r_delta_time[0:256:];/gt1l_segment_lat[0:256:];/gt1l_segment_lon[0:256:];/gt1l_delta_time[0:256:]"; transmitting
1692903764,187,timing,elapsed_us,114625,start_us,1692903764781231,stop_us,1692903764895856,-,DmrppArray::read_super_chunks_concurrent() -  name: gt1r_segment_lon
1692903764,187,timing,elapsed_us,116286,start_us,1692903764664056,stop_us,1692903764780342,-,DmrppArray::read_contiguous() -  name: orbit_info_rgt
1692903764,187,timing,elapsed_us,2294094,start_us,1692903762357467,stop_us,1692903764651561,-,RemoteResource::get_url() - source url: https://data.nsidc.uat.earthdatacloud.nasa.gov/nsidc-cumulus-uat-protected/ATLAS/ATL13/005/2020/01/ATL13_20200101002212_00810601_005_01.h5.dmrpp
1692903764,187,timing,elapsed_us,25826,start_us,1692903764929009,stop_us,1692903764954835,-,DmrppArray::read_super_chunks_concurrent() -  name: gt2r_segment_lon
1692903764,187,timing,elapsed_us,30357,start_us,1692903764955371,stop_us,1692903764985728,-,DmrppArray::read_super_chunks_concurrent() -  name: gt2r_segment_lat
1692903764,187,timing,elapsed_us,31732,start_us,1692903764896625,stop_us,1692903764928357,-,DmrppArray::read_super_chunks_concurrent() -  name: gt1r_segment_lat
1692903765,187,timing,elapsed_us,1072858,start_us,1692903764662605,stop_us,1692903765735463,-,BESDapResponseBuilder::serialize_dap4_data() - Timer
1692903765,187,timing,elapsed_us,1073228,start_us,1692903764662265,stop_us,1692903765735493,http-nio-8080-exec-2:30[bes_client:/-0],get dap for d1 return as dap2; transmitting
1692903765,187,timing,elapsed_us,180,start_us,1692903765737090,stop_us,1692903765737270,-,BESInterface::execute_request
1692903765,187,timing,elapsed_us,183496,start_us,1692903765191406,stop_us,1692903765374902,-,DmrppArray::read_super_chunks_concurrent() -  name: gt3r_segment_lat
1692903765,187,timing,elapsed_us,20680,start_us,1692903765114109,stop_us,1692903765134789,-,DmrppArray::read_super_chunks_concurrent() -  name: gt2l_segment_lat
1692903765,187,timing,elapsed_us,20756,start_us,1692903764986006,stop_us,1692903765006762,-,DmrppArray::read_super_chunks_concurrent() -  name: gt1l_segment_lon
1692903765,187,timing,elapsed_us,208,start_us,1692903765737086,stop_us,1692903765737294,-,BESServerHandler::execute
1692903765,187,timing,elapsed_us,22769,start_us,1692903765034460,stop_us,1692903765057229,-,DmrppArray::read_super_chunks_concurrent() -  name: gt3l_segment_lon
1692903765,187,timing,elapsed_us,22887,start_us,1692903765057514,stop_us,1692903765080401,-,DmrppArray::read_super_chunks_concurrent() -  name: gt3l_segment_lat
1692903765,187,timing,elapsed_us,23036,start_us,1692903765583175,stop_us,1692903765606211,-,DmrppArray::read_super_chunks_concurrent() -  name: gt3l_delta_time
1692903765,187,timing,elapsed_us,26262,start_us,1692903765521790,stop_us,1692903765548052,-,DmrppArray::read_super_chunks_concurrent() -  name: gt2l_delta_time
1692903765,187,timing,elapsed_us,27133,start_us,1692903765007046,stop_us,1692903765034179,-,DmrppArray::read_super_chunks_concurrent() -  name: gt1l_segment_lat
1692903765,187,timing,elapsed_us,33154,start_us,1692903765080687,stop_us,1692903765113841,-,DmrppArray::read_super_chunks_concurrent() -  name: gt2l_segment_lon
1692903765,187,timing,elapsed_us,34152,start_us,1692903765548660,stop_us,1692903765582812,-,DmrppArray::read_super_chunks_concurrent() -  name: gt2r_delta_time
1692903765,187,timing,elapsed_us,3582751,start_us,1692903762152765,stop_us,1692903765735516,-,BESInterface::execute_request
1692903765,187,timing,elapsed_us,3584339,start_us,1692903762152725,stop_us,1692903765737064,-,BESServerHandler::execute
1692903765,187,timing,elapsed_us,42814,start_us,1692903765692357,stop_us,1692903765735171,-,DmrppArray::read_contiguous() -  name: orbit_info_crossing_time
1692903765,187,timing,elapsed_us,55312,start_us,1692903765135480,stop_us,1692903765190792,-,DmrppArray::read_super_chunks_concurrent() -  name: gt3r_segment_lon
1692903765,187,timing,elapsed_us,58822,start_us,1692903765375236,stop_us,1692903765434058,-,DmrppArray::read_super_chunks_concurrent() -  name: gt1l_delta_time
1692903765,187,timing,elapsed_us,6,start_us,1692903765737256,stop_us,1692903765737262,client: /-0:143,show status; transmitting
1692903765,187,timing,elapsed_us,85370,start_us,1692903765606869,stop_us,1692903765692239,-,DmrppArray::read_super_chunks_concurrent() -  name: gt3r_delta_time
1692903765,187,timing,elapsed_us,86834,start_us,1692903765434722,stop_us,1692903765521556,-,DmrppArray::read_super_chunks_concurrent() -  name: gt1r_delta_time
1692903826,187,timing,elapsed_us,208540,start_us,1692903826768999,stop_us,1692903826977539,-,RemoteResource::get_url() - source url: https://cmr.uat.earthdata.nasa.gov/search/granules.umm_json_v1_4?collection_concept_id=C1241426907-NSIDC_CUAT&granule_ur=ATL08_20200101145654_00900605_005_01.h5
1692903826,187,timing,elapsed_us,8,start_us,1692903826977983,stop_us,1692903826977991,http-nio-8080-exec-5:33[bes_client:/-0],set container in ngap values ngapContainer,collections/C1241426907-NSIDC_CUAT/granules/ATL08_20200101145654_00900605_005_01.h5; transmitting
1692903826,187,timing,elapsed_us,9,start_us,1692903826978219,stop_us,1692903826978228,http-nio-8080-exec-5:33[bes_client:/-0],define d1 in default as ngapContainer with ngapContainer.dap4constraint="/orbit_info_rgt;/orbit_info_crossing_time;/gt3r_land_segments_latitude[0:8:];/gt3r_land_segments_longitude[0:8:];/gt3r_land_segments_terrain_h_te_best_fit[0:8:];/gt3r_land_segments_canopy_h_canopy[0:8:];/gt3r_land_segments_delta_time[0:8:];/gt3l_land_segments_latitude[0:8:];/gt3l_land_segments_longitude[0:8:];/gt3l_land_segments_terrain_h_te_best_fit[0:8:];/gt3l_land_segments_canopy_h_canopy[0:8:];/gt3l_land_segments_delta_time[0:8:];/gt2r_land_segments_latitude[0:8:];/gt2r_land_segments_longitude[0:8:];/gt2r_land_segments_terrain_h_te_best_fit[0:8:];/gt2r_land_segments_canopy_h_canopy[0:8:];/gt2r_land_segments_delta_time[0:8:];/gt2l_land_segments_latitude[0:8:];/gt2l_land_segments_longitude[0:8:];/gt2l_land_segments_terrain_h_te_best_fit[0:8:];/gt2l_land_segments_canopy_h_canopy[0:8:];/gt2l_land_segments_delta_time[0:8:];/gt1r_land_segments_latitude[0:8:];/gt1r_land_segments_longitude[0:8:];/gt1r_land_segments_terrain_h_te_best_fit[0:8:];/gt1r_land_segments_canopy_h_canopy[0:8:];/gt1r_land_segments_delta_time[0:8:];/gt1l_land_segments_latitude[0:8:];/gt1l_land_segments_longitude[0:8:];/gt1l_land_segments_terrain_h_te_best_fit[0:8:];/gt1l_land_segments_canopy_h_canopy[0:8:];/gt1l_land_segments_delta_time[0:8:]"; transmitting
1692903829,187,timing,elapsed_us,14579,start_us,1692903829924320,stop_us,1692903829938899,-,DmrppArray::read_contiguous() -  name: gt1r_land_segments_latitude
1692903829,187,timing,elapsed_us,15660,start_us,1692903829908466,stop_us,1692903829924126,-,DmrppArray::read_contiguous() -  name: gt1r_land_segments_longitude
1692903829,187,timing,elapsed_us,16062,start_us,1692903829778398,stop_us,1692903829794460,-,DmrppArray::read_contiguous() -  name: gt3l_land_segments_delta_time
1692903829,187,timing,elapsed_us,16905,start_us,1692903829834126,stop_us,1692903829851031,-,DmrppArray::read_contiguous() -  name: orbit_info_crossing_time
1692903829,187,timing,elapsed_us,18090,start_us,1692903829890286,stop_us,1692903829908376,-,DmrppArray::read_contiguous() -  name: gt1r_land_segments_terrain_h_te_best_fit
1692903829,187,timing,elapsed_us,19154,start_us,1692903829870955,stop_us,1692903829890109,-,DmrppArray::read_contiguous() -  name: gt1r_land_segments_canopy_h_canopy
1692903829,187,timing,elapsed_us,19674,start_us,1692903829851190,stop_us,1692903829870864,-,DmrppArray::read_contiguous() -  name: orbit_info_rgt
1692903829,187,timing,elapsed_us,21387,start_us,1692903829588201,stop_us,1692903829609588,-,DmrppArray::read_contiguous() -  name: gt1r_land_segments_delta_time
1692903829,187,timing,elapsed_us,224390,start_us,1692903829363583,stop_us,1692903829587973,-,DmrppArray::read_contiguous() -  name: gt1l_land_segments_delta_time
1692903829,187,timing,elapsed_us,2363329,start_us,1692903826979074,stop_us,1692903829342403,-,RemoteResource::get_url() - source url: https://data.nsidc.uat.earthdatacloud.nasa.gov/nsidc-cumulus-uat-protected/ATLAS/ATL08/005/2020/01/01/ATL08_20200101145654_00900605_005_01.h5.dmrpp
1692903829,187,timing,elapsed_us,39468,start_us,1692903829794560,stop_us,1692903829834028,-,DmrppArray::read_contiguous() -  name: gt3r_land_segments_delta_time
1692903829,187,timing,elapsed_us,47929,start_us,1692903829939074,stop_us,1692903829987003,-,DmrppArray::read_contiguous() -  name: gt2r_land_segments_canopy_h_canopy
1692903829,187,timing,elapsed_us,77191,start_us,1692903829701018,stop_us,1692903829778209,-,DmrppArray::read_contiguous() -  name: gt2r_land_segments_delta_time
1692903829,187,timing,elapsed_us,91234,start_us,1692903829609687,stop_us,1692903829700921,-,DmrppArray::read_contiguous() -  name: gt2l_land_segments_delta_time
1692903830,187,timing,elapsed_us,107785,start_us,1692903830218642,stop_us,1692903830326427,-,DmrppArray::read_contiguous() -  name: gt3l_land_segments_longitude
1692903830,187,timing,elapsed_us,1264392,start_us,1692903829362145,stop_us,1692903830626537,-,BESDapResponseBuilder::serialize_dap4_data() - Timer
1692903830,187,timing,elapsed_us,1264808,start_us,1692903829361743,stop_us,1692903830626551,http-nio-8080-exec-5:33[bes_client:/-0],get dap for d1 return as dap2; transmitting
1692903830,187,timing,elapsed_us,14339,start_us,1692903830064568,stop_us,1692903830078907,-,DmrppArray::read_contiguous() -  name: gt1l_land_segments_canopy_h_canopy
1692903830,187,timing,elapsed_us,14647,start_us,1692903830458393,stop_us,1692903830473040,-,DmrppArray::read_contiguous() -  name: gt2l_land_segments_terrain_h_te_best_fit
1692903830,187,timing,elapsed_us,14951,start_us,1692903830079093,stop_us,1692903830094044,-,DmrppArray::read_contiguous() -  name: gt1l_land_segments_terrain_h_te_best_fit
1692903830,187,timing,elapsed_us,16385,start_us,1692903830473113,stop_us,1692903830489498,-,DmrppArray::read_contiguous() -  name: gt2l_land_segments_longitude
1692903830,187,timing,elapsed_us,16840,start_us,1692903830506946,stop_us,1692903830523786,-,DmrppArray::read_contiguous() -  name: gt3r_land_segments_canopy_h_canopy
1692903830,187,timing,elapsed_us,17278,start_us,1692903830489571,stop_us,1692903830506849,-,DmrppArray::read_contiguous() -  name: gt2l_land_segments_latitude
1692903830,187,timing,elapsed_us,17828,start_us,1692903830523975,stop_us,1692903830541803,-,DmrppArray::read_contiguous() -  name: gt3r_land_segments_terrain_h_te_best_fit
1692903830,187,timing,elapsed_us,17846,start_us,1692903830046639,stop_us,1692903830064485,-,DmrppArray::read_contiguous() -  name: gt2r_land_segments_latitude
1692903830,187,timing,elapsed_us,184,start_us,1692903830627937,stop_us,1692903830628121,-,BESInterface::execute_request
1692903830,187,timing,elapsed_us,20436,start_us,1692903830198096,stop_us,1692903830218532,-,DmrppArray::read_contiguous() -  name: gt3l_land_segments_terrain_h_te_best_fit
1692903830,187,timing,elapsed_us,212,start_us,1692903830627933,stop_us,1692903830628145,-,BESServerHandler::execute
1692903830,187,timing,elapsed_us,24640,start_us,1692903830173262,stop_us,1692903830197902,-,DmrppArray::read_contiguous() -  name: gt3l_land_segments_canopy_h_canopy
1692903830,187,timing,elapsed_us,25288,start_us,1692903829987193,stop_us,1692903830012481,-,DmrppArray::read_contiguous() -  name: gt2r_land_segments_terrain_h_te_best_fit
1692903830,187,timing,elapsed_us,26554,start_us,1692903830599813,stop_us,1692903830626367,-,DmrppArray::read_contiguous() -  name: gt3r_land_segments_latitude
1692903830,187,timing,elapsed_us,33967,start_us,1692903830012557,stop_us,1692903830046524,-,DmrppArray::read_contiguous() -  name: gt2r_land_segments_longitude
1692903830,187,timing,elapsed_us,35454,start_us,1692903830094125,stop_us,1692903830129579,-,DmrppArray::read_contiguous() -  name: gt1l_land_segments_longitude
1692903830,187,timing,elapsed_us,3861812,start_us,1692903826764748,stop_us,1692903830626560,-,BESInterface::execute_request
1692903830,187,timing,elapsed_us,3863201,start_us,1692903826764710,stop_us,1692903830627911,-,BESServerHandler::execute
1692903830,187,timing,elapsed_us,43393,start_us,1692903830129700,stop_us,1692903830173093,-,DmrppArray::read_contiguous() -  name: gt1l_land_segments_latitude
1692903830,187,timing,elapsed_us,53393,start_us,1692903830326518,stop_us,1692903830379911,-,DmrppArray::read_contiguous() -  name: gt3l_land_segments_latitude
1692903830,187,timing,elapsed_us,57658,start_us,1692903830541991,stop_us,1692903830599649,-,DmrppArray::read_contiguous() -  name: gt3r_land_segments_longitude
1692903830,187,timing,elapsed_us,6,start_us,1692903830628108,stop_us,1692903830628114,client: /-0:145,show status; transmitting
1692903830,187,timing,elapsed_us,78103,start_us,1692903830380104,stop_us,1692903830458207,-,DmrppArray::read_contiguous() -  name: gt2l_land_segments_canopy_h_canopy
1692903877,187,timing,elapsed_us,202623,start_us,1692903876913611,stop_us,1692903877116234,-,RemoteResource::get_url() - source url: https://cmr.uat.earthdata.nasa.gov/search/granules.umm_json_v1_4?collection_concept_id=C1241426907-NSIDC_CUAT&granule_ur=ATL08_20200101145654_00900605_005_01.h5
1692903877,187,timing,elapsed_us,7,start_us,1692903877116715,stop_us,1692903877116722,http-nio-8080-exec-10:38[bes_client:/-0],set container in ngap values ngapContainer,collections/C1241426907-NSIDC_CUAT/granules/ATL08_20200101145654_00900605_005_01.h5; transmitting
1692903877,187,timing,elapsed_us,8,start_us,1692903877117105,stop_us,1692903877117113,http-nio-8080-exec-10:38[bes_client:/-0],define d1 in default as ngapContainer with ngapContainer.dap4constraint="/orbit_info_rgt;/orbit_info_crossing_time;/gt3r_land_segments_latitude[0:8:];/gt3r_land_segments_longitude[0:8:];/gt3r_land_segments_terrain_h_te_best_fit[0:8:];/gt3r_land_segments_canopy_h_canopy[0:8:];/gt3r_land_segments_delta_time[0:8:];/gt3l_land_segments_latitude[0:8:];/gt3l_land_segments_longitude[0:8:];/gt3l_land_segments_terrain_h_te_best_fit[0:8:];/gt3l_land_segments_canopy_h_canopy[0:8:];/gt3l_land_segments_delta_time[0:8:];/gt2r_land_segments_latitude[0:8:];/gt2r_land_segments_longitude[0:8:];/gt2r_land_segments_terrain_h_te_best_fit[0:8:];/gt2r_land_segments_canopy_h_canopy[0:8:];/gt2r_land_segments_delta_time[0:8:];/gt2l_land_segments_latitude[0:8:];/gt2l_land_segments_longitude[0:8:];/gt2l_land_segments_terrain_h_te_best_fit[0:8:];/gt2l_land_segments_canopy_h_canopy[0:8:];/gt2l_land_segments_delta_time[0:8:];/gt1r_land_segments_latitude[0:8:];/gt1r_land_segments_longitude[0:8:];/gt1r_land_segments_terrain_h_te_best_fit[0:8:];/gt1r_land_segments_canopy_h_canopy[0:8:];/gt1r_land_segments_delta_time[0:8:];/gt1l_land_segments_latitude[0:8:];/gt1l_land_segments_longitude[0:8:];/gt1l_land_segments_terrain_h_te_best_fit[0:8:];/gt1l_land_segments_canopy_h_canopy[0:8:];/gt1l_land_segments_delta_time[0:8:]"; transmitting
1692903879,187,timing,elapsed_us,108481,start_us,1692903879560771,stop_us,1692903879669252,-,DmrppArray::read_contiguous() -  name: gt1r_land_segments_delta_time
1692903879,187,timing,elapsed_us,117940,start_us,1692903879753413,stop_us,1692903879871353,-,DmrppArray::read_contiguous() -  name: gt3l_land_segments_delta_time
1692903879,187,timing,elapsed_us,16113,start_us,1692903879898858,stop_us,1692903879914971,-,DmrppArray::read_contiguous() -  name: orbit_info_crossing_time
1692903879,187,timing,elapsed_us,18252,start_us,1692903879934749,stop_us,1692903879953001,-,DmrppArray::read_contiguous() -  name: gt1r_land_segments_canopy_h_canopy
1692903879,187,timing,elapsed_us,19453,start_us,1692903879915129,stop_us,1692903879934582,-,DmrppArray::read_contiguous() -  name: orbit_info_rgt
1692903879,187,timing,elapsed_us,2356690,start_us,1692903877117960,stop_us,1692903879474650,-,RemoteResource::get_url() - source url: https://data.nsidc.uat.earthdatacloud.nasa.gov/nsidc-cumulus-uat-protected/ATLAS/ATL08/005/2020/01/01/ATL08_20200101145654_00900605_005_01.h5.dmrpp
1692903879,187,timing,elapsed_us,27309,start_us,1692903879871452,stop_us,1692903879898761,-,DmrppArray::read_contiguous() -  name: gt3r_land_segments_delta_time
1692903879,187,timing,elapsed_us,34316,start_us,1692903879669363,stop_us,1692903879703679,-,DmrppArray::read_contiguous() -  name: gt2l_land_segments_delta_time
1692903879,187,timing,elapsed_us,49527,start_us,1692903879703789,stop_us,1692903879753316,-,DmrppArray::read_contiguous() -  name: gt2r_land_segments_delta_time
1692903879,187,timing,elapsed_us,71271,start_us,1692903879489368,stop_us,1692903879560639,-,DmrppArray::read_contiguous() -  name: gt1l_land_segments_delta_time
1692903880,187,timing,elapsed_us,1032419,start_us,1692903879487930,stop_us,1692903880520349,-,BESDapResponseBuilder::serialize_dap4_data() - Timer
1692903880,187,timing,elapsed_us,1032826,start_us,1692903879487536,stop_us,1692903880520362,http-nio-8080-exec-10:38[bes_client:/-0],get dap for d1 return as dap2; transmitting
1692903880,187,timing,elapsed_us,14640,start_us,1692903880152442,stop_us,1692903880167082,-,DmrppArray::read_contiguous() -  name: gt2r_land_segments_latitude
1692903880,187,timing,elapsed_us,14777,start_us,1692903880472208,stop_us,1692903880486985,-,DmrppArray::read_contiguous() -  name: gt3r_land_segments_terrain_h_te_best_fit
1692903880,187,timing,elapsed_us,15078,start_us,1692903880167249,stop_us,1692903880182327,-,DmrppArray::read_contiguous() -  name: gt1l_land_segments_canopy_h_canopy
1692903880,187,timing,elapsed_us,15540,start_us,1692903880315340,stop_us,1692903880330880,-,DmrppArray::read_contiguous() -  name: gt2l_land_segments_canopy_h_canopy
1692903880,187,timing,elapsed_us,15683,start_us,1692903880331074,stop_us,1692903880346757,-,DmrppArray::read_contiguous() -  name: gt2l_land_segments_terrain_h_te_best_fit
1692903880,187,timing,elapsed_us,16151,start_us,1692903880055033,stop_us,1692903880071184,-,DmrppArray::read_contiguous() -  name: gt1r_land_segments_latitude
1692903880,187,timing,elapsed_us,16207,start_us,1692903880299009,stop_us,1692903880315216,-,DmrppArray::read_contiguous() -  name: gt3l_land_segments_latitude
1692903880,187,timing,elapsed_us,16210,start_us,1692903880487171,stop_us,1692903880503381,-,DmrppArray::read_contiguous() -  name: gt3r_land_segments_longitude
1692903880,187,timing,elapsed_us,16339,start_us,1692903880264944,stop_us,1692903880281283,-,DmrppArray::read_contiguous() -  name: gt3l_land_segments_terrain_h_te_best_fit
1692903880,187,timing,elapsed_us,16671,start_us,1692903880503455,stop_us,1692903880520126,-,DmrppArray::read_contiguous() -  name: gt3r_land_segments_latitude
1692903880,187,timing,elapsed_us,17219,start_us,1692903880182446,stop_us,1692903880199665,-,DmrppArray::read_contiguous() -  name: gt1l_land_segments_terrain_h_te_best_fit
1692903880,187,timing,elapsed_us,17476,start_us,1692903880281351,stop_us,1692903880298827,-,DmrppArray::read_contiguous() -  name: gt3l_land_segments_longitude
1692903880,187,timing,elapsed_us,17558,start_us,1692903880247218,stop_us,1692903880264776,-,DmrppArray::read_contiguous() -  name: gt3l_land_segments_canopy_h_canopy
1692903880,187,timing,elapsed_us,17708,start_us,1692903880229416,stop_us,1692903880247124,-,DmrppArray::read_contiguous() -  name: gt1l_land_segments_latitude
1692903880,187,timing,elapsed_us,18014,start_us,1692903880104340,stop_us,1692903880122354,-,DmrppArray::read_contiguous() -  name: gt2r_land_segments_terrain_h_te_best_fit
1692903880,187,timing,elapsed_us,185,start_us,1692903880521599,stop_us,1692903880521784,-,BESInterface::execute_request
1692903880,187,timing,elapsed_us,213,start_us,1692903880521595,stop_us,1692903880521808,-,BESServerHandler::execute
1692903880,187,timing,elapsed_us,26610,start_us,1692903880028223,stop_us,1692903880054833,-,DmrppArray::read_contiguous() -  name: gt1r_land_segments_longitude
1692903880,187,timing,elapsed_us,29479,start_us,1692903880199858,stop_us,1692903880229337,-,DmrppArray::read_contiguous() -  name: gt1l_land_segments_longitude
1692903880,187,timing,elapsed_us,29582,start_us,1692903880346826,stop_us,1692903880376408,-,DmrppArray::read_contiguous() -  name: gt2l_land_segments_longitude
1692903880,187,timing,elapsed_us,29928,start_us,1692903880122427,stop_us,1692903880152355,-,DmrppArray::read_contiguous() -  name: gt2r_land_segments_longitude
1692903880,187,timing,elapsed_us,32924,start_us,1692903880071328,stop_us,1692903880104252,-,DmrppArray::read_contiguous() -  name: gt2r_land_segments_canopy_h_canopy
1692903880,187,timing,elapsed_us,3611609,start_us,1692903876908761,stop_us,1692903880520370,-,BESInterface::execute_request
1692903880,187,timing,elapsed_us,3612847,start_us,1692903876908727,stop_us,1692903880521574,-,BESServerHandler::execute
1692903880,187,timing,elapsed_us,40630,start_us,1692903880376491,stop_us,1692903880417121,-,DmrppArray::read_contiguous() -  name: gt2l_land_segments_latitude
1692903880,187,timing,elapsed_us,54744,start_us,1692903880417277,stop_us,1692903880472021,-,DmrppArray::read_contiguous() -  name: gt3r_land_segments_canopy_h_canopy
1692903880,187,timing,elapsed_us,6,start_us,1692903880521770,stop_us,1692903880521776,client: /-0:147,show status; transmitting
1692903880,187,timing,elapsed_us,74849,start_us,1692903879953180,stop_us,1692903880028029,-,DmrppArray::read_contiguous() -  name: gt1r_land_segments_terrain_h_te_best_fit
1692903965,187,timing,elapsed_us,239252,start_us,1692903965465159,stop_us,1692903965704411,-,RemoteResource::get_url() - source url: https://cmr.uat.earthdata.nasa.gov/search/granules.umm_json_v1_4?collection_concept_id=C1241426826-NSIDC_CUAT&granule_ur=ATL03_20200101145654_00900605_005_01.h5
1692903965,187,timing,elapsed_us,5,start_us,1692903965705320,stop_us,1692903965705325,http-nio-8080-exec-7:35[bes_client:/-0],define d1 in default as ngapContainer with ngapContainer.dap4constraint="/gt3r_geolocation_delta_time;/gt3r_geolocation_reference_photon_lat;/gt3r_geolocation_reference_photon_lon;/gt3r_geolocation_reference_photon_index;/gt3r_geolocation_segment_ph_cnt;/gt3r_geolocation_ph_index_beg;/gt3r_geolocation_segment_id"; transmitting
1692903965,187,timing,elapsed_us,9,start_us,1692903965704951,stop_us,1692903965704960,http-nio-8080-exec-7:35[bes_client:/-0],set container in ngap values ngapContainer,collections/C1241426826-NSIDC_CUAT/granules/ATL03_20200101145654_00900605_005_01.h5; transmitting
1692903968,187,timing,elapsed_us,2443428,start_us,1692903965706179,stop_us,1692903968149607,-,RemoteResource::get_url() - source url: https://data.nsidc.uat.earthdatacloud.nasa.gov/nsidc-cumulus-uat-protected/ATLAS/ATL03/005/2020/01/01/ATL03_20200101145654_00900605_005_01.h5.dmrpp
1692903970,187,timing,elapsed_us,107420,start_us,1692903970754506,stop_us,1692903970861926,-,DmrppArray::read_super_chunks_unconstrained_concurrent() -  name: gt3r_geolocation_ph_index_beg
1692903970,187,timing,elapsed_us,171167,start_us,1692903970552529,stop_us,1692903970723696,-,DmrppArray::read_super_chunks_unconstrained_concurrent() -  name: gt3r_geolocation_segment_ph_cnt
1692903970,187,timing,elapsed_us,19339,start_us,1692903970864505,stop_us,1692903970883844,-,DmrppArray::read_super_chunks_unconstrained_concurrent() -  name: gt3r_geolocation_segment_id
1692903970,187,timing,elapsed_us,2360060,start_us,1692903968190477,stop_us,1692903970550537,-,CurlUtils::retrieve_effective_url() -  Following Redirects Starting With: https://data.nsidc.uat.earthdatacloud.nasa.gov/nsidc-cumulus-uat-protected/ATLAS/ATL03/005/2020/01/01/ATL03_20200101145654_00900605_005_01.h5
1692903970,187,timing,elapsed_us,26475,start_us,1692903970725478,stop_us,1692903970751953,-,DmrppArray::read_super_chunks_unconstrained_concurrent() -  name: gt3r_geolocation_reference_photon_lon
1692903970,187,timing,elapsed_us,31780,start_us,1692903970885641,stop_us,1692903970917421,-,DmrppArray::read_super_chunks_unconstrained_concurrent() -  name: gt3r_geolocation_reference_photon_lat
1692903970,187,timing,elapsed_us,67755,start_us,1692903970919964,stop_us,1692903970987719,-,DmrppArray::read_super_chunks_unconstrained_concurrent() -  name: gt3r_geolocation_reference_photon_index
1692903971,187,timing,elapsed_us,242,start_us,1692903971048920,stop_us,1692903971049162,-,BESInterface::execute_request
1692903971,187,timing,elapsed_us,272,start_us,1692903971048916,stop_us,1692903971049188,-,BESServerHandler::execute
1692903971,187,timing,elapsed_us,2858352,start_us,1692903968188668,stop_us,1692903971047020,-,BESDapResponseBuilder::serialize_dap4_data() - Timer
1692903971,187,timing,elapsed_us,2858721,start_us,1692903968188318,stop_us,1692903971047039,http-nio-8080-exec-7:35[bes_client:/-0],get dap for d1 return as dap2; transmitting
1692903971,187,timing,elapsed_us,55139,start_us,1692903970989152,stop_us,1692903971044291,-,DmrppArray::read_super_chunks_unconstrained_concurrent() -  name: gt3r_geolocation_delta_time
1692903971,187,timing,elapsed_us,5586299,start_us,1692903965460749,stop_us,1692903971047048,-,BESInterface::execute_request
1692903971,187,timing,elapsed_us,5588180,start_us,1692903965460713,stop_us,1692903971048893,-,BESServerHandler::execute
1692903971,187,timing,elapsed_us,6,start_us,1692903971049142,stop_us,1692903971049148,client: /-0:149,show status; transmitting
1692904130,187,timing,elapsed_us,208028,start_us,1692904129884981,stop_us,1692904130093009,-,RemoteResource::get_url() - source url: https://cmr.uat.earthdata.nasa.gov/search/granules.umm_json_v1_4?collection_concept_id=C1241426826-NSIDC_CUAT&granule_ur=ATL03_20200101145654_00900605_005_01.h5
1692904130,187,timing,elapsed_us,6,start_us,1692904130094142,stop_us,1692904130094148,http-nio-8080-exec-6:34[bes_client:/-0],define d1 in default as ngapContainer with ngapContainer.dap4constraint="/gt3r_geolocation_delta_time;/gt3r_geolocation_reference_photon_lat;/gt3r_geolocation_reference_photon_lon;/gt3r_geolocation_reference_photon_index;/gt3r_geolocation_segment_ph_cnt;/gt3r_geolocation_ph_index_beg;/gt3r_geolocation_segment_id"; transmitting
1692904130,187,timing,elapsed_us,7,start_us,1692904130093310,stop_us,1692904130093317,http-nio-8080-exec-6:34[bes_client:/-0],set container in ngap values ngapContainer,collections/C1241426826-NSIDC_CUAT/granules/ATL03_20200101145654_00900605_005_01.h5; transmitting
1692904132,187,timing,elapsed_us,19204,start_us,1692904132610809,stop_us,1692904132630013,-,DmrppArray::read_super_chunks_unconstrained_concurrent() -  name: gt3r_geolocation_segment_id
1692904132,187,timing,elapsed_us,213,start_us,1692904132717155,stop_us,1692904132717368,-,BESInterface::execute_request
1692904132,187,timing,elapsed_us,21937,start_us,1692904132667207,stop_us,1692904132689144,-,DmrppArray::read_super_chunks_unconstrained_concurrent() -  name: gt3r_geolocation_reference_photon_index
1692904132,187,timing,elapsed_us,22223,start_us,1692904132690552,stop_us,1692904132712775,-,DmrppArray::read_super_chunks_unconstrained_concurrent() -  name: gt3r_geolocation_delta_time
1692904132,187,timing,elapsed_us,22579,start_us,1692904132585510,stop_us,1692904132608089,-,DmrppArray::read_super_chunks_unconstrained_concurrent() -  name: gt3r_geolocation_ph_index_beg
1692904132,187,timing,elapsed_us,2339100,start_us,1692904130095002,stop_us,1692904132434102,-,RemoteResource::get_url() - source url: https://data.nsidc.uat.earthdatacloud.nasa.gov/nsidc-cumulus-uat-protected/ATLAS/ATL03/005/2020/01/01/ATL03_20200101145654_00900605_005_01.h5.dmrpp
1692904132,187,timing,elapsed_us,242,start_us,1692904132717151,stop_us,1692904132717393,-,BESServerHandler::execute
1692904132,187,timing,elapsed_us,242651,start_us,1692904132472799,stop_us,1692904132715450,-,BESDapResponseBuilder::serialize_dap4_data() - Timer
1692904132,187,timing,elapsed_us,243015,start_us,1692904132472451,stop_us,1692904132715466,http-nio-8080-exec-6:34[bes_client:/-0],get dap for d1 return as dap2; transmitting
1692904132,187,timing,elapsed_us,2834724,start_us,1692904129880751,stop_us,1692904132715475,-,BESInterface::execute_request
1692904132,187,timing,elapsed_us,2836414,start_us,1692904129880714,stop_us,1692904132717128,-,BESServerHandler::execute
1692904132,187,timing,elapsed_us,29332,start_us,1692904132553624,stop_us,1692904132582956,-,DmrppArray::read_super_chunks_unconstrained_concurrent() -  name: gt3r_geolocation_reference_photon_lon
1692904132,187,timing,elapsed_us,32694,start_us,1692904132631997,stop_us,1692904132664691,-,DmrppArray::read_super_chunks_unconstrained_concurrent() -  name: gt3r_geolocation_reference_photon_lat
1692904132,187,timing,elapsed_us,6,start_us,1692904132717355,stop_us,1692904132717361,client: /-0:151,show status; transmitting
1692904132,187,timing,elapsed_us,77199,start_us,1692904132474806,stop_us,1692904132552005,-,DmrppArray::read_super_chunks_unconstrained_concurrent() -  name: gt3r_geolocation_segment_ph_cnt
1692904211,187,timing,elapsed_us,220780,start_us,1692904211705278,stop_us,1692904211926058,-,RemoteResource::get_url() - source url: https://cmr.uat.earthdata.nasa.gov/search/granules.umm_json_v1_4?collection_concept_id=C1241426826-NSIDC_CUAT&granule_ur=ATL03_20200101145654_00900605_005_01.h5
1692904211,187,timing,elapsed_us,6,start_us,1692904211927313,stop_us,1692904211927319,http-nio-8080-exec-5:33[bes_client:/-0],define d1 in default as ngapContainer with ngapContainer.dap4constraint="/gt3r_geolocation_delta_time;/gt3r_geolocation_reference_photon_lat;/gt3r_geolocation_reference_photon_lon;/gt3r_geolocation_reference_photon_index;/gt3r_geolocation_segment_ph_cnt;/gt3r_geolocation_ph_index_beg;/gt3r_geolocation_segment_id"; transmitting
1692904211,187,timing,elapsed_us,7,start_us,1692904211926500,stop_us,1692904211926507,http-nio-8080-exec-5:33[bes_client:/-0],set container in ngap values ngapContainer,collections/C1241426826-NSIDC_CUAT/granules/ATL03_20200101145654_00900605_005_01.h5; transmitting
1692904214,187,timing,elapsed_us,201,start_us,1692904214688373,stop_us,1692904214688574,-,BESInterface::execute_request
1692904214,187,timing,elapsed_us,2347694,start_us,1692904211928168,stop_us,1692904214275862,-,RemoteResource::get_url() - source url: https://data.nsidc.uat.earthdatacloud.nasa.gov/nsidc-cumulus-uat-protected/ATLAS/ATL03/005/2020/01/01/ATL03_20200101145654_00900605_005_01.h5.dmrpp
1692904214,187,timing,elapsed_us,24554,start_us,1692904214658993,stop_us,1692904214683547,-,DmrppArray::read_super_chunks_unconstrained_concurrent() -  name: gt3r_geolocation_delta_time
1692904214,187,timing,elapsed_us,252,start_us,1692904214688369,stop_us,1692904214688621,-,BESServerHandler::execute
1692904214,187,timing,elapsed_us,25348,start_us,1692904214523676,stop_us,1692904214549024,-,DmrppArray::read_super_chunks_unconstrained_concurrent() -  name: gt3r_geolocation_segment_id
1692904214,187,timing,elapsed_us,2985631,start_us,1692904211700766,stop_us,1692904214686397,-,BESInterface::execute_request
1692904214,187,timing,elapsed_us,2987618,start_us,1692904211700729,stop_us,1692904214688347,-,BESServerHandler::execute
1692904214,187,timing,elapsed_us,36718,start_us,1692904214550940,stop_us,1692904214587658,-,DmrppArray::read_super_chunks_unconstrained_concurrent() -  name: gt3r_geolocation_reference_photon_lat
1692904214,187,timing,elapsed_us,370728,start_us,1692904214315618,stop_us,1692904214686346,-,BESDapResponseBuilder::serialize_dap4_data() - Timer
1692904214,187,timing,elapsed_us,371109,start_us,1692904214315272,stop_us,1692904214686381,http-nio-8080-exec-5:33[bes_client:/-0],get dap for d1 return as dap2; transmitting
1692904214,187,timing,elapsed_us,38780,start_us,1692904214482296,stop_us,1692904214521076,-,DmrppArray::read_super_chunks_unconstrained_concurrent() -  name: gt3r_geolocation_ph_index_beg
1692904214,187,timing,elapsed_us,6,start_us,1692904214688560,stop_us,1692904214688566,client: /-0:153,show status; transmitting
1692904214,187,timing,elapsed_us,67239,start_us,1692904214590257,stop_us,1692904214657496,-,DmrppArray::read_super_chunks_unconstrained_concurrent() -  name: gt3r_geolocation_reference_photon_index
1692904214,187,timing,elapsed_us,74680,start_us,1692904214405051,stop_us,1692904214479731,-,DmrppArray::read_super_chunks_unconstrained_concurrent() -  name: gt3r_geolocation_reference_photon_lon
1692904214,187,timing,elapsed_us,85833,start_us,1692904214317659,stop_us,1692904214403492,-,DmrppArray::read_super_chunks_unconstrained_concurrent() -  name: gt3r_geolocation_segment_ph_cnt
1692904307,187,timing,elapsed_us,198495,start_us,1692904306977175,stop_us,1692904307175670,-,RemoteResource::get_url() - source url: https://cmr.uat.earthdata.nasa.gov/search/granules.umm_json_v1_4?collection_concept_id=C1241426826-NSIDC_CUAT&granule_ur=ATL03_20200101145654_00900605_005_01.h5
1692904307,187,timing,elapsed_us,6,start_us,1692904307176942,stop_us,1692904307176948,http-nio-8080-exec-5:33[bes_client:/-0],define d1 in default as ngapContainer with ngapContainer.dap4constraint="/gt3r_heights_delta_time[6710118:149:8209976];/gt3r_heights_lat_ph[6710118:149:8209976];/gt3r_heights_lon_ph[6710118:149:8209976];/gt3r_heights_h_ph[6710118:149:8209976];/gt3r_heights_signal_conf_ph[6710118:149:8209976][0:1:4]"; transmitting
1692904307,187,timing,elapsed_us,8,start_us,1692904307176110,stop_us,1692904307176118,http-nio-8080-exec-5:33[bes_client:/-0],set container in ngap values ngapContainer,collections/C1241426826-NSIDC_CUAT/granules/ATL03_20200101145654_00900605_005_01.h5; transmitting
1692904309,187,timing,elapsed_us,145192,start_us,1692904309543568,stop_us,1692904309688760,-,DmrppArray::read_super_chunks_concurrent() -  name: gt3r_heights_lat_ph
1692904309,187,timing,elapsed_us,210,start_us,1692904309939686,stop_us,1692904309939896,-,BESInterface::execute_request
1692904309,187,timing,elapsed_us,2321773,start_us,1692904307177803,stop_us,1692904309499576,-,RemoteResource::get_url() - source url: https://data.nsidc.uat.earthdatacloud.nasa.gov/nsidc-cumulus-uat-protected/ATLAS/ATL03/005/2020/01/01/ATL03_20200101145654_00900605_005_01.h5.dmrpp
1692904309,187,timing,elapsed_us,239,start_us,1692904309939682,stop_us,1692904309939921,-,BESServerHandler::execute
1692904309,187,timing,elapsed_us,28582,start_us,1692904309692521,stop_us,1692904309721103,-,DmrppArray::read_super_chunks_concurrent() -  name: gt3r_heights_signal_conf_ph
1692904309,187,timing,elapsed_us,2964404,start_us,1692904306972775,stop_us,1692904309937179,-,BESInterface::execute_request
1692904309,187,timing,elapsed_us,2966920,start_us,1692904306972740,stop_us,1692904309939660,-,BESServerHandler::execute
1692904309,187,timing,elapsed_us,31040,start_us,1692904309905691,stop_us,1692904309936731,-,DmrppArray::read_super_chunks_concurrent() -  name: gt3r_heights_delta_time
1692904309,187,timing,elapsed_us,398682,start_us,1692904309538475,stop_us,1692904309937157,-,BESDapResponseBuilder::serialize_dap4_data() - Timer
1692904309,187,timing,elapsed_us,398963,start_us,1692904309538208,stop_us,1692904309937171,http-nio-8080-exec-5:33[bes_client:/-0],get dap for d1 return as dap2; transmitting
1692904309,187,timing,elapsed_us,6,start_us,1692904309939882,stop_us,1692904309939888,client: /-0:155,show status; transmitting
1692904309,187,timing,elapsed_us,78991,start_us,1692904309724744,stop_us,1692904309803735,-,DmrppArray::read_super_chunks_concurrent() -  name: gt3r_heights_h_ph
1692904309,187,timing,elapsed_us,94597,start_us,1692904309807356,stop_us,1692904309901953,-,DmrppArray::read_super_chunks_concurrent() -  name: gt3r_heights_lon_ph
1692904353,187,timing,elapsed_us,505566,start_us,1692904352977092,stop_us,1692904353482658,-,RemoteResource::get_url() - source url: https://cmr.uat.earthdata.nasa.gov/search/granules.umm_json_v1_4?collection_concept_id=C1241426826-NSIDC_CUAT&granule_ur=ATL03_20200101145654_00900605_005_01.h5
1692904353,187,timing,elapsed_us,6,start_us,1692904353483926,stop_us,1692904353483932,http-nio-8080-exec-1:29[bes_client:/-0],define d1 in default as ngapContainer with ngapContainer.dap4constraint="/gt3r_heights_delta_time[6710118:149:8209976];/gt3r_heights_lat_ph[6710118:149:8209976];/gt3r_heights_lon_ph[6710118:149:8209976];/gt3r_heights_h_ph[6710118:149:8209976];/gt3r_heights_signal_conf_ph[6710118:149:8209976][0:1:4]"; transmitting
1692904353,187,timing,elapsed_us,7,start_us,1692904353483106,stop_us,1692904353483113,http-nio-8080-exec-1:29[bes_client:/-0],set container in ngap values ngapContainer,collections/C1241426826-NSIDC_CUAT/granules/ATL03_20200101145654_00900605_005_01.h5; transmitting
1692904355,187,timing,elapsed_us,2448374,start_us,1692904353484806,stop_us,1692904355933180,-,RemoteResource::get_url() - source url: https://data.nsidc.uat.earthdatacloud.nasa.gov/nsidc-cumulus-uat-protected/ATLAS/ATL03/005/2020/01/01/ATL03_20200101145654_00900605_005_01.h5.dmrpp
1692904356,187,timing,elapsed_us,133585,start_us,1692904355978396,stop_us,1692904356111981,-,DmrppArray::read_super_chunks_concurrent() -  name: gt3r_heights_lat_ph
1692904356,187,timing,elapsed_us,207,start_us,1692904356390698,stop_us,1692904356390905,-,BESInterface::execute_request
1692904356,187,timing,elapsed_us,238,start_us,1692904356390693,stop_us,1692904356390931,-,BESServerHandler::execute
1692904356,187,timing,elapsed_us,27117,start_us,1692904356115753,stop_us,1692904356142870,-,DmrppArray::read_super_chunks_concurrent() -  name: gt3r_heights_signal_conf_ph
1692904356,187,timing,elapsed_us,3415434,start_us,1692904352972779,stop_us,1692904356388213,-,BESInterface::execute_request
1692904356,187,timing,elapsed_us,3417921,start_us,1692904352972746,stop_us,1692904356390667,-,BESServerHandler::execute
1692904356,187,timing,elapsed_us,414875,start_us,1692904355973308,stop_us,1692904356388183,-,BESDapResponseBuilder::serialize_dap4_data() - Timer
1692904356,187,timing,elapsed_us,415177,start_us,1692904355973027,stop_us,1692904356388204,http-nio-8080-exec-1:29[bes_client:/-0],get dap for d1 return as dap2; transmitting
1692904356,187,timing,elapsed_us,6,start_us,1692904356390891,stop_us,1692904356390897,client: /-0:157,show status; transmitting
1692904356,187,timing,elapsed_us,65663,start_us,1692904356322087,stop_us,1692904356387750,-,DmrppArray::read_super_chunks_concurrent() -  name: gt3r_heights_delta_time
1692904356,187,timing,elapsed_us,74258,start_us,1692904356146452,stop_us,1692904356220710,-,DmrppArray::read_super_chunks_concurrent() -  name: gt3r_heights_h_ph
1692904356,187,timing,elapsed_us,94033,start_us,1692904356224268,stop_us,1692904356318301,-,DmrppArray::read_super_chunks_concurrent() -  name: gt3r_heights_lon_ph
1692827049,499,error,CredentialsManager::load_credentials() - CredentialsManager config file /etc/bes/credentials.conf was specified but is not present.1692827049,499,timing,elapsed_us,363973,start_us,1692827049109078,stop_us,1692827049473051,-,RemoteResource::get_url() - source url: https://cmr.uat.earthdata.nasa.gov/search/granules.umm_json_v1_4?collection_concept_id=C1241426872-NSIDC_CUAT&granule_ur=ATL06_20200101145654_00900605_005_01.h5
1692827049,499,timing,elapsed_us,5,start_us,1692827049473436,stop_us,1692827049473441,http-nio-8080-exec-4:32[bes_client:/-1],define d1 in default as ngapContainer with ngapContainer.dap4constraint="/orbit_info_rgt;/orbit_info_crossing_time;/gt3r_land_ice_segments_latitude[0:256:];/gt3r_land_ice_segments_longitude[0:256:];/gt3r_land_ice_segments_delta_time[0:256:];/gt3l_land_ice_segments_latitude[0:256:];/gt3l_land_ice_segments_longitude[0:256:];/gt3l_land_ice_segments_delta_time[0:256:];/gt2r_land_ice_segments_latitude[0:256:];/gt2r_land_ice_segments_longitude[0:256:];/gt2r_land_ice_segments_delta_time[0:256:];/gt2l_land_ice_segments_latitude[0:256:];/gt2l_land_ice_segments_longitude[0:256:];/gt2l_land_ice_segments_delta_time[0:256:];/gt1r_land_ice_segments_latitude[0:256:];/gt1r_land_ice_segments_longitude[0:256:];/gt1r_land_ice_segments_delta_time[0:256:];/gt1l_land_ice_segments_latitude[0:256:];/gt1l_land_ice_segments_longitude[0:256:];/gt1l_land_ice_segments_delta_time[0:256:]"; transmitting
1692827049,499,timing,elapsed_us,8,start_us,1692827049473408,stop_us,1692827049473416,http-nio-8080-exec-4:32[bes_client:/-1],set container in ngap values ngapContainer,collections/C1241426872-NSIDC_CUAT/granules/ATL06_20200101145654_00900605_005_01.h5; transmitting
1692827051,499,timing,elapsed_us,2378728,start_us,1692827049474315,stop_us,1692827051853043,-,RemoteResource::get_url() - source url: https://data.nsidc.uat.earthdatacloud.nasa.gov/nsidc-cumulus-uat-protected/ATLAS/ATL06/005/2020/01/01/ATL06_20200101145654_00900605_005_01.h5.dmrpp
1692827054,499,timing,elapsed_us,213076,start_us,1692827054658090,stop_us,1692827054871166,-,DmrppArray::read_super_chunks_concurrent() -  name: gt1r_land_ice_segments_longitude
1692827054,499,timing,elapsed_us,2486678,start_us,1692827051864928,stop_us,1692827054351606,-,CurlUtils::retrieve_effective_url() -  Following Redirects Starting With: https://data.nsidc.uat.earthdatacloud.nasa.gov/nsidc-cumulus-uat-protected/ATLAS/ATL06/005/2020/01/01/ATL06_20200101145654_00900605_005_01.h5
1692827054,499,timing,elapsed_us,2792672,start_us,1692827051864871,stop_us,1692827054657543,-,DmrppArray::read_contiguous() -  name: orbit_info_rgt
1692827055,499,timing,elapsed_us,132751,start_us,1692827055248448,stop_us,1692827055381199,-,DmrppArray::read_super_chunks_concurrent() -  name: gt2r_land_ice_segments_latitude
1692827055,499,timing,elapsed_us,163835,start_us,1692827055084296,stop_us,1692827055248131,-,DmrppArray::read_super_chunks_concurrent() -  name: gt2r_land_ice_segments_longitude
1692827055,499,timing,elapsed_us,176387,start_us,1692827055487253,stop_us,1692827055663640,-,DmrppArray::read_super_chunks_concurrent() -  name: gt3l_land_ice_segments_longitude
1692827055,499,timing,elapsed_us,189476,start_us,1692827055663925,stop_us,1692827055853401,-,DmrppArray::read_super_chunks_concurrent() -  name: gt3l_land_ice_segments_latitude
1692827055,499,timing,elapsed_us,212544,start_us,1692827054871463,stop_us,1692827055084007,-,DmrppArray::read_super_chunks_concurrent() -  name: gt1r_land_ice_segments_latitude
1692827055,499,timing,elapsed_us,22485,start_us,1692827055464484,stop_us,1692827055486969,-,DmrppArray::read_super_chunks_concurrent() -  name: gt1l_land_ice_segments_latitude
1692827055,499,timing,elapsed_us,82701,start_us,1692827055381498,stop_us,1692827055464199,-,DmrppArray::read_super_chunks_concurrent() -  name: gt1l_land_ice_segments_longitude
1692827056,499,timing,elapsed_us,148315,start_us,1692827056092703,stop_us,1692827056241018,-,DmrppArray::read_super_chunks_concurrent() -  name: gt3r_land_ice_segments_longitude
1692827056,499,timing,elapsed_us,19804,start_us,1692827056541529,stop_us,1692827056561333,-,DmrppArray::read_contiguous() -  name: orbit_info_crossing_time
1692827056,499,timing,elapsed_us,198819,start_us,1692827055853699,stop_us,1692827056052518,-,DmrppArray::read_super_chunks_concurrent() -  name: gt2l_land_ice_segments_longitude
1692827056,499,timing,elapsed_us,22895,start_us,1692827056430545,stop_us,1692827056453440,-,DmrppArray::read_super_chunks_concurrent() -  name: gt2r_land_ice_segments_delta_time
1692827056,499,timing,elapsed_us,23737,start_us,1692827056406528,stop_us,1692827056430265,-,DmrppArray::read_super_chunks_concurrent() -  name: gt2l_land_ice_segments_delta_time
1692827056,499,timing,elapsed_us,25428,start_us,1692827056380855,stop_us,1692827056406283,-,DmrppArray::read_super_chunks_concurrent() -  name: gt1r_land_ice_segments_delta_time
1692827056,499,timing,elapsed_us,39586,start_us,1692827056052818,stop_us,1692827056092404,-,DmrppArray::read_super_chunks_concurrent() -  name: gt2l_land_ice_segments_latitude
1692827056,499,timing,elapsed_us,42183,start_us,1692827056499252,stop_us,1692827056541435,-,DmrppArray::read_super_chunks_concurrent() -  name: gt3r_land_ice_segments_delta_time
1692827056,499,timing,elapsed_us,45169,start_us,1692827056453717,stop_us,1692827056498886,-,DmrppArray::read_super_chunks_concurrent() -  name: gt3l_land_ice_segments_delta_time
1692827056,499,timing,elapsed_us,4698278,start_us,1692827051863306,stop_us,1692827056561584,-,BESDapResponseBuilder::serialize_dap4_data() - Timer
1692827056,499,timing,elapsed_us,4698647,start_us,1692827051862963,stop_us,1692827056561610,http-nio-8080-exec-4:32[bes_client:/-1],get dap for d1 return as dap2; transmitting
1692827056,499,timing,elapsed_us,47327,start_us,1692827056333229,stop_us,1692827056380556,-,DmrppArray::read_super_chunks_concurrent() -  name: gt1l_land_ice_segments_delta_time
1692827056,499,timing,elapsed_us,622,start_us,1692827056605014,stop_us,1692827056605636,-,BESInterface::execute_request
1692827056,499,timing,elapsed_us,678,start_us,1692827056604991,stop_us,1692827056605669,-,BESServerHandler::execute
1692827056,499,timing,elapsed_us,7456759,start_us,1692827049104872,stop_us,1692827056561631,-,BESInterface::execute_request
1692827056,499,timing,elapsed_us,7457723,start_us,1692827049104737,stop_us,1692827056562460,-,BESServerHandler::execute
1692827056,499,timing,elapsed_us,8,start_us,1692827056605613,stop_us,1692827056605621,client: /-1:1,show status; transmitting
1692827056,499,timing,elapsed_us,91687,start_us,1692827056241294,stop_us,1692827056332981,-,DmrppArray::read_super_chunks_concurrent() -  name: gt3r_land_ice_segments_latitude
1692827121,499,timing,elapsed_us,470589,start_us,1692827121037191,stop_us,1692827121507780,-,RemoteResource::get_url() - source url: https://cmr.uat.earthdata.nasa.gov/search/granules.umm_json_v1_4?collection_concept_id=C1241426872-NSIDC_CUAT&granule_ur=ATL06_20200101020331_00820602_005_01.h5
1692827121,499,timing,elapsed_us,5,start_us,1692827121508312,stop_us,1692827121508317,http-nio-8080-exec-6:34[bes_client:/-1],define d1 in default as ngapContainer with ngapContainer.dap4constraint="/orbit_info_rgt;/orbit_info_crossing_time;/gt3r_land_ice_segments_latitude[0:64:];/gt3r_land_ice_segments_longitude[0:64:];/gt3r_land_ice_segments_delta_time[0:64:];/gt3l_land_ice_segments_latitude[0:64:];/gt3l_land_ice_segments_longitude[0:64:];/gt3l_land_ice_segments_delta_time[0:64:];/gt2r_land_ice_segments_latitude[0:64:];/gt2r_land_ice_segments_longitude[0:64:];/gt2r_land_ice_segments_delta_time[0:64:];/gt2l_land_ice_segments_latitude[0:64:];/gt2l_land_ice_segments_longitude[0:64:];/gt2l_land_ice_segments_delta_time[0:64:];/gt1r_land_ice_segments_latitude[0:64:];/gt1r_land_ice_segments_longitude[0:64:];/gt1r_land_ice_segments_delta_time[0:64:];/gt1l_land_ice_segments_latitude[0:64:];/gt1l_land_ice_segments_longitude[0:64:];/gt1l_land_ice_segments_delta_time[0:64:]"; transmitting
1692827121,499,timing,elapsed_us,7,start_us,1692827121508139,stop_us,1692827121508146,http-nio-8080-exec-6:34[bes_client:/-1],set container in ngap values ngapContainer,collections/C1241426872-NSIDC_CUAT/granules/ATL06_20200101020331_00820602_005_01.h5; transmitting
1692827123,499,timing,elapsed_us,2287411,start_us,1692827121509212,stop_us,1692827123796623,-,RemoteResource::get_url() - source url: https://data.nsidc.uat.earthdatacloud.nasa.gov/nsidc-cumulus-uat-protected/ATLAS/ATL06/005/2020/01/01/ATL06_20200101020331_00820602_005_01.h5.dmrpp
1692827126,499,timing,elapsed_us,17207,start_us,1692827126864866,stop_us,1692827126882073,-,DmrppArray::read_contiguous() -  name: orbit_info_crossing_time
1692827126,499,timing,elapsed_us,18871,start_us,1692827126618983,stop_us,1692827126637854,-,DmrppArray::read_super_chunks_concurrent() -  name: gt3r_land_ice_segments_longitude
1692827126,499,timing,elapsed_us,18903,start_us,1692827126825165,stop_us,1692827126844068,-,DmrppArray::read_super_chunks_concurrent() -  name: gt3l_land_ice_segments_delta_time
1692827126,499,timing,elapsed_us,19423,start_us,1692827126783613,stop_us,1692827126803036,-,DmrppArray::read_super_chunks_concurrent() -  name: gt2l_land_ice_segments_delta_time
1692827126,499,timing,elapsed_us,19979,start_us,1692827126371049,stop_us,1692827126391028,-,DmrppArray::read_super_chunks_concurrent() -  name: gt1r_land_ice_segments_latitude
1692827126,499,timing,elapsed_us,20448,start_us,1692827126844255,stop_us,1692827126864703,-,DmrppArray::read_super_chunks_concurrent() -  name: gt3r_land_ice_segments_delta_time
1692827126,499,timing,elapsed_us,21755,start_us,1692827126803225,stop_us,1692827126824980,-,DmrppArray::read_super_chunks_concurrent() -  name: gt2r_land_ice_segments_delta_time
1692827126,499,timing,elapsed_us,22930,start_us,1692827126539015,stop_us,1692827126561945,-,DmrppArray::read_super_chunks_concurrent() -  name: gt3l_land_ice_segments_latitude
1692827126,499,timing,elapsed_us,2381123,start_us,1692827123806692,stop_us,1692827126187815,-,CurlUtils::retrieve_effective_url() -  Following Redirects Starting With: https://data.nsidc.uat.earthdatacloud.nasa.gov/nsidc-cumulus-uat-protected/ATLAS/ATL06/005/2020/01/01/ATL06_20200101020331_00820602_005_01.h5
1692827126,499,timing,elapsed_us,24775,start_us,1692827126454371,stop_us,1692827126479146,-,DmrppArray::read_super_chunks_concurrent() -  name: gt1l_land_ice_segments_longitude
1692827126,499,timing,elapsed_us,2481085,start_us,1692827123806648,stop_us,1692827126287733,-,DmrppArray::read_contiguous() -  name: orbit_info_rgt
1692827126,499,timing,elapsed_us,25337,start_us,1692827126479533,stop_us,1692827126504870,-,DmrppArray::read_super_chunks_concurrent() -  name: gt1l_land_ice_segments_latitude
1692827126,499,timing,elapsed_us,26209,start_us,1692827126592475,stop_us,1692827126618684,-,DmrppArray::read_super_chunks_concurrent() -  name: gt2l_land_ice_segments_latitude
1692827126,499,timing,elapsed_us,26956,start_us,1692827126427216,stop_us,1692827126454172,-,DmrppArray::read_super_chunks_concurrent() -  name: gt2r_land_ice_segments_latitude
1692827126,499,timing,elapsed_us,29249,start_us,1692827126754168,stop_us,1692827126783417,-,DmrppArray::read_super_chunks_concurrent() -  name: gt1r_land_ice_segments_delta_time
1692827126,499,timing,elapsed_us,30172,start_us,1692827126562111,stop_us,1692827126592283,-,DmrppArray::read_super_chunks_concurrent() -  name: gt2l_land_ice_segments_longitude
1692827126,499,timing,elapsed_us,3077003,start_us,1692827123805223,stop_us,1692827126882226,-,BESDapResponseBuilder::serialize_dap4_data() - Timer
1692827126,499,timing,elapsed_us,3077348,start_us,1692827123804893,stop_us,1692827126882241,http-nio-8080-exec-6:34[bes_client:/-1],get dap for d1 return as dap2; transmitting
1692827126,499,timing,elapsed_us,33810,start_us,1692827126505042,stop_us,1692827126538852,-,DmrppArray::read_super_chunks_concurrent() -  name: gt3l_land_ice_segments_longitude
1692827126,499,timing,elapsed_us,35799,start_us,1692827126391222,stop_us,1692827126427021,-,DmrppArray::read_super_chunks_concurrent() -  name: gt2r_land_ice_segments_longitude
1692827126,499,timing,elapsed_us,43273,start_us,1692827126638021,stop_us,1692827126681294,-,DmrppArray::read_super_chunks_concurrent() -  name: gt3r_land_ice_segments_latitude
1692827126,499,timing,elapsed_us,522,start_us,1692827126887394,stop_us,1692827126887916,-,BESInterface::execute_request
1692827126,499,timing,elapsed_us,554,start_us,1692827126887387,stop_us,1692827126887941,-,BESServerHandler::execute
1692827126,499,timing,elapsed_us,5849508,start_us,1692827121032744,stop_us,1692827126882252,-,BESInterface::execute_request
1692827126,499,timing,elapsed_us,5850204,start_us,1692827121032708,stop_us,1692827126882912,-,BESServerHandler::execute
1692827126,499,timing,elapsed_us,6,start_us,1692827126887899,stop_us,1692827126887905,client: /-1:3,show status; transmitting
1692827126,499,timing,elapsed_us,72483,start_us,1692827126681484,stop_us,1692827126753967,-,DmrppArray::read_super_chunks_concurrent() -  name: gt1l_land_ice_segments_delta_time
1692827126,499,timing,elapsed_us,82764,start_us,1692827126288058,stop_us,1692827126370822,-,DmrppArray::read_super_chunks_concurrent() -  name: gt1r_land_ice_segments_longitude
1692827162,499,timing,elapsed_us,238144,start_us,1692827162736638,stop_us,1692827162974782,-,RemoteResource::get_url() - source url: https://cmr.uat.earthdata.nasa.gov/search/granules.umm_json_v1_4?collection_concept_id=C1241426872-NSIDC_CUAT&granule_ur=ATL06_20200101021201_00820603_005_01.h5
1692827162,499,timing,elapsed_us,7,start_us,1692827162975219,stop_us,1692827162975226,http-nio-8080-exec-2:30[bes_client:/-1],set container in ngap values ngapContainer,collections/C1241426872-NSIDC_CUAT/granules/ATL06_20200101021201_00820603_005_01.h5; transmitting
1692827162,499,timing,elapsed_us,9,start_us,1692827162975400,stop_us,1692827162975409,http-nio-8080-exec-2:30[bes_client:/-1],define d1 in default as ngapContainer with ngapContainer.dap4constraint="/orbit_info_rgt;/orbit_info_crossing_time;/gt3r_land_ice_segments_latitude[0:256:];/gt3r_land_ice_segments_longitude[0:256:];/gt3r_land_ice_segments_delta_time[0:256:];/gt3l_land_ice_segments_latitude[0:256:];/gt3l_land_ice_segments_longitude[0:256:];/gt3l_land_ice_segments_delta_time[0:256:];/gt2r_land_ice_segments_latitude[0:256:];/gt2r_land_ice_segments_longitude[0:256:];/gt2r_land_ice_segments_delta_time[0:256:];/gt2l_land_ice_segments_latitude[0:256:];/gt2l_land_ice_segments_longitude[0:256:];/gt2l_land_ice_segments_delta_time[0:256:];/gt1r_land_ice_segments_latitude[0:256:];/gt1r_land_ice_segments_longitude[0:256:];/gt1r_land_ice_segments_delta_time[0:256:];/gt1l_land_ice_segments_latitude[0:256:];/gt1l_land_ice_segments_longitude[0:256:];/gt1l_land_ice_segments_delta_time[0:256:]"; transmitting
1692827165,499,timing,elapsed_us,2330965,start_us,1692827162976268,stop_us,1692827165307233,-,RemoteResource::get_url() - source url: https://data.nsidc.uat.earthdatacloud.nasa.gov/nsidc-cumulus-uat-protected/ATLAS/ATL06/005/2020/01/01/ATL06_20200101021201_00820603_005_01.h5.dmrpp
1692827167,499,timing,elapsed_us,20550,start_us,1692827167885764,stop_us,1692827167906314,-,DmrppArray::read_super_chunks_concurrent() -  name: gt1l_land_ice_segments_latitude
1692827167,499,timing,elapsed_us,21851,start_us,1692827167840809,stop_us,1692827167862660,-,DmrppArray::read_super_chunks_concurrent() -  name: gt2r_land_ice_segments_latitude
1692827167,499,timing,elapsed_us,22248,start_us,1692827167818246,stop_us,1692827167840494,-,DmrppArray::read_super_chunks_concurrent() -  name: gt2r_land_ice_segments_longitude
1692827167,499,timing,elapsed_us,22531,start_us,1692827167862956,stop_us,1692827167885487,-,DmrppArray::read_super_chunks_concurrent() -  name: gt1l_land_ice_segments_longitude
1692827167,499,timing,elapsed_us,2282072,start_us,1692827165318111,stop_us,1692827167600183,-,CurlUtils::retrieve_effective_url() -  Following Redirects Starting With: https://data.nsidc.uat.earthdatacloud.nasa.gov/nsidc-cumulus-uat-protected/ATLAS/ATL06/005/2020/01/01/ATL06_20200101021201_00820603_005_01.h5
1692827167,499,timing,elapsed_us,2364989,start_us,1692827165318065,stop_us,1692827167683054,-,DmrppArray::read_contiguous() -  name: orbit_info_rgt
1692827167,499,timing,elapsed_us,51069,start_us,1692827167766891,stop_us,1692827167817960,-,DmrppArray::read_super_chunks_concurrent() -  name: gt1r_land_ice_segments_latitude
1692827167,499,timing,elapsed_us,76019,start_us,1692827167906657,stop_us,1692827167982676,-,DmrppArray::read_super_chunks_concurrent() -  name: gt3l_land_ice_segments_longitude
1692827167,499,timing,elapsed_us,83059,start_us,1692827167683522,stop_us,1692827167766581,-,DmrppArray::read_super_chunks_concurrent() -  name: gt1r_land_ice_segments_longitude
1692827168,499,timing,elapsed_us,16461,start_us,1692827168232664,stop_us,1692827168249125,-,DmrppArray::read_contiguous() -  name: orbit_info_crossing_time
1692827168,499,timing,elapsed_us,19895,start_us,1692827168027562,stop_us,1692827168047457,-,DmrppArray::read_super_chunks_concurrent() -  name: gt2l_land_ice_segments_latitude
1692827168,499,timing,elapsed_us,19994,start_us,1692827168096104,stop_us,1692827168116098,-,DmrppArray::read_super_chunks_concurrent() -  name: gt1l_land_ice_segments_delta_time
1692827168,499,timing,elapsed_us,20146,start_us,1692827168140641,stop_us,1692827168160787,-,DmrppArray::read_super_chunks_concurrent() -  name: gt2l_land_ice_segments_delta_time
1692827168,499,timing,elapsed_us,21465,start_us,1692827168161077,stop_us,1692827168182542,-,DmrppArray::read_super_chunks_concurrent() -  name: gt2r_land_ice_segments_delta_time
1692827168,499,timing,elapsed_us,21968,start_us,1692827167983023,stop_us,1692827168004991,-,DmrppArray::read_super_chunks_concurrent() -  name: gt3l_land_ice_segments_latitude
1692827168,499,timing,elapsed_us,21969,start_us,1692827168005284,stop_us,1692827168027253,-,DmrppArray::read_super_chunks_concurrent() -  name: gt2l_land_ice_segments_longitude
1692827168,499,timing,elapsed_us,23588,start_us,1692827168047785,stop_us,1692827168071373,-,DmrppArray::read_super_chunks_concurrent() -  name: gt3r_land_ice_segments_longitude
1692827168,499,timing,elapsed_us,23844,start_us,1692827168183050,stop_us,1692827168206894,-,DmrppArray::read_super_chunks_concurrent() -  name: gt3l_land_ice_segments_delta_time
1692827168,499,timing,elapsed_us,23928,start_us,1692827168116391,stop_us,1692827168140319,-,DmrppArray::read_super_chunks_concurrent() -  name: gt1r_land_ice_segments_delta_time
1692827168,499,timing,elapsed_us,24107,start_us,1692827168071713,stop_us,1692827168095820,-,DmrppArray::read_super_chunks_concurrent() -  name: gt3r_land_ice_segments_latitude
1692827168,499,timing,elapsed_us,25307,start_us,1692827168207231,stop_us,1692827168232538,-,DmrppArray::read_super_chunks_concurrent() -  name: gt3r_land_ice_segments_delta_time
1692827168,499,timing,elapsed_us,2932733,start_us,1692827165316642,stop_us,1692827168249375,-,BESDapResponseBuilder::serialize_dap4_data() - Timer
1692827168,499,timing,elapsed_us,2933113,start_us,1692827165316290,stop_us,1692827168249403,http-nio-8080-exec-2:30[bes_client:/-1],get dap for d1 return as dap2; transmitting
1692827168,499,timing,elapsed_us,5516750,start_us,1692827162732674,stop_us,1692827168249424,-,BESInterface::execute_request
1692827168,499,timing,elapsed_us,5517441,start_us,1692827162732659,stop_us,1692827168250100,-,BESServerHandler::execute
1692827168,499,timing,elapsed_us,599,start_us,1692827168254505,stop_us,1692827168255104,-,BESInterface::execute_request
1692827168,499,timing,elapsed_us,634,start_us,1692827168254499,stop_us,1692827168255133,-,BESServerHandler::execute
1692827168,499,timing,elapsed_us,8,start_us,1692827168255083,stop_us,1692827168255091,client: /-1:5,show status; transmitting
1692827183,499,timing,elapsed_us,8,start_us,1692827183775889,stop_us,1692827183775897,http-nio-8080-exec-9:37[bes_client:/-1],set container in ngap values ngapContainer,collections/C1241426907-NSIDC_CUAT/granules/ATL08_20200101020331_00820602_005_01.h5; transmitting
1692827183,499,timing,elapsed_us,8,start_us,1692827183776094,stop_us,1692827183776102,http-nio-8080-exec-9:37[bes_client:/-1],define d1 in default as ngapContainer with ngapContainer.dap4constraint="/orbit_info_rgt;/orbit_info_crossing_time;/gt3r_land_segments_latitude[0:1:];/gt3r_land_segments_longitude[0:1:];/gt3r_land_segments_terrain_h_te_best_fit[0:1:];/gt3r_land_segments_canopy_h_canopy[0:1:];/gt3r_land_segments_delta_time[0:1:];/gt3l_land_segments_latitude[0:1:];/gt3l_land_segments_longitude[0:1:];/gt3l_land_segments_terrain_h_te_best_fit[0:1:];/gt3l_land_segments_canopy_h_canopy[0:1:];/gt3l_land_segments_delta_time[0:1:];/gt2r_land_segments_latitude[0:1:];/gt2r_land_segments_longitude[0:1:];/gt2r_land_segments_terrain_h_te_best_fit[0:1:];/gt2r_land_segments_canopy_h_canopy[0:1:];/gt2r_land_segments_delta_time[0:1:];/gt2l_land_segments_latitude[0:1:];/gt2l_land_segments_longitude[0:1:];/gt2l_land_segments_terrain_h_te_best_fit[0:1:];/gt2l_land_segments_canopy_h_canopy[0:1:];/gt2l_land_segments_delta_time[0:1:];/gt1r_land_segments_latitude[0:1:];/gt1r_land_segments_longitude[0:1:];/gt1r_land_segments_terrain_h_te_best_fit[0:1:];/gt1r_land_segments_canopy_h_canopy[0:1:];/gt1r_land_segments_delta_time[0:1:];/gt1l_land_segments_latitude[0:1:];/gt1l_land_segments_longitude[0:1:];/gt1l_land_segments_terrain_h_te_best_fit[0:1:];/gt1l_land_segments_canopy_h_canopy[0:1:];/gt1l_land_segments_delta_time[0:1:]"; transmitting
1692827186,499,timing,elapsed_us,2439436,start_us,1692827183776991,stop_us,1692827186216427,-,RemoteResource::get_url() - source url: https://data.nsidc.uat.earthdatacloud.nasa.gov/nsidc-cumulus-uat-protected/ATLAS/ATL08/005/2020/01/01/ATL08_20200101020331_00820602_005_01.h5.dmrpp
1692827188,499,timing,elapsed_us,226621,start_us,1692827188729378,stop_us,1692827188955999,-,DmrppArray::read_super_chunks_unconstrained_concurrent() -  name: gt1l_land_segments_delta_time
1692827188,499,timing,elapsed_us,2490202,start_us,1692827186237513,stop_us,1692827188727715,-,CurlUtils::retrieve_effective_url() -  Following Redirects Starting With: https://data.nsidc.uat.earthdatacloud.nasa.gov/nsidc-cumulus-uat-protected/ATLAS/ATL08/005/2020/01/01/ATL08_20200101020331_00820602_005_01.h5
1692827189,499,timing,elapsed_us,105932,start_us,1692827189200091,stop_us,1692827189306023,-,DmrppArray::read_super_chunks_unconstrained_concurrent() -  name: gt2r_land_segments_delta_time
1692827189,499,timing,elapsed_us,109570,start_us,1692827189089981,stop_us,1692827189199551,-,DmrppArray::read_super_chunks_unconstrained_concurrent() -  name: gt2l_land_segments_delta_time
1692827189,499,timing,elapsed_us,121938,start_us,1692827189306700,stop_us,1692827189428638,-,DmrppArray::read_super_chunks_unconstrained_concurrent() -  name: gt3l_land_segments_delta_time
1692827189,499,timing,elapsed_us,132488,start_us,1692827188956813,stop_us,1692827189089301,-,DmrppArray::read_super_chunks_unconstrained_concurrent() -  name: gt1r_land_segments_delta_time
1692827189,499,timing,elapsed_us,145199,start_us,1692827189429209,stop_us,1692827189574408,-,DmrppArray::read_super_chunks_unconstrained_concurrent() -  name: gt3r_land_segments_delta_time
1692827189,499,timing,elapsed_us,193941,start_us,1692827189742227,stop_us,1692827189936168,-,DmrppArray::read_super_chunks_unconstrained_concurrent() -  name: gt1r_land_segments_canopy_h_canopy
1692827189,499,timing,elapsed_us,69341,start_us,1692827189672571,stop_us,1692827189741912,-,DmrppArray::read_contiguous() -  name: orbit_info_rgt
1692827189,499,timing,elapsed_us,97026,start_us,1692827189575378,stop_us,1692827189672404,-,DmrppArray::read_contiguous() -  name: orbit_info_crossing_time
1692827190,499,timing,elapsed_us,102548,start_us,1692827190163868,stop_us,1692827190266416,-,DmrppArray::read_super_chunks_unconstrained_concurrent() -  name: gt2r_land_segments_canopy_h_canopy
1692827190,499,timing,elapsed_us,105406,start_us,1692827189936643,stop_us,1692827190042049,-,DmrppArray::read_super_chunks_unconstrained_concurrent() -  name: gt1r_land_segments_terrain_h_te_best_fit
1692827190,499,timing,elapsed_us,118874,start_us,1692827190795344,stop_us,1692827190914218,-,DmrppArray::read_super_chunks_unconstrained_concurrent() -  name: gt3l_land_segments_canopy_h_canopy
1692827190,499,timing,elapsed_us,160263,start_us,1692827190267161,stop_us,1692827190427424,-,DmrppArray::read_super_chunks_unconstrained_concurrent() -  name: gt2r_land_segments_terrain_h_te_best_fit
1692827190,499,timing,elapsed_us,23223,start_us,1692827190140239,stop_us,1692827190163462,-,DmrppArray::read_super_chunks_unconstrained_concurrent() -  name: gt1r_land_segments_latitude
1692827190,499,timing,elapsed_us,25674,start_us,1692827190427885,stop_us,1692827190453559,-,DmrppArray::read_super_chunks_unconstrained_concurrent() -  name: gt2r_land_segments_longitude
1692827190,499,timing,elapsed_us,33349,start_us,1692827190702111,stop_us,1692827190735460,-,DmrppArray::read_super_chunks_unconstrained_concurrent() -  name: gt1l_land_segments_longitude
1692827190,499,timing,elapsed_us,58708,start_us,1692827190735825,stop_us,1692827190794533,-,DmrppArray::read_super_chunks_unconstrained_concurrent() -  name: gt1l_land_segments_latitude
1692827190,499,timing,elapsed_us,60060,start_us,1692827190453938,stop_us,1692827190513998,-,DmrppArray::read_super_chunks_unconstrained_concurrent() -  name: gt2r_land_segments_latitude
1692827190,499,timing,elapsed_us,90514,start_us,1692827190610870,stop_us,1692827190701384,-,DmrppArray::read_super_chunks_unconstrained_concurrent() -  name: gt1l_land_segments_terrain_h_te_best_fit
1692827190,499,timing,elapsed_us,96054,start_us,1692827190514434,stop_us,1692827190610488,-,DmrppArray::read_super_chunks_unconstrained_concurrent() -  name: gt1l_land_segments_canopy_h_canopy
1692827190,499,timing,elapsed_us,97304,start_us,1692827190042471,stop_us,1692827190139775,-,DmrppArray::read_super_chunks_unconstrained_concurrent() -  name: gt1r_land_segments_longitude
1692827191,499,timing,elapsed_us,118725,start_us,1692827190914641,stop_us,1692827191033366,-,DmrppArray::read_super_chunks_unconstrained_concurrent() -  name: gt3l_land_segments_terrain_h_te_best_fit
1692827191,499,timing,elapsed_us,119537,start_us,1692827191323631,stop_us,1692827191443168,-,DmrppArray::read_super_chunks_unconstrained_concurrent() -  name: gt2l_land_segments_longitude
1692827191,499,timing,elapsed_us,121860,start_us,1692827191622882,stop_us,1692827191744742,-,DmrppArray::read_super_chunks_unconstrained_concurrent() -  name: gt3r_land_segments_terrain_h_te_best_fit
1692827191,499,timing,elapsed_us,26744,start_us,1692827191098743,stop_us,1692827191125487,-,DmrppArray::read_super_chunks_unconstrained_concurrent() -  name: gt3l_land_segments_latitude
1692827191,499,timing,elapsed_us,37423,start_us,1692827191843824,stop_us,1692827191881247,-,DmrppArray::read_super_chunks_unconstrained_concurrent() -  name: gt3r_land_segments_latitude
1692827191,499,timing,elapsed_us,5645809,start_us,1692827186235955,stop_us,1692827191881764,-,BESDapResponseBuilder::serialize_dap4_data() - Timer
1692827191,499,timing,elapsed_us,5646224,start_us,1692827186235563,stop_us,1692827191881787,http-nio-8080-exec-9:37[bes_client:/-1],get dap for d1 return as dap2; transmitting
1692827191,499,timing,elapsed_us,64537,start_us,1692827191033736,stop_us,1692827191098273,-,DmrppArray::read_super_chunks_unconstrained_concurrent() -  name: gt3l_land_segments_longitude
1692827191,499,timing,elapsed_us,8405101,start_us,1692827183476697,stop_us,1692827191881798,-,BESInterface::execute_request
1692827191,499,timing,elapsed_us,8406638,start_us,1692827183476672,stop_us,1692827191883310,-,BESServerHandler::execute
1692827191,499,timing,elapsed_us,87595,start_us,1692827191443606,stop_us,1692827191531201,-,DmrppArray::read_super_chunks_unconstrained_concurrent() -  name: gt2l_land_segments_latitude
1692827191,499,timing,elapsed_us,90541,start_us,1692827191531890,stop_us,1692827191622431,-,DmrppArray::read_super_chunks_unconstrained_concurrent() -  name: gt3r_land_segments_canopy_h_canopy
1692827191,499,timing,elapsed_us,96590,start_us,1692827191126171,stop_us,1692827191222761,-,DmrppArray::read_super_chunks_unconstrained_concurrent() -  name: gt2l_land_segments_canopy_h_canopy
1692827191,499,timing,elapsed_us,98233,start_us,1692827191745178,stop_us,1692827191843411,-,DmrppArray::read_super_chunks_unconstrained_concurrent() -  name: gt3r_land_segments_longitude
1692827191,499,timing,elapsed_us,99740,start_us,1692827191223397,stop_us,1692827191323137,-,DmrppArray::read_super_chunks_unconstrained_concurrent() -  name: gt2l_land_segments_terrain_h_te_best_fit
1692827192,499,timing,elapsed_us,218,start_us,1692827192007759,stop_us,1692827192007977,-,BESInterface::execute_request
1692827192,499,timing,elapsed_us,261,start_us,1692827192007748,stop_us,1692827192008009,-,BESServerHandler::execute
1692827192,499,timing,elapsed_us,7,start_us,1692827192007955,stop_us,1692827192007962,client: /-1:7,show status; transmitting
1692827195,499,timing,elapsed_us,11,start_us,1692827195125786,stop_us,1692827195125797,http-nio-8080-exec-6:34[bes_client:/-1],set container in ngap values ngapContainer,collections/C1241426872-NSIDC_CUAT/granules/ATL06_20200101021201_00820603_005_01.h5; transmitting
1692827195,499,timing,elapsed_us,11,start_us,1692827195126158,stop_us,1692827195126169,http-nio-8080-exec-6:34[bes_client:/-1],define d1 in default as ngapContainer with ngapContainer.dap4constraint="/orbit_info_rgt;/orbit_info_crossing_time;/gt3r_land_ice_segments_latitude[0:1:];/gt3r_land_ice_segments_longitude[0:1:];/gt3r_land_ice_segments_h_li[0:1:];/gt3r_land_ice_segments_delta_time[0:1:];/gt3l_land_ice_segments_latitude[0:1:];/gt3l_land_ice_segments_longitude[0:1:];/gt3l_land_ice_segments_h_li[0:1:];/gt3l_land_ice_segments_delta_time[0:1:];/gt2r_land_ice_segments_latitude[0:1:];/gt2r_land_ice_segments_longitude[0:1:];/gt2r_land_ice_segments_h_li[0:1:];/gt2r_land_ice_segments_delta_time[0:1:];/gt2l_land_ice_segments_latitude[0:1:];/gt2l_land_ice_segments_longitude[0:1:];/gt2l_land_ice_segments_h_li[0:1:];/gt2l_land_ice_segments_delta_time[0:1:];/gt1r_land_ice_segments_latitude[0:1:];/gt1r_land_ice_segments_longitude[0:1:];/gt1r_land_ice_segments_h_li[0:1:];/gt1r_land_ice_segments_delta_time[0:1:];/gt1l_land_ice_segments_latitude[0:1:];/gt1l_land_ice_segments_longitude[0:1:];/gt1l_land_ice_segments_h_li[0:1:];/gt1l_land_ice_segments_delta_time[0:1:]"; transmitting
1692827195,499,timing,elapsed_us,203806,start_us,1692827194920750,stop_us,1692827195124556,-,RemoteResource::get_url() - source url: https://cmr.uat.earthdata.nasa.gov/search/granules.umm_json_v1_4?collection_concept_id=C1241426872-NSIDC_CUAT&granule_ur=ATL06_20200101021201_00820603_005_01.h5
1692827197,499,timing,elapsed_us,116770,start_us,1692827197466540,stop_us,1692827197583310,-,DmrppArray::read_super_chunks_unconstrained_concurrent() -  name: gt1r_land_ice_segments_longitude
1692827197,499,timing,elapsed_us,21911,start_us,1692827197584366,stop_us,1692827197606277,-,DmrppArray::read_super_chunks_unconstrained_concurrent() -  name: gt1r_land_ice_segments_latitude
1692827197,499,timing,elapsed_us,22023,start_us,1692827197748547,stop_us,1692827197770570,-,DmrppArray::read_super_chunks_unconstrained_concurrent() -  name: gt1l_land_ice_segments_longitude
1692827197,499,timing,elapsed_us,2295450,start_us,1692827195127078,stop_us,1692827197422528,-,RemoteResource::get_url() - source url: https://data.nsidc.uat.earthdatacloud.nasa.gov/nsidc-cumulus-uat-protected/ATLAS/ATL06/005/2020/01/01/ATL06_20200101021201_00820603_005_01.h5.dmrpp
1692827197,499,timing,elapsed_us,23091,start_us,1692827197724702,stop_us,1692827197747793,-,DmrppArray::read_super_chunks_unconstrained_concurrent() -  name: gt2r_land_ice_segments_h_li
1692827197,499,timing,elapsed_us,24420,start_us,1692827197771768,stop_us,1692827197796188,-,DmrppArray::read_super_chunks_unconstrained_concurrent() -  name: gt1l_land_ice_segments_latitude
1692827197,499,timing,elapsed_us,26889,start_us,1692827197653078,stop_us,1692827197679967,-,DmrppArray::read_super_chunks_unconstrained_concurrent() -  name: gt2r_land_ice_segments_longitude
1692827197,499,timing,elapsed_us,32788,start_us,1692827197433269,stop_us,1692827197466057,-,DmrppArray::read_contiguous() -  name: orbit_info_rgt
1692827197,499,timing,elapsed_us,42408,start_us,1692827197681076,stop_us,1692827197723484,-,DmrppArray::read_super_chunks_unconstrained_concurrent() -  name: gt2r_land_ice_segments_latitude
1692827197,499,timing,elapsed_us,44988,start_us,1692827197607322,stop_us,1692827197652310,-,DmrppArray::read_super_chunks_unconstrained_concurrent() -  name: gt1r_land_ice_segments_h_li
1692827197,499,timing,elapsed_us,65775,start_us,1692827197797258,stop_us,1692827197863033,-,DmrppArray::read_super_chunks_unconstrained_concurrent() -  name: gt1l_land_ice_segments_h_li
1692827197,499,timing,elapsed_us,89894,start_us,1692827197864005,stop_us,1692827197953899,-,DmrppArray::read_super_chunks_unconstrained_concurrent() -  name: gt3l_land_ice_segments_longitude
1692827198,499,timing,elapsed_us,1012922,start_us,1692827197431765,stop_us,1692827198444687,-,BESDapResponseBuilder::serialize_dap4_data() - Timer
1692827198,499,timing,elapsed_us,1013337,start_us,1692827197431369,stop_us,1692827198444706,http-nio-8080-exec-6:34[bes_client:/-1],get dap for d1 return as dap2; transmitting
1692827198,499,timing,elapsed_us,105201,start_us,1692827198018208,stop_us,1692827198123409,-,DmrppArray::read_super_chunks_unconstrained_concurrent() -  name: gt3l_land_ice_segments_h_li
1692827198,499,timing,elapsed_us,160,start_us,1692827198605376,stop_us,1692827198605536,-,BESInterface::execute_request
1692827198,499,timing,elapsed_us,18406,start_us,1692827198426104,stop_us,1692827198444510,-,DmrppArray::read_contiguous() -  name: orbit_info_crossing_time
1692827198,499,timing,elapsed_us,199,start_us,1692827198605364,stop_us,1692827198605563,-,BESServerHandler::execute
1692827198,499,timing,elapsed_us,21423,start_us,1692827198183741,stop_us,1692827198205164,-,DmrppArray::read_super_chunks_unconstrained_concurrent() -  name: gt2l_land_ice_segments_h_li
1692827198,499,timing,elapsed_us,21932,start_us,1692827198229469,stop_us,1692827198251401,-,DmrppArray::read_super_chunks_unconstrained_concurrent() -  name: gt3r_land_ice_segments_latitude
1692827198,499,timing,elapsed_us,22163,start_us,1692827198402963,stop_us,1692827198425126,-,DmrppArray::read_super_chunks_unconstrained_concurrent() -  name: gt3r_land_ice_segments_delta_time
1692827198,499,timing,elapsed_us,22267,start_us,1692827198331027,stop_us,1692827198353294,-,DmrppArray::read_super_chunks_unconstrained_concurrent() -  name: gt2l_land_ice_segments_delta_time
1692827198,499,timing,elapsed_us,22479,start_us,1692827198205868,stop_us,1692827198228347,-,DmrppArray::read_super_chunks_unconstrained_concurrent() -  name: gt3r_land_ice_segments_longitude
1692827198,499,timing,elapsed_us,22907,start_us,1692827198159637,stop_us,1692827198182544,-,DmrppArray::read_super_chunks_unconstrained_concurrent() -  name: gt2l_land_ice_segments_latitude
1692827198,499,timing,elapsed_us,23007,start_us,1692827198306912,stop_us,1692827198329919,-,DmrppArray::read_super_chunks_unconstrained_concurrent() -  name: gt1r_land_ice_segments_delta_time
1692827198,499,timing,elapsed_us,23020,start_us,1692827198252778,stop_us,1692827198275798,-,DmrppArray::read_super_chunks_unconstrained_concurrent() -  name: gt3r_land_ice_segments_h_li
1692827198,499,timing,elapsed_us,23034,start_us,1692827198354347,stop_us,1692827198377381,-,DmrppArray::read_super_chunks_unconstrained_concurrent() -  name: gt2r_land_ice_segments_delta_time
1692827198,499,timing,elapsed_us,23099,start_us,1692827198378620,stop_us,1692827198401719,-,DmrppArray::read_super_chunks_unconstrained_concurrent() -  name: gt3l_land_ice_segments_delta_time
1692827198,499,timing,elapsed_us,28834,start_us,1692827198276553,stop_us,1692827198305387,-,DmrppArray::read_super_chunks_unconstrained_concurrent() -  name: gt1l_land_ice_segments_delta_time
1692827198,499,timing,elapsed_us,34311,start_us,1692827198124327,stop_us,1692827198158638,-,DmrppArray::read_super_chunks_unconstrained_concurrent() -  name: gt2l_land_ice_segments_longitude
1692827198,499,timing,elapsed_us,3528029,start_us,1692827194916690,stop_us,1692827198444719,-,BESInterface::execute_request
1692827198,499,timing,elapsed_us,3529306,start_us,1692827194916675,stop_us,1692827198445981,-,BESServerHandler::execute
1692827198,499,timing,elapsed_us,6,start_us,1692827198605518,stop_us,1692827198605524,client: /-1:9,show status; transmitting
1692827198,499,timing,elapsed_us,61280,start_us,1692827197955747,stop_us,1692827198017027,-,DmrppArray::read_super_chunks_unconstrained_concurrent() -  name: gt3l_land_ice_segments_latitude
1692827203,499,timing,elapsed_us,10,start_us,1692827203854080,stop_us,1692827203854090,http-nio-8080-exec-9:37[bes_client:/-1],set container in ngap values ngapContainer,collections/C1241426907-NSIDC_CUAT/granules/ATL08_20200101145654_00900605_005_01.h5; transmitting
1692827203,499,timing,elapsed_us,10,start_us,1692827203854287,stop_us,1692827203854297,http-nio-8080-exec-9:37[bes_client:/-1],define d1 in default as ngapContainer with ngapContainer.dap4constraint="/orbit_info_rgt;/orbit_info_crossing_time;/gt3r_land_segments_latitude[0:1:];/gt3r_land_segments_longitude[0:1:];/gt3r_land_segments_terrain_h_te_best_fit[0:1:];/gt3r_land_segments_canopy_h_canopy[0:1:];/gt3r_land_segments_delta_time[0:1:];/gt3l_land_segments_latitude[0:1:];/gt3l_land_segments_longitude[0:1:];/gt3l_land_segments_terrain_h_te_best_fit[0:1:];/gt3l_land_segments_canopy_h_canopy[0:1:];/gt3l_land_segments_delta_time[0:1:];/gt2r_land_segments_latitude[0:1:];/gt2r_land_segments_longitude[0:1:];/gt2r_land_segments_terrain_h_te_best_fit[0:1:];/gt2r_land_segments_canopy_h_canopy[0:1:];/gt2r_land_segments_delta_time[0:1:];/gt2l_land_segments_latitude[0:1:];/gt2l_land_segments_longitude[0:1:];/gt2l_land_segments_terrain_h_te_best_fit[0:1:];/gt2l_land_segments_canopy_h_canopy[0:1:];/gt2l_land_segments_delta_time[0:1:];/gt1r_land_segments_latitude[0:1:];/gt1r_land_segments_longitude[0:1:];/gt1r_land_segments_terrain_h_te_best_fit[0:1:];/gt1r_land_segments_canopy_h_canopy[0:1:];/gt1r_land_segments_delta_time[0:1:];/gt1l_land_segments_latitude[0:1:];/gt1l_land_segments_longitude[0:1:];/gt1l_land_segments_terrain_h_te_best_fit[0:1:];/gt1l_land_segments_canopy_h_canopy[0:1:];/gt1l_land_segments_delta_time[0:1:]"; transmitting
1692827203,499,timing,elapsed_us,392075,start_us,1692827203460800,stop_us,1692827203852875,-,RemoteResource::get_url() - source url: https://cmr.uat.earthdata.nasa.gov/search/granules.umm_json_v1_4?collection_concept_id=C1241426907-NSIDC_CUAT&granule_ur=ATL08_20200101145654_00900605_005_01.h5
1692827206,499,timing,elapsed_us,2590373,start_us,1692827203855358,stop_us,1692827206445731,-,RemoteResource::get_url() - source url: https://data.nsidc.uat.earthdatacloud.nasa.gov/nsidc-cumulus-uat-protected/ATLAS/ATL08/005/2020/01/01/ATL08_20200101145654_00900605_005_01.h5.dmrpp
1692827208,499,timing,elapsed_us,2463910,start_us,1692827206459936,stop_us,1692827208923846,-,CurlUtils::retrieve_effective_url() -  Following Redirects Starting With: https://data.nsidc.uat.earthdatacloud.nasa.gov/nsidc-cumulus-uat-protected/ATLAS/ATL08/005/2020/01/01/ATL08_20200101145654_00900605_005_01.h5
1692827209,499,timing,elapsed_us,110122,start_us,1692827209686168,stop_us,1692827209796290,-,DmrppArray::read_contiguous() -  name: gt3r_land_segments_delta_time
1692827209,499,timing,elapsed_us,116733,start_us,1692827209107174,stop_us,1692827209223907,-,DmrppArray::read_contiguous() -  name: gt1r_land_segments_delta_time
1692827209,499,timing,elapsed_us,146232,start_us,1692827209539625,stop_us,1692827209685857,-,DmrppArray::read_contiguous() -  name: gt3l_land_segments_delta_time
1692827209,499,timing,elapsed_us,152617,start_us,1692827209224211,stop_us,1692827209376828,-,DmrppArray::read_contiguous() -  name: gt2l_land_segments_delta_time
1692827209,499,timing,elapsed_us,162344,start_us,1692827209377052,stop_us,1692827209539396,-,DmrppArray::read_contiguous() -  name: gt2r_land_segments_delta_time
1692827209,499,timing,elapsed_us,2646999,start_us,1692827206459897,stop_us,1692827209106896,-,DmrppArray::read_contiguous() -  name: gt1l_land_segments_delta_time
1692827209,499,timing,elapsed_us,76749,start_us,1692827209893721,stop_us,1692827209970470,-,DmrppArray::read_contiguous() -  name: orbit_info_rgt
1692827209,499,timing,elapsed_us,97088,start_us,1692827209796549,stop_us,1692827209893637,-,DmrppArray::read_contiguous() -  name: orbit_info_crossing_time
1692827210,499,timing,elapsed_us,100979,start_us,1692827210828735,stop_us,1692827210929714,-,DmrppArray::read_contiguous() -  name: gt3l_land_segments_latitude
1692827210,499,timing,elapsed_us,101300,start_us,1692827210072399,stop_us,1692827210173699,-,DmrppArray::read_contiguous() -  name: gt1r_land_segments_terrain_h_te_best_fit
1692827210,499,timing,elapsed_us,101635,start_us,1692827209970582,stop_us,1692827210072217,-,DmrppArray::read_contiguous() -  name: gt1r_land_segments_canopy_h_canopy
1692827210,499,timing,elapsed_us,103181,start_us,1692827210238897,stop_us,1692827210342078,-,DmrppArray::read_contiguous() -  name: gt2r_land_segments_canopy_h_canopy
1692827210,499,timing,elapsed_us,18728,start_us,1692827210789617,stop_us,1692827210808345,-,DmrppArray::read_contiguous() -  name: gt3l_land_segments_terrain_h_te_best_fit
1692827210,499,timing,elapsed_us,20027,start_us,1692827210808518,stop_us,1692827210828545,-,DmrppArray::read_contiguous() -  name: gt3l_land_segments_longitude
1692827210,499,timing,elapsed_us,22625,start_us,1692827210215911,stop_us,1692827210238536,-,DmrppArray::read_contiguous() -  name: gt1r_land_segments_latitude
1692827210,499,timing,elapsed_us,27997,start_us,1692827210663937,stop_us,1692827210691934,-,DmrppArray::read_contiguous() -  name: gt1l_land_segments_latitude
1692827210,499,timing,elapsed_us,34039,start_us,1692827210629718,stop_us,1692827210663757,-,DmrppArray::read_contiguous() -  name: gt1l_land_segments_longitude
1692827210,499,timing,elapsed_us,37445,start_us,1692827210402036,stop_us,1692827210439481,-,DmrppArray::read_contiguous() -  name: gt2r_land_segments_longitude
1692827210,499,timing,elapsed_us,41703,start_us,1692827210173854,stop_us,1692827210215557,-,DmrppArray::read_contiguous() -  name: gt1r_land_segments_longitude
1692827210,499,timing,elapsed_us,56834,start_us,1692827210513215,stop_us,1692827210570049,-,DmrppArray::read_contiguous() -  name: gt1l_land_segments_canopy_h_canopy
1692827210,499,timing,elapsed_us,59358,start_us,1692827210570195,stop_us,1692827210629553,-,DmrppArray::read_contiguous() -  name: gt1l_land_segments_terrain_h_te_best_fit
1692827210,499,timing,elapsed_us,59446,start_us,1692827210342245,stop_us,1692827210401691,-,DmrppArray::read_contiguous() -  name: gt2r_land_segments_terrain_h_te_best_fit
1692827210,499,timing,elapsed_us,73234,start_us,1692827210439830,stop_us,1692827210513064,-,DmrppArray::read_contiguous() -  name: gt2r_land_segments_latitude
1692827210,499,timing,elapsed_us,97367,start_us,1692827210692078,stop_us,1692827210789445,-,DmrppArray::read_contiguous() -  name: gt3l_land_segments_canopy_h_canopy
1692827211,499,timing,elapsed_us,10,start_us,1692827211676300,stop_us,1692827211676310,client: /-1:11,show status; transmitting
1692827211,499,timing,elapsed_us,105938,start_us,1692827211229128,stop_us,1692827211335066,-,DmrppArray::read_contiguous() -  name: gt3r_land_segments_canopy_h_canopy
1692827211,499,timing,elapsed_us,113211,start_us,1692827211412723,stop_us,1692827211525934,-,DmrppArray::read_contiguous() -  name: gt3r_land_segments_longitude
1692827211,499,timing,elapsed_us,128250,start_us,1692827210930032,stop_us,1692827211058282,-,DmrppArray::read_contiguous() -  name: gt2l_land_segments_canopy_h_canopy
1692827211,499,timing,elapsed_us,196,start_us,1692827211676130,stop_us,1692827211676326,-,BESInterface::execute_request
1692827211,499,timing,elapsed_us,238,start_us,1692827211676118,stop_us,1692827211676356,-,BESServerHandler::execute
1692827211,499,timing,elapsed_us,29619,start_us,1692827211199216,stop_us,1692827211228835,-,DmrppArray::read_contiguous() -  name: gt2l_land_segments_latitude
1692827211,499,timing,elapsed_us,5158792,start_us,1692827206458459,stop_us,1692827211617251,-,BESDapResponseBuilder::serialize_dap4_data() - Timer
1692827211,499,timing,elapsed_us,5159185,start_us,1692827206458080,stop_us,1692827211617265,http-nio-8080-exec-9:37[bes_client:/-1],get dap for d1 return as dap2; transmitting
1692827211,499,timing,elapsed_us,64943,start_us,1692827211058565,stop_us,1692827211123508,-,DmrppArray::read_contiguous() -  name: gt2l_land_segments_terrain_h_te_best_fit
1692827211,499,timing,elapsed_us,75217,start_us,1692827211123844,stop_us,1692827211199061,-,DmrppArray::read_contiguous() -  name: gt2l_land_segments_longitude
1692827211,499,timing,elapsed_us,77093,start_us,1692827211335228,stop_us,1692827211412321,-,DmrppArray::read_contiguous() -  name: gt3r_land_segments_terrain_h_te_best_fit
1692827211,499,timing,elapsed_us,8160586,start_us,1692827203456686,stop_us,1692827211617272,-,BESInterface::execute_request
1692827211,499,timing,elapsed_us,8161763,start_us,1692827203456670,stop_us,1692827211618433,-,BESServerHandler::execute
1692827211,499,timing,elapsed_us,90708,start_us,1692827211526184,stop_us,1692827211616892,-,DmrppArray::read_contiguous() -  name: gt3r_land_segments_latitude
1692828687,499,timing,elapsed_us,216035,start_us,1692828687301129,stop_us,1692828687517164,-,RemoteResource::get_url() - source url: https://cmr.uat.earthdata.nasa.gov/search/granules.umm_json_v1_4?collection_concept_id=C1241426887-NSIDC_CUAT&granule_ur=ATL07-01_20200101015629_00820601_005_01.h5
1692828687,499,timing,elapsed_us,7,start_us,1692828687517481,stop_us,1692828687517488,http-nio-8080-exec-9:37[bes_client:/-1],set container in ngap values ngapContainer,collections/C1241426887-NSIDC_CUAT/granules/ATL07-01_20200101015629_00820601_005_01.h5; transmitting
1692828687,499,timing,elapsed_us,8,start_us,1692828687517769,stop_us,1692828687517777,http-nio-8080-exec-9:37[bes_client:/-1],define d1 in default as ngapContainer with ngapContainer.dap4constraint="/orbit_info_rgt;/orbit_info_crossing_time;/gt3r_sea_ice_segments_latitude[0:1024:];/gt3r_sea_ice_segments_longitude[0:1024:];/gt3r_sea_ice_segments_delta_time[0:1024:];/gt3l_sea_ice_segments_latitude[0:1024:];/gt3l_sea_ice_segments_longitude[0:1024:];/gt3l_sea_ice_segments_delta_time[0:1024:];/gt2r_sea_ice_segments_latitude[0:1024:];/gt2r_sea_ice_segments_longitude[0:1024:];/gt2r_sea_ice_segments_delta_time[0:1024:];/gt2l_sea_ice_segments_latitude[0:1024:];/gt2l_sea_ice_segments_longitude[0:1024:];/gt2l_sea_ice_segments_delta_time[0:1024:];/gt1r_sea_ice_segments_latitude[0:1024:];/gt1r_sea_ice_segments_longitude[0:1024:];/gt1r_sea_ice_segments_delta_time[0:1024:];/gt1l_sea_ice_segments_latitude[0:1024:];/gt1l_sea_ice_segments_longitude[0:1024:];/gt1l_sea_ice_segments_delta_time[0:1024:]"; transmitting
1692828689,499,timing,elapsed_us,2323478,start_us,1692828687518646,stop_us,1692828689842124,-,RemoteResource::get_url() - source url: https://data.nsidc.uat.earthdatacloud.nasa.gov/nsidc-cumulus-uat-protected/ATLAS/ATL07/005/2020/01/01/ATL07-01_20200101015629_00820601_005_01.h5.dmrpp
1692828692,499,timing,elapsed_us,2311237,start_us,1692828689859239,stop_us,1692828692170476,-,CurlUtils::retrieve_effective_url() -  Following Redirects Starting With: https://data.nsidc.uat.earthdatacloud.nasa.gov/nsidc-cumulus-uat-protected/ATLAS/ATL07/005/2020/01/01/ATL07-01_20200101015629_00820601_005_01.h5
1692828692,499,timing,elapsed_us,2404111,start_us,1692828689859194,stop_us,1692828692263305,-,DmrppArray::read_contiguous() -  name: orbit_info_rgt
1692828692,499,timing,elapsed_us,38181,start_us,1692828692776169,stop_us,1692828692814350,-,DmrppArray::read_super_chunks_concurrent() -  name: gt2l_sea_ice_segments_longitude
1692828692,499,timing,elapsed_us,38762,start_us,1692828692815340,stop_us,1692828692854102,-,DmrppArray::read_super_chunks_concurrent() -  name: gt2l_sea_ice_segments_latitude
1692828692,499,timing,elapsed_us,38910,start_us,1692828692416586,stop_us,1692828692455496,-,DmrppArray::read_super_chunks_concurrent() -  name: gt2r_sea_ice_segments_longitude
1692828692,499,timing,elapsed_us,41926,start_us,1692828692688431,stop_us,1692828692730357,-,DmrppArray::read_super_chunks_concurrent() -  name: gt3l_sea_ice_segments_longitude
1692828692,499,timing,elapsed_us,43880,start_us,1692828692731474,stop_us,1692828692775354,-,DmrppArray::read_super_chunks_concurrent() -  name: gt3l_sea_ice_segments_latitude
1692828692,499,timing,elapsed_us,50078,start_us,1692828692365478,stop_us,1692828692415556,-,DmrppArray::read_super_chunks_concurrent() -  name: gt1r_sea_ice_segments_latitude
1692828692,499,timing,elapsed_us,54408,start_us,1692828692633015,stop_us,1692828692687423,-,DmrppArray::read_super_chunks_concurrent() -  name: gt1l_sea_ice_segments_latitude
1692828692,499,timing,elapsed_us,71026,start_us,1692828692855396,stop_us,1692828692926422,-,DmrppArray::read_super_chunks_concurrent() -  name: gt3r_sea_ice_segments_longitude
1692828692,499,timing,elapsed_us,76084,start_us,1692828692456344,stop_us,1692828692532428,-,DmrppArray::read_super_chunks_concurrent() -  name: gt2r_sea_ice_segments_latitude
1692828692,499,timing,elapsed_us,98343,start_us,1692828692533545,stop_us,1692828692631888,-,DmrppArray::read_super_chunks_concurrent() -  name: gt1l_sea_ice_segments_longitude
1692828692,499,timing,elapsed_us,99357,start_us,1692828692264823,stop_us,1692828692364180,-,DmrppArray::read_super_chunks_concurrent() -  name: gt1r_sea_ice_segments_longitude
1692828693,499,timing,elapsed_us,100283,start_us,1692828693516258,stop_us,1692828693616541,-,DmrppArray::read_super_chunks_concurrent() -  name: gt3r_sea_ice_segments_delta_time
1692828693,499,timing,elapsed_us,104162,start_us,1692828693173012,stop_us,1692828693277174,-,DmrppArray::read_super_chunks_concurrent() -  name: gt1r_sea_ice_segments_delta_time
1692828693,499,timing,elapsed_us,144293,start_us,1692828693370925,stop_us,1692828693515218,-,DmrppArray::read_super_chunks_concurrent() -  name: gt3l_sea_ice_segments_delta_time
1692828693,499,timing,elapsed_us,146663,start_us,1692828692927649,stop_us,1692828693074312,-,DmrppArray::read_super_chunks_concurrent() -  name: gt3r_sea_ice_segments_latitude
1692828693,499,timing,elapsed_us,16754,start_us,1692828693616694,stop_us,1692828693633448,-,DmrppArray::read_contiguous() -  name: orbit_info_crossing_time
1692828693,499,timing,elapsed_us,3775808,start_us,1692828689857905,stop_us,1692828693633713,-,BESDapResponseBuilder::serialize_dap4_data() - Timer
1692828693,499,timing,elapsed_us,3776209,start_us,1692828689857545,stop_us,1692828693633754,http-nio-8080-exec-9:37[bes_client:/-1],get dap for d1 return as dap2; transmitting
1692828693,499,timing,elapsed_us,38189,start_us,1692828693331659,stop_us,1692828693369848,-,DmrppArray::read_super_chunks_concurrent() -  name: gt2r_sea_ice_segments_delta_time
1692828693,499,timing,elapsed_us,503,start_us,1692828693635001,stop_us,1692828693635504,-,BESInterface::execute_request
1692828693,499,timing,elapsed_us,52301,start_us,1692828693278336,stop_us,1692828693330637,-,DmrppArray::read_super_chunks_concurrent() -  name: gt2l_sea_ice_segments_delta_time
1692828693,499,timing,elapsed_us,530,start_us,1692828693634997,stop_us,1692828693635527,-,BESServerHandler::execute
1692828693,499,timing,elapsed_us,6,start_us,1692828693635490,stop_us,1692828693635496,client: /-1:13,show status; transmitting
1692828693,499,timing,elapsed_us,6337031,start_us,1692828687296752,stop_us,1692828693633783,-,BESInterface::execute_request
1692828693,499,timing,elapsed_us,6338261,start_us,1692828687296717,stop_us,1692828693634978,-,BESServerHandler::execute
1692828693,499,timing,elapsed_us,96424,start_us,1692828693075540,stop_us,1692828693171964,-,DmrppArray::read_super_chunks_concurrent() -  name: gt1l_sea_ice_segments_delta_time
1692829168,499,timing,elapsed_us,5,start_us,1692829168372254,stop_us,1692829168372259,http-nio-8080-exec-10:38[bes_client:/-1],define d1 in default as ngapContainer; transmitting
1692829168,499,timing,elapsed_us,7,start_us,1692829168371969,stop_us,1692829168371976,http-nio-8080-exec-10:38[bes_client:/-1],set container in ngap values ngapContainer,collections/C1259239346-POCUMULUS/granules/20230821140000-STAR-L2P_GHRSST-SSTsubskin-AHI_H09-ACSPO_V2.90-v02.0-fv01.0; transmitting
1692829168,499,timing,elapsed_us,821426,start_us,1692829167550194,stop_us,1692829168371620,-,RemoteResource::get_url() - source url: https://cmr.uat.earthdata.nasa.gov/search/granules.umm_json_v1_4?collection_concept_id=C1259239346-POCUMULUS&granule_ur=20230821140000-STAR-L2P_GHRSST-SSTsubskin-AHI_H09-ACSPO_V2.90-v02.0-fv01.0
1692829171,499,timing,elapsed_us,127,start_us,1692829171158313,stop_us,1692829171158440,-,BESServerHandler::execute
1692829171,499,timing,elapsed_us,2781487,start_us,1692829168373593,stop_us,1692829171155080,-,RemoteResource::get_url() - source url: https://archive.podaac.sit.earthdata.nasa.gov/podaac-sit-cumulus-protected/H09-AHI-L2P-ACSPO-v2.90/20230821140000-STAR-L2P_GHRSST-SSTsubskin-AHI_H09-ACSPO_V2.90-v02.0-fv01.0.nc.dmrpp
1692829171,499,timing,elapsed_us,3617363,start_us,1692829167540771,stop_us,1692829171158134,-,BESInterface::execute_request
1692829171,499,timing,elapsed_us,3617447,start_us,1692829167540735,stop_us,1692829171158182,-,BESServerHandler::execute
1692829171,499,timing,elapsed_us,472,start_us,1692829171157647,stop_us,1692829171158119,http-nio-8080-exec-10:38[bes_client:/-1],get dmr for d1 return as dap2; transmitting
1692829171,499,timing,elapsed_us,6,start_us,1692829171158403,stop_us,1692829171158409,client: /-1:15,show status; transmitting
1692829171,499,timing,elapsed_us,99,start_us,1692829171158318,stop_us,1692829171158417,-,BESInterface::execute_request
1692829345,499,timing,elapsed_us,218103,start_us,1692829345137082,stop_us,1692829345355185,-,RemoteResource::get_url() - source url: https://cmr.uat.earthdata.nasa.gov/search/granules.umm_json_v1_4?collection_concept_id=C1241426887-NSIDC_CUAT&granule_ur=ATL07-01_20200101015629_00820601_005_01.h5
1692829345,499,timing,elapsed_us,7,start_us,1692829345355454,stop_us,1692829345355461,http-nio-8080-exec-10:38[bes_client:/-1],set container in ngap values ngapContainer,collections/C1241426887-NSIDC_CUAT/granules/ATL07-01_20200101015629_00820601_005_01.h5; transmitting
1692829345,499,timing,elapsed_us,8,start_us,1692829345355534,stop_us,1692829345355542,http-nio-8080-exec-10:38[bes_client:/-1],define d1 in default as ngapContainer with ngapContainer.dap4constraint="/orbit_info_rgt;/orbit_info_crossing_time;/gt3r_sea_ice_segments_latitude[0:1024:];/gt3r_sea_ice_segments_longitude[0:1024:];/gt3r_sea_ice_segments_delta_time[0:1024:];/gt3l_sea_ice_segments_latitude[0:1024:];/gt3l_sea_ice_segments_longitude[0:1024:];/gt3l_sea_ice_segments_delta_time[0:1024:];/gt2r_sea_ice_segments_latitude[0:1024:];/gt2r_sea_ice_segments_longitude[0:1024:];/gt2r_sea_ice_segments_delta_time[0:1024:];/gt2l_sea_ice_segments_latitude[0:1024:];/gt2l_sea_ice_segments_longitude[0:1024:];/gt2l_sea_ice_segments_delta_time[0:1024:];/gt1r_sea_ice_segments_latitude[0:1024:];/gt1r_sea_ice_segments_longitude[0:1024:];/gt1r_sea_ice_segments_delta_time[0:1024:];/gt1l_sea_ice_segments_latitude[0:1024:];/gt1l_sea_ice_segments_longitude[0:1024:];/gt1l_sea_ice_segments_delta_time[0:1024:]"; transmitting
1692829347,499,timing,elapsed_us,2439150,start_us,1692829345357032,stop_us,1692829347796182,-,RemoteResource::get_url() - source url: https://data.nsidc.uat.earthdatacloud.nasa.gov/nsidc-cumulus-uat-protected/ATLAS/ATL07/005/2020/01/01/ATL07-01_20200101015629_00820601_005_01.h5.dmrpp
1692829347,499,timing,elapsed_us,70068,start_us,1692829347811384,stop_us,1692829347881452,-,DmrppArray::read_contiguous() -  name: orbit_info_rgt
1692829348,499,timing,elapsed_us,126194,start_us,1692829348297690,stop_us,1692829348423884,-,DmrppArray::read_super_chunks_concurrent() -  name: gt1r_sea_ice_segments_latitude
1692829348,499,timing,elapsed_us,199302,start_us,1692829348424969,stop_us,1692829348624271,-,DmrppArray::read_super_chunks_concurrent() -  name: gt2r_sea_ice_segments_longitude
1692829348,499,timing,elapsed_us,413562,start_us,1692829347882908,stop_us,1692829348296470,-,DmrppArray::read_super_chunks_concurrent() -  name: gt1r_sea_ice_segments_longitude
1692829348,499,timing,elapsed_us,50309,start_us,1692829348625345,stop_us,1692829348675654,-,DmrppArray::read_super_chunks_concurrent() -  name: gt2r_sea_ice_segments_latitude
1692829349,499,timing,elapsed_us,164019,start_us,1692829349667911,stop_us,1692829349831930,-,DmrppArray::read_super_chunks_concurrent() -  name: gt3l_sea_ice_segments_longitude
1692829349,499,timing,elapsed_us,252467,start_us,1692829349414436,stop_us,1692829349666903,-,DmrppArray::read_super_chunks_concurrent() -  name: gt1l_sea_ice_segments_latitude
1692829349,499,timing,elapsed_us,736479,start_us,1692829348676738,stop_us,1692829349413217,-,DmrppArray::read_super_chunks_concurrent() -  name: gt1l_sea_ice_segments_longitude
1692829350,499,timing,elapsed_us,151702,start_us,1692829350102963,stop_us,1692829350254665,-,DmrppArray::read_super_chunks_concurrent() -  name: gt2l_sea_ice_segments_longitude
1692829350,499,timing,elapsed_us,182816,start_us,1692829350811813,stop_us,1692829350994629,-,DmrppArray::read_super_chunks_concurrent() -  name: gt3r_sea_ice_segments_delta_time
1692829350,499,timing,elapsed_us,268976,start_us,1692829349833173,stop_us,1692829350102149,-,DmrppArray::read_super_chunks_concurrent() -  name: gt3l_sea_ice_segments_latitude
1692829350,499,timing,elapsed_us,40587,start_us,1692829350255493,stop_us,1692829350296080,-,DmrppArray::read_super_chunks_concurrent() -  name: gt2l_sea_ice_segments_latitude
1692829350,499,timing,elapsed_us,49559,start_us,1692829350676691,stop_us,1692829350726250,-,DmrppArray::read_super_chunks_concurrent() -  name: gt2r_sea_ice_segments_delta_time
1692829350,499,timing,elapsed_us,52951,start_us,1692829350622709,stop_us,1692829350675660,-,DmrppArray::read_super_chunks_concurrent() -  name: gt2l_sea_ice_segments_delta_time
1692829350,499,timing,elapsed_us,60343,start_us,1692829350386094,stop_us,1692829350446437,-,DmrppArray::read_super_chunks_concurrent() -  name: gt3r_sea_ice_segments_latitude
1692829350,499,timing,elapsed_us,75703,start_us,1692829350447404,stop_us,1692829350523107,-,DmrppArray::read_super_chunks_concurrent() -  name: gt1l_sea_ice_segments_delta_time
1692829350,499,timing,elapsed_us,83162,start_us,1692829350727474,stop_us,1692829350810636,-,DmrppArray::read_super_chunks_concurrent() -  name: gt3l_sea_ice_segments_delta_time
1692829350,499,timing,elapsed_us,87663,start_us,1692829350297346,stop_us,1692829350385009,-,DmrppArray::read_super_chunks_concurrent() -  name: gt3r_sea_ice_segments_longitude
1692829350,499,timing,elapsed_us,97619,start_us,1692829350524148,stop_us,1692829350621767,-,DmrppArray::read_super_chunks_concurrent() -  name: gt1r_sea_ice_segments_delta_time
1692829351,499,timing,elapsed_us,142,start_us,1692829351038741,stop_us,1692829351038883,-,BESInterface::execute_request
1692829351,499,timing,elapsed_us,170,start_us,1692829351038737,stop_us,1692829351038907,-,BESServerHandler::execute
1692829351,499,timing,elapsed_us,3227332,start_us,1692829347810084,stop_us,1692829351037416,-,BESDapResponseBuilder::serialize_dap4_data() - Timer
1692829351,499,timing,elapsed_us,3227717,start_us,1692829347809713,stop_us,1692829351037430,http-nio-8080-exec-10:38[bes_client:/-1],get dap for d1 return as dap2; transmitting
1692829351,499,timing,elapsed_us,42343,start_us,1692829350994786,stop_us,1692829351037129,-,DmrppArray::read_contiguous() -  name: orbit_info_crossing_time
1692829351,499,timing,elapsed_us,5,start_us,1692829351038870,stop_us,1692829351038875,client: /-1:17,show status; transmitting
1692829351,499,timing,elapsed_us,5904663,start_us,1692829345132775,stop_us,1692829351037438,-,BESInterface::execute_request
1692829351,499,timing,elapsed_us,5905975,start_us,1692829345132743,stop_us,1692829351038718,-,BESServerHandler::execute
1692829386,499,timing,elapsed_us,208642,start_us,1692829386369437,stop_us,1692829386578079,-,RemoteResource::get_url() - source url: https://cmr.uat.earthdata.nasa.gov/search/granules.umm_json_v1_4?collection_concept_id=C1241426887-NSIDC_CUAT&granule_ur=ATL07-01_20200101015629_00820601_005_01.h5
1692829386,499,timing,elapsed_us,6,start_us,1692829386578515,stop_us,1692829386578521,http-nio-8080-exec-4:32[bes_client:/-1],set container in ngap values ngapContainer,collections/C1241426887-NSIDC_CUAT/granules/ATL07-01_20200101015629_00820601_005_01.h5; transmitting
1692829386,499,timing,elapsed_us,8,start_us,1692829386578861,stop_us,1692829386578869,http-nio-8080-exec-4:32[bes_client:/-1],define d1 in default as ngapContainer with ngapContainer.dap4constraint="/orbit_info_rgt;/orbit_info_crossing_time;/gt3r_sea_ice_segments_latitude[0:1024:];/gt3r_sea_ice_segments_longitude[0:1024:];/gt3r_sea_ice_segments_delta_time[0:1024:];/gt3l_sea_ice_segments_latitude[0:1024:];/gt3l_sea_ice_segments_longitude[0:1024:];/gt3l_sea_ice_segments_delta_time[0:1024:];/gt2r_sea_ice_segments_latitude[0:1024:];/gt2r_sea_ice_segments_longitude[0:1024:];/gt2r_sea_ice_segments_delta_time[0:1024:];/gt2l_sea_ice_segments_latitude[0:1024:];/gt2l_sea_ice_segments_longitude[0:1024:];/gt2l_sea_ice_segments_delta_time[0:1024:];/gt1r_sea_ice_segments_latitude[0:1024:];/gt1r_sea_ice_segments_longitude[0:1024:];/gt1r_sea_ice_segments_delta_time[0:1024:];/gt1l_sea_ice_segments_latitude[0:1024:];/gt1l_sea_ice_segments_longitude[0:1024:];/gt1l_sea_ice_segments_delta_time[0:1024:]"; transmitting
1692829388,499,timing,elapsed_us,2293757,start_us,1692829386579751,stop_us,1692829388873508,-,RemoteResource::get_url() - source url: https://data.nsidc.uat.earthdatacloud.nasa.gov/nsidc-cumulus-uat-protected/ATLAS/ATL07/005/2020/01/01/ATL07-01_20200101015629_00820601_005_01.h5.dmrpp
1692829388,499,timing,elapsed_us,89483,start_us,1692829388890701,stop_us,1692829388980184,-,DmrppArray::read_contiguous() -  name: orbit_info_rgt
1692829389,499,timing,elapsed_us,143590,start_us,1692829388981557,stop_us,1692829389125147,-,DmrppArray::read_super_chunks_concurrent() -  name: gt1r_sea_ice_segments_longitude
1692829389,499,timing,elapsed_us,33347,start_us,1692829389899726,stop_us,1692829389933073,-,DmrppArray::read_super_chunks_concurrent() -  name: gt2l_sea_ice_segments_delta_time
1692829389,499,timing,elapsed_us,39556,start_us,1692829389225635,stop_us,1692829389265191,-,DmrppArray::read_super_chunks_concurrent() -  name: gt2r_sea_ice_segments_latitude
1692829389,499,timing,elapsed_us,39853,start_us,1692829389184932,stop_us,1692829389224785,-,DmrppArray::read_super_chunks_concurrent() -  name: gt2r_sea_ice_segments_longitude
1692829389,499,timing,elapsed_us,41327,start_us,1692829389308755,stop_us,1692829389350082,-,DmrppArray::read_super_chunks_concurrent() -  name: gt1l_sea_ice_segments_latitude
1692829389,499,timing,elapsed_us,41389,start_us,1692829389266138,stop_us,1692829389307527,-,DmrppArray::read_super_chunks_concurrent() -  name: gt1l_sea_ice_segments_longitude
1692829389,499,timing,elapsed_us,46976,start_us,1692829389770224,stop_us,1692829389817200,-,DmrppArray::read_super_chunks_concurrent() -  name: gt1l_sea_ice_segments_delta_time
1692829389,499,timing,elapsed_us,49678,start_us,1692829389934101,stop_us,1692829389983779,-,DmrppArray::read_super_chunks_concurrent() -  name: gt2r_sea_ice_segments_delta_time
1692829389,499,timing,elapsed_us,55382,start_us,1692829389537573,stop_us,1692829389592955,-,DmrppArray::read_super_chunks_concurrent() -  name: gt2l_sea_ice_segments_longitude
1692829389,499,timing,elapsed_us,55878,start_us,1692829389713243,stop_us,1692829389769121,-,DmrppArray::read_super_chunks_concurrent() -  name: gt3r_sea_ice_segments_latitude
1692829389,499,timing,elapsed_us,57465,start_us,1692829389126363,stop_us,1692829389183828,-,DmrppArray::read_super_chunks_concurrent() -  name: gt1r_sea_ice_segments_latitude
1692829389,499,timing,elapsed_us,57563,start_us,1692829389654468,stop_us,1692829389712031,-,DmrppArray::read_super_chunks_concurrent() -  name: gt3r_sea_ice_segments_longitude
1692829389,499,timing,elapsed_us,59514,start_us,1692829389593933,stop_us,1692829389653447,-,DmrppArray::read_super_chunks_concurrent() -  name: gt2l_sea_ice_segments_latitude
1692829389,499,timing,elapsed_us,80378,start_us,1692829389818310,stop_us,1692829389898688,-,DmrppArray::read_super_chunks_concurrent() -  name: gt1r_sea_ice_segments_delta_time
1692829389,499,timing,elapsed_us,84191,start_us,1692829389452357,stop_us,1692829389536548,-,DmrppArray::read_super_chunks_concurrent() -  name: gt3l_sea_ice_segments_latitude
1692829389,499,timing,elapsed_us,99834,start_us,1692829389351199,stop_us,1692829389451033,-,DmrppArray::read_super_chunks_concurrent() -  name: gt3l_sea_ice_segments_longitude
1692829390,499,timing,elapsed_us,1307685,start_us,1692829388889422,stop_us,1692829390197107,-,BESDapResponseBuilder::serialize_dap4_data() - Timer
1692829390,499,timing,elapsed_us,1308076,start_us,1692829388889055,stop_us,1692829390197131,http-nio-8080-exec-4:32[bes_client:/-1],get dap for d1 return as dap2; transmitting
1692829390,499,timing,elapsed_us,156,start_us,1692829390198848,stop_us,1692829390199004,-,BESInterface::execute_request
1692829390,499,timing,elapsed_us,188,start_us,1692829390198843,stop_us,1692829390199031,-,BESServerHandler::execute
1692829390,499,timing,elapsed_us,30577,start_us,1692829390166329,stop_us,1692829390196906,-,DmrppArray::read_contiguous() -  name: orbit_info_crossing_time
1692829390,499,timing,elapsed_us,3832387,start_us,1692829386364761,stop_us,1692829390197148,-,BESInterface::execute_request
1692829390,499,timing,elapsed_us,3834091,start_us,1692829386364722,stop_us,1692829390198813,-,BESServerHandler::execute
1692829390,499,timing,elapsed_us,7,start_us,1692829390198990,stop_us,1692829390198997,client: /-1:19,show status; transmitting
1692829390,499,timing,elapsed_us,89512,start_us,1692829390076676,stop_us,1692829390166188,-,DmrppArray::read_super_chunks_concurrent() -  name: gt3r_sea_ice_segments_delta_time
1692829390,499,timing,elapsed_us,90381,start_us,1692829389985007,stop_us,1692829390075388,-,DmrppArray::read_super_chunks_concurrent() -  name: gt3l_sea_ice_segments_delta_time
1692832920,499,timing,elapsed_us,226463,start_us,1692832920504175,stop_us,1692832920730638,-,RemoteResource::get_url() - source url: https://cmr.uat.earthdata.nasa.gov/search/granules.umm_json_v1_4?collection_concept_id=C1238618610-POCUMULUS&granule_ur=saildrone-gen_5-arctic_misst_2019_adcp-sd1036-20190514T230000-20191011T183000-5_minutes-v1.1580261088235
1692832920,499,timing,elapsed_us,6,start_us,1692832920731498,stop_us,1692832920731504,http-nio-8080-exec-10:38[bes_client:/-1],define d1 in default as ngapContainer; transmitting
1692832920,499,timing,elapsed_us,7,start_us,1692832920731165,stop_us,1692832920731172,http-nio-8080-exec-10:38[bes_client:/-1],set container in ngap values ngapContainer,collections/C1238618610-POCUMULUS/granules/saildrone-gen_5-arctic_misst_2019_adcp-sd1036-20190514T230000-20191011T183000-5_minutes-v1.1580261088235; transmitting
1692832923,499,timing,elapsed_us,2329882,start_us,1692832920734080,stop_us,1692832923063962,-,RemoteResource::get_url() - source url: https://archive.podaac.sit.earthdata.nasa.gov/podaac-sit-cumulus-protected/SAILDRONE_ARCTIC/saildrone-gen_5-arctic_misst_2019_adcp-sd1036-20190514T230000-20191011T183000-5_minutes-v1.1580261088235.nc.dmrpp
1692832923,499,timing,elapsed_us,9,start_us,1692832923066243,stop_us,1692832923066252,-,BESDapResponseBuilder::dap4_process_ce_for_intern_data() - Timer
1692832925,499,timing,elapsed_us,102101,start_us,1692832925444463,stop_us,1692832925546564,-,DmrppArray::read_contiguous() -  name: vehicle_vel_up
1692832925,499,timing,elapsed_us,2282619,start_us,1692832923078616,stop_us,1692832925361235,-,CurlUtils::retrieve_effective_url() -  Following Redirects Starting With: https://archive.podaac.sit.earthdata.nasa.gov/podaac-sit-cumulus-protected/SAILDRONE_ARCTIC/saildrone-gen_5-arctic_misst_2019_adcp-sd1036-20190514T230000-20191011T183000-5_minutes-v1.1580261088235.nc
1692832925,499,timing,elapsed_us,2365759,start_us,1692832923078507,stop_us,1692832925444266,-,DmrppArray::read_contiguous() -  name: pitch
1692832925,499,timing,elapsed_us,306677,start_us,1692832925546801,stop_us,1692832925853478,-,DmrppArray::read_contiguous() -  name: percent_good_3_beam
1692832925,499,timing,elapsed_us,58657,start_us,1692832925855361,stop_us,1692832925914018,-,DmrppArray::read_contiguous() -  name: nav_start_longitude
1692832925,499,timing,elapsed_us,85220,start_us,1692832925914152,stop_us,1692832925999372,-,DmrppArray::read_contiguous() -  name: bt_amp
1692832926,499,timing,elapsed_us,14999,start_us,1692832926320244,stop_us,1692832926335243,-,DmrppArray::read_contiguous() -  name: trajectory
1692832926,499,timing,elapsed_us,15188,start_us,1692832926129624,stop_us,1692832926144812,-,DmrppArray::read_contiguous() -  name: heading
1692832926,499,timing,elapsed_us,173530,start_us,1692832926144914,stop_us,1692832926318444,-,DmrppArray::read_contiguous() -  name: error_vel
1692832926,499,timing,elapsed_us,17400,start_us,1692832926092681,stop_us,1692832926110081,-,DmrppArray::read_contiguous() -  name: time
1692832926,499,timing,elapsed_us,18533,start_us,1692832925999573,stop_us,1692832926018106,-,DmrppArray::read_contiguous() -  name: bt_vel_north
1692832926,499,timing,elapsed_us,19216,start_us,1692832926110182,stop_us,1692832926129398,-,DmrppArray::read_contiguous() -  name: nav_end_longitude
1692832926,499,timing,elapsed_us,26807,start_us,1692832926065599,stop_us,1692832926092406,-,DmrppArray::read_contiguous() -  name: vehicle_vel_north
1692832926,499,timing,elapsed_us,28994,start_us,1692832926433080,stop_us,1692832926462074,-,DmrppArray::read_contiguous() -  name: longitude
1692832926,499,timing,elapsed_us,47061,start_us,1692832926018308,stop_us,1692832926065369,-,DmrppArray::read_contiguous() -  name: bt_vel_east
1692832926,499,timing,elapsed_us,97562,start_us,1692832926335396,stop_us,1692832926432958,-,DmrppArray::read_contiguous() -  name: nav_start_latitude
1692832927,499,timing,elapsed_us,15182,start_us,1692832927868127,stop_us,1692832927883309,-,DmrppArray::read_contiguous() -  name: roll
1692832927,499,timing,elapsed_us,16038,start_us,1692832927649246,stop_us,1692832927665284,-,DmrppArray::read_contiguous() -  name: vehicle_vel_east
1692832927,499,timing,elapsed_us,166448,start_us,1692832927479945,stop_us,1692832927646393,-,DmrppArray::read_contiguous() -  name: vel_east
1692832927,499,timing,elapsed_us,16781,start_us,1692832927463018,stop_us,1692832927479799,-,DmrppArray::read_contiguous() -  name: latitude
1692832927,499,timing,elapsed_us,202533,start_us,1692832927665442,stop_us,1692832927867975,-,DmrppArray::read_contiguous() -  name: bt_percent_good
1692832927,499,timing,elapsed_us,28584,start_us,1692832927883406,stop_us,1692832927911990,-,DmrppArray::read_contiguous() -  name: nav_start_time
1692832927,499,timing,elapsed_us,614853,start_us,1692832926462174,stop_us,1692832927077027,-,DmrppArray::read_contiguous() -  name: correlation
1692832928,499,timing,elapsed_us,16150,start_us,1692832928919070,stop_us,1692832928935220,-,DmrppArray::read_contiguous() -  name: bt_vel_up
1692832928,499,timing,elapsed_us,16495,start_us,1692832928902334,stop_us,1692832928918829,-,DmrppArray::read_contiguous() -  name: nav_end_time
1692832928,499,timing,elapsed_us,22795,start_us,1692832928879340,stop_us,1692832928902135,-,DmrppArray::read_contiguous() -  name: bt_range
1692832928,499,timing,elapsed_us,610450,start_us,1692832927912087,stop_us,1692832928522537,-,DmrppArray::read_contiguous() -  name: echo_intensity
1692832929,499,timing,elapsed_us,14787,start_us,1692832929121765,stop_us,1692832929136552,-,DmrppArray::read_contiguous() -  name: cell_depth
1692832929,499,timing,elapsed_us,155424,start_us,1692832929548175,stop_us,1692832929703599,-,DmrppArray::read_contiguous() -  name: vel_north
1692832929,499,timing,elapsed_us,16925,start_us,1692832929136749,stop_us,1692832929153674,-,DmrppArray::read_contiguous() -  name: nav_end_latitude
1692832929,499,timing,elapsed_us,183290,start_us,1692832929174778,stop_us,1692832929358068,-,DmrppArray::read_contiguous() -  name: percent_good_4_beam
1692832929,499,timing,elapsed_us,183663,start_us,1692832928935316,stop_us,1692832929118979,-,DmrppArray::read_contiguous() -  name: percent_good
1692832929,499,timing,elapsed_us,185707,start_us,1692832929359723,stop_us,1692832929545430,-,DmrppArray::read_contiguous() -  name: vel_up
1692832929,499,timing,elapsed_us,20844,start_us,1692832929153785,stop_us,1692832929174629,-,DmrppArray::read_contiguous() -  name: bt_cor
1692832931,499,timing,elapsed_us,11358861,start_us,1692832920492772,stop_us,1692832931851633,-,BESInterface::execute_request
1692832931,499,timing,elapsed_us,11358927,start_us,1692832920492736,stop_us,1692832931851663,-,BESServerHandler::execute
1692832931,499,timing,elapsed_us,8785436,start_us,1692832923066162,stop_us,1692832931851598,http-nio-8080-exec-10:38[bes_client:/-1],get dap for d1 return as netcdf-4; transmitting
1692832932,499,timing,elapsed_us,215,start_us,1692832932381966,stop_us,1692832932382181,-,BESInterface::execute_request
1692832932,499,timing,elapsed_us,273,start_us,1692832932381949,stop_us,1692832932382222,-,BESServerHandler::execute
1692832932,499,timing,elapsed_us,7,start_us,1692832932382158,stop_us,1692832932382165,client: /-1:21,show status; transmitting
1692835101,499,timing,elapsed_us,1009829,start_us,1692835100522107,stop_us,1692835101531936,-,RemoteResource::get_url() - source url: https://cmr.uat.earthdata.nasa.gov/search/granules.umm_json_v1_4?collection_concept_id=C1259239381-POCUMULUS&granule_ur=20230821130000-STAR-L3C_GHRSST-SSTsubskin-AHI_H09-ACSPO_V2.90-v02.0-fv01.0
1692835101,499,timing,elapsed_us,6,start_us,1692835101532199,stop_us,1692835101532205,http-nio-8080-exec-6:34[bes_client:/-1],define d1 in default as ngapContainer; transmitting
1692835101,499,timing,elapsed_us,7,start_us,1692835101532130,stop_us,1692835101532137,http-nio-8080-exec-6:34[bes_client:/-1],set container in ngap values ngapContainer,collections/C1259239381-POCUMULUS/granules/20230821130000-STAR-L3C_GHRSST-SSTsubskin-AHI_H09-ACSPO_V2.90-v02.0-fv01.0; transmitting
1692835104,499,timing,elapsed_us,125,start_us,1692835104281176,stop_us,1692835104281301,-,BESServerHandler::execute
1692835104,499,timing,elapsed_us,21,start_us,1692835104275502,stop_us,1692835104275523,-,BESDapResponseBuilder::dap4_process_ce_for_intern_data() - Timer
1692835104,499,timing,elapsed_us,2740082,start_us,1692835101533549,stop_us,1692835104273631,-,RemoteResource::get_url() - source url: https://archive.podaac.sit.earthdata.nasa.gov/podaac-sit-cumulus-protected/H09-AHI-L3C-ACSPO-v2.90/20230821130000-STAR-L3C_GHRSST-SSTsubskin-AHI_H09-ACSPO_V2.90-v02.0-fv01.0.nc.dmrpp
1692835104,499,timing,elapsed_us,3763120,start_us,1692835100512756,stop_us,1692835104275876,-,BESInterface::execute_request
1692835104,499,timing,elapsed_us,3763216,start_us,1692835100512718,stop_us,1692835104275934,-,BESServerHandler::execute
1692835104,499,timing,elapsed_us,401,start_us,1692835104275382,stop_us,1692835104275783,http-nio-8080-exec-6:34[bes_client:/-1],get dap for d1 return as netcdf; transmitting
1692835104,499,timing,elapsed_us,6,start_us,1692835104281257,stop_us,1692835104281263,client: /-1:23,show status; transmitting
1692835104,499,timing,elapsed_us,89,start_us,1692835104281187,stop_us,1692835104281276,-,BESInterface::execute_request
1692835422,499,timing,elapsed_us,6,start_us,1692835422732047,stop_us,1692835422732053,http-nio-8080-exec-4:32[bes_client:/-1],set container in ngap values ngapContainer,collections/C1259239381-POCUMULUS/granules/20230821130000-STAR-L3C_GHRSST-SSTsubskin-AHI_H09-ACSPO_V2.90-v02.0-fv01.0; transmitting
1692835422,499,timing,elapsed_us,6,start_us,1692835422732122,stop_us,1692835422732128,http-nio-8080-exec-4:32[bes_client:/-1],define d1 in default as ngapContainer; transmitting
1692835422,499,timing,elapsed_us,689148,start_us,1692835422042468,stop_us,1692835422731616,-,RemoteResource::get_url() - source url: https://cmr.uat.earthdata.nasa.gov/search/granules.umm_json_v1_4?collection_concept_id=C1259239381-POCUMULUS&granule_ur=20230821130000-STAR-L3C_GHRSST-SSTsubskin-AHI_H09-ACSPO_V2.90-v02.0-fv01.0
1692835425,499,timing,elapsed_us,106,start_us,1692835425046681,stop_us,1692835425046787,-,BESInterface::execute_request
1692835425,499,timing,elapsed_us,136,start_us,1692835425046675,stop_us,1692835425046811,-,BESServerHandler::execute
1692835425,499,timing,elapsed_us,2311015,start_us,1692835422733534,stop_us,1692835425044549,-,RemoteResource::get_url() - source url: https://archive.podaac.sit.earthdata.nasa.gov/podaac-sit-cumulus-protected/H09-AHI-L3C-ACSPO-v2.90/20230821130000-STAR-L3C_GHRSST-SSTsubskin-AHI_H09-ACSPO_V2.90-v02.0-fv01.0.nc.dmrpp
1692835425,499,timing,elapsed_us,3013745,start_us,1692835422032759,stop_us,1692835425046504,-,BESInterface::execute_request
1692835425,499,timing,elapsed_us,3013844,start_us,1692835422032723,stop_us,1692835425046567,-,BESServerHandler::execute
1692835425,499,timing,elapsed_us,488,start_us,1692835425046000,stop_us,1692835425046488,http-nio-8080-exec-4:32[bes_client:/-1],get dmr for d1 return as dap2; transmitting
1692835425,499,timing,elapsed_us,5,start_us,1692835425046775,stop_us,1692835425046780,client: /-1:25,show status; transmitting
1692835620,499,timing,elapsed_us,432059,start_us,1692835619721896,stop_us,1692835620153955,-,RemoteResource::get_url() - source url: https://cmr.uat.earthdata.nasa.gov/search/granules.umm_json_v1_4?collection_concept_id=C1259239346-POCUMULUS&granule_ur=20230821140000-STAR-L2P_GHRSST-SSTsubskin-AHI_H09-ACSPO_V2.90-v02.0-fv01.0
1692835620,499,timing,elapsed_us,5,start_us,1692835620154537,stop_us,1692835620154542,http-nio-8080-exec-3:31[bes_client:/-1],define d1 in default as ngapContainer; transmitting
1692835620,499,timing,elapsed_us,6,start_us,1692835620154465,stop_us,1692835620154471,http-nio-8080-exec-3:31[bes_client:/-1],set container in ngap values ngapContainer,collections/C1259239346-POCUMULUS/granules/20230821140000-STAR-L2P_GHRSST-SSTsubskin-AHI_H09-ACSPO_V2.90-v02.0-fv01.0; transmitting
1692835622,499,timing,elapsed_us,11,start_us,1692835622427954,stop_us,1692835622427965,-,BESDapResponseBuilder::dap4_process_ce_for_intern_data() - Timer
1692835622,499,timing,elapsed_us,2270503,start_us,1692835620155848,stop_us,1692835622426351,-,RemoteResource::get_url() - source url: https://archive.podaac.sit.earthdata.nasa.gov/podaac-sit-cumulus-protected/H09-AHI-L2P-ACSPO-v2.90/20230821140000-STAR-L2P_GHRSST-SSTsubskin-AHI_H09-ACSPO_V2.90-v02.0-fv01.0.nc.dmrpp
1692835624,499,timing,elapsed_us,18904,start_us,1692835624776447,stop_us,1692835624795351,-,DmrppArray::read_contiguous() -  name: ni
1692835624,499,timing,elapsed_us,191795,start_us,1692835624795731,stop_us,1692835624987526,-,DmrppArray::read_super_chunks_unconstrained_concurrent() -  name: brightness_temperature_11um2
1692835624,499,timing,elapsed_us,2276438,start_us,1692835622436989,stop_us,1692835624713427,-,CurlUtils::retrieve_effective_url() -  Following Redirects Starting With: https://archive.podaac.sit.earthdata.nasa.gov/podaac-sit-cumulus-protected/H09-AHI-L2P-ACSPO-v2.90/20230821140000-STAR-L2P_GHRSST-SSTsubskin-AHI_H09-ACSPO_V2.90-v02.0-fv01.0.nc
1692835624,499,timing,elapsed_us,2313878,start_us,1692835622436883,stop_us,1692835624750761,-,DmrppArray::read_contiguous() -  name: nj
1692835624,499,timing,elapsed_us,25417,start_us,1692835624750965,stop_us,1692835624776382,-,DmrppArray::read_contiguous() -  name: time
1692835625,499,timing,elapsed_us,132651,start_us,1692835625680396,stop_us,1692835625813047,-,DmrppArray::read_super_chunks_unconstrained_concurrent() -  name: brightness_temperature_08um6
1692835626,499,timing,elapsed_us,76352,start_us,1692835626508208,stop_us,1692835626584560,-,DmrppArray::read_super_chunks_unconstrained_concurrent() -  name: sst_dtime
1692835627,499,timing,elapsed_us,368862,start_us,1692835627145402,stop_us,1692835627514264,-,DmrppArray::read_super_chunks_unconstrained_concurrent() -  name: sst_front_position
1692835627,499,timing,elapsed_us,49674,start_us,1692835627684775,stop_us,1692835627734449,-,DmrppArray::read_super_chunks_unconstrained_concurrent() -  name: l2p_flags
1692835628,499,timing,elapsed_us,107568,start_us,1692835628277300,stop_us,1692835628384868,-,DmrppArray::read_super_chunks_unconstrained_concurrent() -  name: sea_surface_temperature
1692835629,499,timing,elapsed_us,103825,start_us,1692835629323498,stop_us,1692835629427323,-,DmrppArray::read_super_chunks_unconstrained_concurrent() -  name: dt_analysis
1692835629,499,timing,elapsed_us,44099,start_us,1692835629075538,stop_us,1692835629119637,-,DmrppArray::read_super_chunks_unconstrained_concurrent() -  name: quality_level
1692835630,499,timing,elapsed_us,111829,start_us,1692835630125495,stop_us,1692835630237324,-,DmrppArray::read_super_chunks_unconstrained_concurrent() -  name: brightness_temperature_12um3
1692835631,499,timing,elapsed_us,119087,start_us,1692835630931787,stop_us,1692835631050874,-,DmrppArray::read_super_chunks_unconstrained_concurrent() -  name: satellite_zenith_angle
1692835631,499,timing,elapsed_us,44170,start_us,1692835631757451,stop_us,1692835631801621,-,DmrppArray::read_super_chunks_unconstrained_concurrent() -  name: sst_gradient_magnitude
1692835632,499,timing,elapsed_us,111641,start_us,1692835632685262,stop_us,1692835632796903,-,DmrppArray::read_super_chunks_unconstrained_concurrent() -  name: brightness_temperature_10um4
1692835632,499,timing,elapsed_us,82067,start_us,1692835632342352,stop_us,1692835632424419,-,DmrppArray::read_super_chunks_unconstrained_concurrent() -  name: wind_speed
1692835633,499,timing,elapsed_us,78861,start_us,1692835633490760,stop_us,1692835633569621,-,DmrppArray::read_super_chunks_unconstrained_concurrent() -  name: sses_bias
1692835634,499,timing,elapsed_us,178919,start_us,1692835633832487,stop_us,1692835634011406,-,DmrppArray::read_super_chunks_unconstrained_concurrent() -  name: sses_standard_deviation
1692835637,499,timing,elapsed_us,15311282,start_us,1692835622427885,stop_us,1692835637739167,http-nio-8080-exec-3:31[bes_client:/-1],get dap for d1 return as netcdf-4; transmitting
1692835637,499,timing,elapsed_us,18026526,start_us,1692835619712692,stop_us,1692835637739218,-,BESInterface::execute_request
1692835637,499,timing,elapsed_us,18026619,start_us,1692835619712666,stop_us,1692835637739285,-,BESServerHandler::execute
1692835638,499,timing,elapsed_us,256,start_us,1692835638159713,stop_us,1692835638159969,-,BESInterface::execute_request
1692835638,499,timing,elapsed_us,314,start_us,1692835638159699,stop_us,1692835638160013,-,BESServerHandler::execute
1692835638,499,timing,elapsed_us,9,start_us,1692835638159943,stop_us,1692835638159952,client: /-1:27,show status; transmitting
1692867629,499,timing,elapsed_us,209772,start_us,1692867629228836,stop_us,1692867629438608,-,RemoteResource::get_url() - source url: https://cmr.uat.earthdata.nasa.gov/search/granules.umm_json_v1_4?collection_concept_id=C1241426907-NSIDC_CUAT&granule_ur=ATL08_20200103082227_01160610_005_01.h5
1692867629,499,timing,elapsed_us,4,start_us,1692867629439058,stop_us,1692867629439062,http-nio-8080-exec-1:29[bes_client:/-1],define d1 in default as ngapContainer; transmitting
1692867629,499,timing,elapsed_us,7,start_us,1692867629438992,stop_us,1692867629438999,http-nio-8080-exec-1:29[bes_client:/-1],set container in ngap values ngapContainer,collections/C1241426907-NSIDC_CUAT/granules/ATL08_20200103082227_01160610_005_01.h5; transmitting
1692867631,499,timing,elapsed_us,182,start_us,1692867631867605,stop_us,1692867631867787,-,BESInterface::execute_request
1692867631,499,timing,elapsed_us,218,start_us,1692867631867599,stop_us,1692867631867817,-,BESServerHandler::execute
1692867631,499,timing,elapsed_us,2408073,start_us,1692867629439922,stop_us,1692867631847995,-,RemoteResource::get_url() - source url: https://data.nsidc.uat.earthdatacloud.nasa.gov/nsidc-cumulus-uat-protected/ATLAS/ATL08/005/2020/01/03/ATL08_20200103082227_01160610_005_01.h5.dmrpp
1692867631,499,timing,elapsed_us,2633568,start_us,1692867629224707,stop_us,1692867631858275,-,BESInterface::execute_request
1692867631,499,timing,elapsed_us,2634023,start_us,1692867629224679,stop_us,1692867631858702,-,BESServerHandler::execute
1692867631,499,timing,elapsed_us,4658,start_us,1692867631853599,stop_us,1692867631858257,http-nio-8080-exec-1:29[bes_client:/-1],get dmr for d1 return as dap2; transmitting
1692867631,499,timing,elapsed_us,7,start_us,1692867631867768,stop_us,1692867631867775,client: /-1:29,show status; transmitting
1692876849,499,timing,elapsed_us,6,start_us,1692876849185939,stop_us,1692876849185945,[http-nio-8080-exec-7:35:ngap_request][bes_client:/-1],define d1 in default as ngapContainer; transmitting
1692876849,499,timing,elapsed_us,7,start_us,1692876849185805,stop_us,1692876849185812,[http-nio-8080-exec-7:35:ngap_request][bes_client:/-1],set container in ngap values ngapContainer,collections/C1225808238-GES_DISC/granules/GPM_3IMERGHH.06:3B-HHR.MS.MRG.3IMERG.20210930-S000000-E002959.0000.V06B.HDF5; transmitting
1692876849,499,timing,elapsed_us,825949,start_us,1692876848359469,stop_us,1692876849185418,-,RemoteResource::get_url() - source url: https://cmr.uat.earthdata.nasa.gov/search/granules.umm_json_v1_4?collection_concept_id=C1225808238-GES_DISC&granule_ur=GPM_3IMERGHH.06%3A3B-HHR.MS.MRG.3IMERG.20210930-S000000-E002959.0000.V06B.HDF5
1692876851,499,timing,elapsed_us,113,start_us,1692876851966170,stop_us,1692876851966283,-,BESInterface::execute_request
1692876851,499,timing,elapsed_us,151,start_us,1692876851966158,stop_us,1692876851966309,-,BESServerHandler::execute
1692876851,499,timing,elapsed_us,244,start_us,1692876851965488,stop_us,1692876851965732,[http-nio-8080-exec-7:35:ngap_request][bes_client:/-1],get ddx for d1 return as dap2; transmitting
1692876851,499,timing,elapsed_us,2777016,start_us,1692876849186860,stop_us,1692876851963876,-,RemoteResource::get_url() - source url: https://data.gesdisc.uat.earthdata.nasa.gov/data/GPM_L3/GPM_3IMERGHH.06/2021/273/3B-HHR.MS.MRG.3IMERG.20210930-S000000-E002959.0000.V06B.HDF5.dmrpp
1692876851,499,timing,elapsed_us,340,start_us,1692876851965128,stop_us,1692876851965468,[http-nio-8080-exec-7:35:ngap_request][bes_client:/-1],DmrppRequestHandler::dap_build_dds() - timer
1692876851,499,timing,elapsed_us,3612988,start_us,1692876848352755,stop_us,1692876851965743,-,BESInterface::execute_request
1692876851,499,timing,elapsed_us,3613067,start_us,1692876848352719,stop_us,1692876851965786,-,BESServerHandler::execute
1692876851,499,timing,elapsed_us,7,start_us,1692876851966266,stop_us,1692876851966273,client: /-1:31,show status; transmitting
1692884006,499,timing,elapsed_us,4,start_us,1692884006922950,stop_us,1692884006922954,[http-nio-8080-exec-7:35:ngap_request][bes_client:/-1],define d1 in default as ngapContainer; transmitting
1692884006,499,timing,elapsed_us,6,start_us,1692884006922887,stop_us,1692884006922893,[http-nio-8080-exec-7:35:ngap_request][bes_client:/-1],set container in ngap values ngapContainer,collections/C1225808238-GES_DISC/granules/GPM_3IMERGHH.06:3B-HHR.MS.MRG.3IMERG.20210930-S000000-E002959.0000.V06B.HDF5; transmitting
1692884006,499,timing,elapsed_us,671042,start_us,1692884006251433,stop_us,1692884006922475,-,RemoteResource::get_url() - source url: https://cmr.uat.earthdata.nasa.gov/search/granules.umm_json_v1_4?collection_concept_id=C1225808238-GES_DISC&granule_ur=GPM_3IMERGHH.06%3A3B-HHR.MS.MRG.3IMERG.20210930-S000000-E002959.0000.V06B.HDF5
1692884010,499,timing,elapsed_us,101,start_us,1692884010333087,stop_us,1692884010333188,-,BESInterface::execute_request
1692884010,499,timing,elapsed_us,129,start_us,1692884010333082,stop_us,1692884010333211,-,BESServerHandler::execute
1692884010,499,timing,elapsed_us,266,start_us,1692884010332561,stop_us,1692884010332827,[http-nio-8080-exec-7:35:ngap_request][bes_client:/-1],get ddx for d1 return as dap2; transmitting
1692884010,499,timing,elapsed_us,3406656,start_us,1692884006923868,stop_us,1692884010330524,-,RemoteResource::get_url() - source url: https://data.gesdisc.uat.earthdata.nasa.gov/data/GPM_L3/GPM_3IMERGHH.06/2021/273/3B-HHR.MS.MRG.3IMERG.20210930-S000000-E002959.0000.V06B.HDF5.dmrpp
1692884010,499,timing,elapsed_us,4088090,start_us,1692884006244751,stop_us,1692884010332841,-,BESInterface::execute_request
1692884010,499,timing,elapsed_us,4088172,start_us,1692884006244718,stop_us,1692884010332890,-,BESServerHandler::execute
1692884010,499,timing,elapsed_us,6,start_us,1692884010333168,stop_us,1692884010333174,client: /-1:33,show status; transmitting
1692884010,499,timing,elapsed_us,681,start_us,1692884010331864,stop_us,1692884010332545,[http-nio-8080-exec-7:35:ngap_request][bes_client:/-1],DmrppRequestHandler::dap_build_dds() - timer
1692890166,499,timing,elapsed_us,211117,start_us,1692890166597141,stop_us,1692890166808258,-,RemoteResource::get_url() - source url: https://cmr.uat.earthdata.nasa.gov/search/granules.umm_json_v1_4?collection_concept_id=C1241426907-NSIDC_CUAT&granule_ur=ATL08_20200101145654_00900605_005_01.h5
1692890166,499,timing,elapsed_us,5,start_us,1692890166808768,stop_us,1692890166808773,http-nio-8080-exec-5:33[bes_client:/-1],define d1 in default as ngapContainer with ngapContainer.dap4constraint="/orbit_info_rgt;/orbit_info_crossing_time;/gt3r_land_segments_latitude[0:64:];/gt3r_land_segments_longitude[0:64:];/gt3r_land_segments_delta_time[0:64:];/gt3l_land_segments_latitude[0:64:];/gt3l_land_segments_longitude[0:64:];/gt3l_land_segments_delta_time[0:64:];/gt2r_land_segments_latitude[0:64:];/gt2r_land_segments_longitude[0:64:];/gt2r_land_segments_delta_time[0:64:];/gt2l_land_segments_latitude[0:64:];/gt2l_land_segments_longitude[0:64:];/gt2l_land_segments_delta_time[0:64:];/gt1r_land_segments_latitude[0:64:];/gt1r_land_segments_longitude[0:64:];/gt1r_land_segments_delta_time[0:64:];/gt1l_land_segments_latitude[0:64:];/gt1l_land_segments_longitude[0:64:];/gt1l_land_segments_delta_time[0:64:]"; transmitting
1692890166,499,timing,elapsed_us,8,start_us,1692890166808697,stop_us,1692890166808705,http-nio-8080-exec-5:33[bes_client:/-1],set container in ngap values ngapContainer,collections/C1241426907-NSIDC_CUAT/granules/ATL08_20200101145654_00900605_005_01.h5; transmitting
1692890169,499,timing,elapsed_us,2386182,start_us,1692890166809626,stop_us,1692890169195808,-,RemoteResource::get_url() - source url: https://data.nsidc.uat.earthdatacloud.nasa.gov/nsidc-cumulus-uat-protected/ATLAS/ATL08/005/2020/01/01/ATL08_20200101145654_00900605_005_01.h5.dmrpp
1692890171,499,timing,elapsed_us,16680,start_us,1692890171628364,stop_us,1692890171645044,-,DmrppArray::read_contiguous() -  name: gt2l_land_segments_delta_time
1692890171,499,timing,elapsed_us,17113,start_us,1692890171937083,stop_us,1692890171954196,-,DmrppArray::read_contiguous() -  name: gt2l_land_segments_longitude
1692890171,499,timing,elapsed_us,17804,start_us,1692890171954333,stop_us,1692890171972137,-,DmrppArray::read_contiguous() -  name: gt2l_land_segments_latitude
1692890171,499,timing,elapsed_us,17864,start_us,1692890171683235,stop_us,1692890171701099,-,DmrppArray::read_contiguous() -  name: gt3r_land_segments_delta_time
1692890171,499,timing,elapsed_us,17921,start_us,1692890171701178,stop_us,1692890171719099,-,DmrppArray::read_contiguous() -  name: orbit_info_crossing_time
1692890171,499,timing,elapsed_us,17985,start_us,1692890171821433,stop_us,1692890171839418,-,DmrppArray::read_contiguous() -  name: gt1l_land_segments_longitude
1692890171,499,timing,elapsed_us,18034,start_us,1692890171972300,stop_us,1692890171990334,-,DmrppArray::read_contiguous() -  name: gt3r_land_segments_longitude
1692890171,499,timing,elapsed_us,18679,start_us,1692890171782298,stop_us,1692890171800977,-,DmrppArray::read_contiguous() -  name: gt2r_land_segments_longitude
1692890171,499,timing,elapsed_us,18797,start_us,1692890171763358,stop_us,1692890171782155,-,DmrppArray::read_contiguous() -  name: gt1r_land_segments_latitude
1692890171,499,timing,elapsed_us,18807,start_us,1692890171744434,stop_us,1692890171763241,-,DmrppArray::read_contiguous() -  name: gt1r_land_segments_longitude
1692890171,499,timing,elapsed_us,18815,start_us,1692890171664262,stop_us,1692890171683077,-,DmrppArray::read_contiguous() -  name: gt3l_land_segments_delta_time
1692890171,499,timing,elapsed_us,18995,start_us,1692890171645118,stop_us,1692890171664113,-,DmrppArray::read_contiguous() -  name: gt2r_land_segments_delta_time
1692890171,499,timing,elapsed_us,20228,start_us,1692890171801139,stop_us,1692890171821367,-,DmrppArray::read_contiguous() -  name: gt2r_land_segments_latitude
1692890171,499,timing,elapsed_us,2298679,start_us,1692890169213825,stop_us,1692890171512504,-,CurlUtils::retrieve_effective_url() -  Following Redirects Starting With: https://data.nsidc.uat.earthdatacloud.nasa.gov/nsidc-cumulus-uat-protected/ATLAS/ATL08/005/2020/01/01/ATL08_20200101145654_00900605_005_01.h5
1692890171,499,timing,elapsed_us,2377653,start_us,1692890169213775,stop_us,1692890171591428,-,DmrppArray::read_contiguous() -  name: gt1l_land_segments_delta_time
1692890171,499,timing,elapsed_us,23969,start_us,1692890171912947,stop_us,1692890171936916,-,DmrppArray::read_contiguous() -  name: gt3l_land_segments_latitude
1692890171,499,timing,elapsed_us,25091,start_us,1692890171719175,stop_us,1692890171744266,-,DmrppArray::read_contiguous() -  name: orbit_info_rgt
1692890171,499,timing,elapsed_us,35254,start_us,1692890171877554,stop_us,1692890171912808,-,DmrppArray::read_contiguous() -  name: gt3l_land_segments_longitude
1692890171,499,timing,elapsed_us,36749,start_us,1692890171591521,stop_us,1692890171628270,-,DmrppArray::read_contiguous() -  name: gt1r_land_segments_delta_time
1692890171,499,timing,elapsed_us,37981,start_us,1692890171839487,stop_us,1692890171877468,-,DmrppArray::read_contiguous() -  name: gt1l_land_segments_latitude
1692890172,499,timing,elapsed_us,16432,start_us,1692890171990406,stop_us,1692890172006838,-,DmrppArray::read_contiguous() -  name: gt3r_land_segments_latitude
1692890172,499,timing,elapsed_us,187,start_us,1692890172008262,stop_us,1692890172008449,-,BESInterface::execute_request
1692890172,499,timing,elapsed_us,214,start_us,1692890172008258,stop_us,1692890172008472,-,BESServerHandler::execute
1692890172,499,timing,elapsed_us,2794510,start_us,1692890169212474,stop_us,1692890172006984,-,BESDapResponseBuilder::serialize_dap4_data() - Timer
1692890172,499,timing,elapsed_us,2794771,start_us,1692890169212226,stop_us,1692890172006997,http-nio-8080-exec-5:33[bes_client:/-1],get dap for d1 return as dap2; transmitting
1692890172,499,timing,elapsed_us,5414243,start_us,1692890166592763,stop_us,1692890172007006,-,BESInterface::execute_request
1692890172,499,timing,elapsed_us,5415514,start_us,1692890166592726,stop_us,1692890172008240,-,BESServerHandler::execute
1692890172,499,timing,elapsed_us,6,start_us,1692890172008436,stop_us,1692890172008442,client: /-1:35,show status; transmitting
1692891315,499,timing,elapsed_us,193699,start_us,1692891315615435,stop_us,1692891315809134,-,RemoteResource::get_url() - source url: https://cmr.uat.earthdata.nasa.gov/search/granules.umm_json_v1_4?collection_concept_id=C1225808238-GES_DISC&granule_ur=GPM_3IMERGHH.06%3A3B-HHR.MS.MRG.3IMERG.20210930-S000000-E002959.0000.V06B.HDF5
1692891315,499,timing,elapsed_us,6,start_us,1692891315809867,stop_us,1692891315809873,[http-nio-8080-exec-8:36:ngap_request][bes_client:/-1],define d1 in default as ngapContainer; transmitting
1692891315,499,timing,elapsed_us,8,start_us,1692891315809528,stop_us,1692891315809536,[http-nio-8080-exec-8:36:ngap_request][bes_client:/-1],set container in ngap values ngapContainer,collections/C1225808238-GES_DISC/granules/GPM_3IMERGHH.06:3B-HHR.MS.MRG.3IMERG.20210930-S000000-E002959.0000.V06B.HDF5; transmitting
1692891318,499,timing,elapsed_us,124,start_us,1692891318075756,stop_us,1692891318075880,-,BESServerHandler::execute
1692891318,499,timing,elapsed_us,2261089,start_us,1692891315810782,stop_us,1692891318071871,-,RemoteResource::get_url() - source url: https://data.gesdisc.uat.earthdata.nasa.gov/data/GPM_L3/GPM_3IMERGHH.06/2021/273/3B-HHR.MS.MRG.3IMERG.20210930-S000000-E002959.0000.V06B.HDF5.dmrpp
1692891318,499,timing,elapsed_us,2466799,start_us,1692891315608757,stop_us,1692891318075556,-,BESInterface::execute_request
1692891318,499,timing,elapsed_us,2466867,start_us,1692891315608731,stop_us,1692891318075598,-,BESServerHandler::execute
1692891318,499,timing,elapsed_us,524,start_us,1692891318075020,stop_us,1692891318075544,[http-nio-8080-exec-8:36:ngap_request][bes_client:/-1],get ddx for d1 return as dap2; transmitting
1692891318,499,timing,elapsed_us,660,start_us,1692891318074316,stop_us,1692891318074976,[http-nio-8080-exec-8:36:ngap_request][bes_client:/-1],DmrppRequestHandler::dap_build_dds() - timer
1692891318,499,timing,elapsed_us,7,start_us,1692891318075843,stop_us,1692891318075850,client: /-1:37,show status; transmitting
1692891318,499,timing,elapsed_us,96,start_us,1692891318075761,stop_us,1692891318075857,-,BESInterface::execute_request
1692892106,499,timing,elapsed_us,108,start_us,1692892106729592,stop_us,1692892106729700,-,BESServerHandler::execute
1692892106,499,timing,elapsed_us,163964,start_us,1692892106563701,stop_us,1692892106727665,-,RemoteResource::get_url() - source url: https://cmr.uat.earthdata.nasa.gov/search/granules.umm_json_v1_4?collection_concept_id=C1241426887-NSIDC_CUAT&granule_ur=ATL07-01_20200101015629_00820601_005_01.h5.dap4
1692892106,499,timing,elapsed_us,171363,start_us,1692892106556763,stop_us,1692892106728126,-,BESInterface::execute_request
1692892106,499,timing,elapsed_us,171455,start_us,1692892106556726,stop_us,1692892106728181,-,BESServerHandler::execute
1692892106,499,timing,elapsed_us,6,start_us,1692892106729655,stop_us,1692892106729661,client: /-1:39,show status; transmitting
1692892106,499,timing,elapsed_us,72,start_us,1692892106729601,stop_us,1692892106729673,-,BESInterface::execute_request
1692892380,499,timing,elapsed_us,356442,start_us,1692892379813154,stop_us,1692892380169596,-,RemoteResource::get_url() - source url: https://cmr.uat.earthdata.nasa.gov/search/granules.umm_json_v1_4?collection_concept_id=C1241426872-NSIDC_CUAT&granule_ur=ATL06_20200101223747_00950603_005_01.h5
1692892380,499,timing,elapsed_us,5,start_us,1692892380170111,stop_us,1692892380170116,http-nio-8080-exec-10:38[bes_client:/-1],define d1 in default as ngapContainer; transmitting
1692892380,499,timing,elapsed_us,6,start_us,1692892380170035,stop_us,1692892380170041,http-nio-8080-exec-10:38[bes_client:/-1],set container in ngap values ngapContainer,collections/C1241426872-NSIDC_CUAT/granules/ATL06_20200101223747_00950603_005_01.h5; transmitting
1692892382,499,timing,elapsed_us,179,start_us,1692892382457454,stop_us,1692892382457633,-,BESInterface::execute_request
1692892382,499,timing,elapsed_us,205,start_us,1692892382457451,stop_us,1692892382457656,-,BESServerHandler::execute
1692892382,499,timing,elapsed_us,2268951,start_us,1692892380170977,stop_us,1692892382439928,-,RemoteResource::get_url() - source url: https://data.nsidc.uat.earthdatacloud.nasa.gov/nsidc-cumulus-uat-protected/ATLAS/ATL06/005/2020/01/01/ATL06_20200101223747_00950603_005_01.h5.dmrpp
1692892382,499,timing,elapsed_us,2647949,start_us,1692892379808757,stop_us,1692892382456706,-,BESInterface::execute_request
1692892382,499,timing,elapsed_us,2648713,start_us,1692892379808722,stop_us,1692892382457435,-,BESServerHandler::execute
1692892382,499,timing,elapsed_us,7,start_us,1692892382457619,stop_us,1692892382457626,client: /-1:41,show status; transmitting
1692892382,499,timing,elapsed_us,8415,start_us,1692892382448273,stop_us,1692892382456688,http-nio-8080-exec-10:38[bes_client:/-1],get dmr for d1 return as dap2; transmitting
1692892777,499,timing,elapsed_us,421590,start_us,1692892776820867,stop_us,1692892777242457,-,RemoteResource::get_url() - source url: https://cmr.uat.earthdata.nasa.gov/search/granules.umm_json_v1_4?collection_concept_id=C1241426872-NSIDC_CUAT&granule_ur=ATL06_20200101223747_00950603_005_01.h5
1692892777,499,timing,elapsed_us,7,start_us,1692892777242917,stop_us,1692892777242924,http-nio-8080-exec-4:32[bes_client:/-1],set container in ngap values ngapContainer,collections/C1241426872-NSIDC_CUAT/granules/ATL06_20200101223747_00950603_005_01.h5; transmitting
1692892777,499,timing,elapsed_us,8,start_us,1692892777243109,stop_us,1692892777243117,http-nio-8080-exec-4:32[bes_client:/-1],define d1 in default as ngapContainer with ngapContainer.dap4constraint="/orbit_info_rgt;/orbit_info_crossing_time;/gt3r_land_ice_segments_latitude[0:256:];/gt3r_land_ice_segments_longitude[0:256:];/gt3r_land_ice_segments_delta_time[0:256:];/gt3l_land_ice_segments_latitude[0:256:];/gt3l_land_ice_segments_longitude[0:256:];/gt3l_land_ice_segments_delta_time[0:256:];/gt2r_land_ice_segments_latitude[0:256:];/gt2r_land_ice_segments_longitude[0:256:];/gt2r_land_ice_segments_delta_time[0:256:];/gt2l_land_ice_segments_latitude[0:256:];/gt2l_land_ice_segments_longitude[0:256:];/gt2l_land_ice_segments_delta_time[0:256:];/gt1r_land_ice_segments_latitude[0:256:];/gt1r_land_ice_segments_longitude[0:256:];/gt1r_land_ice_segments_delta_time[0:256:];/gt1l_land_ice_segments_latitude[0:256:];/gt1l_land_ice_segments_longitude[0:256:];/gt1l_land_ice_segments_delta_time[0:256:]"; transmitting
1692892779,499,timing,elapsed_us,2356918,start_us,1692892777243989,stop_us,1692892779600907,-,RemoteResource::get_url() - source url: https://data.nsidc.uat.earthdatacloud.nasa.gov/nsidc-cumulus-uat-protected/ATLAS/ATL06/005/2020/01/01/ATL06_20200101223747_00950603_005_01.h5.dmrpp
1692892781,499,timing,elapsed_us,2371551,start_us,1692892779611942,stop_us,1692892781983493,-,CurlUtils::retrieve_effective_url() -  Following Redirects Starting With: https://data.nsidc.uat.earthdatacloud.nasa.gov/nsidc-cumulus-uat-protected/ATLAS/ATL06/005/2020/01/01/ATL06_20200101223747_00950603_005_01.h5
1692892782,499,timing,elapsed_us,143259,start_us,1692892782099671,stop_us,1692892782242930,-,DmrppArray::read_super_chunks_concurrent() -  name: gt1r_land_ice_segments_longitude
1692892782,499,timing,elapsed_us,23127,start_us,1692892782732172,stop_us,1692892782755299,-,DmrppArray::read_super_chunks_concurrent() -  name: gt1l_land_ice_segments_delta_time
1692892782,499,timing,elapsed_us,2487319,start_us,1692892779611899,stop_us,1692892782099218,-,DmrppArray::read_contiguous() -  name: orbit_info_rgt
1692892782,499,timing,elapsed_us,25868,start_us,1692892782383612,stop_us,1692892782409480,-,DmrppArray::read_super_chunks_concurrent() -  name: gt1l_land_ice_segments_longitude
1692892782,499,timing,elapsed_us,30609,start_us,1692892782409749,stop_us,1692892782440358,-,DmrppArray::read_super_chunks_concurrent() -  name: gt1l_land_ice_segments_latitude
1692892782,499,timing,elapsed_us,33636,start_us,1692892782349686,stop_us,1692892782383322,-,DmrppArray::read_super_chunks_concurrent() -  name: gt2r_land_ice_segments_latitude
1692892782,499,timing,elapsed_us,40320,start_us,1692892782484663,stop_us,1692892782524983,-,DmrppArray::read_super_chunks_concurrent() -  name: gt3l_land_ice_segments_latitude
1692892782,499,timing,elapsed_us,41084,start_us,1692892782871774,stop_us,1692892782912858,-,DmrppArray::read_super_chunks_concurrent() -  name: gt2r_land_ice_segments_delta_time
1692892782,499,timing,elapsed_us,43039,start_us,1692892782575773,stop_us,1692892782618812,-,DmrppArray::read_super_chunks_concurrent() -  name: gt2l_land_ice_segments_latitude
1692892782,499,timing,elapsed_us,43738,start_us,1692892782440646,stop_us,1692892782484384,-,DmrppArray::read_super_chunks_concurrent() -  name: gt3l_land_ice_segments_longitude
1692892782,499,timing,elapsed_us,45099,start_us,1692892782304313,stop_us,1692892782349412,-,DmrppArray::read_super_chunks_concurrent() -  name: gt2r_land_ice_segments_longitude
1692892782,499,timing,elapsed_us,45222,start_us,1692892782826261,stop_us,1692892782871483,-,DmrppArray::read_super_chunks_concurrent() -  name: gt2l_land_ice_segments_delta_time
1692892782,499,timing,elapsed_us,46067,start_us,1692892782685816,stop_us,1692892782731883,-,DmrppArray::read_super_chunks_concurrent() -  name: gt3r_land_ice_segments_latitude
1692892782,499,timing,elapsed_us,48707,start_us,1692892782913096,stop_us,1692892782961803,-,DmrppArray::read_super_chunks_concurrent() -  name: gt3l_land_ice_segments_delta_time
1692892782,499,timing,elapsed_us,50203,start_us,1692892782525284,stop_us,1692892782575487,-,DmrppArray::read_super_chunks_concurrent() -  name: gt2l_land_ice_segments_longitude
1692892782,499,timing,elapsed_us,60633,start_us,1692892782243236,stop_us,1692892782303869,-,DmrppArray::read_super_chunks_concurrent() -  name: gt1r_land_ice_segments_latitude
1692892782,499,timing,elapsed_us,66457,start_us,1692892782619064,stop_us,1692892782685521,-,DmrppArray::read_super_chunks_concurrent() -  name: gt3r_land_ice_segments_longitude
1692892782,499,timing,elapsed_us,70368,start_us,1692892782755587,stop_us,1692892782825955,-,DmrppArray::read_super_chunks_concurrent() -  name: gt1r_land_ice_segments_delta_time
1692892783,499,timing,elapsed_us,17020,start_us,1692892783016066,stop_us,1692892783033086,-,DmrppArray::read_contiguous() -  name: orbit_info_crossing_time
1692892783,499,timing,elapsed_us,3422899,start_us,1692892779610440,stop_us,1692892783033339,-,BESDapResponseBuilder::serialize_dap4_data() - Timer
1692892783,499,timing,elapsed_us,3423268,start_us,1692892779610100,stop_us,1692892783033368,http-nio-8080-exec-4:32[bes_client:/-1],get dap for d1 return as dap2; transmitting
1692892783,499,timing,elapsed_us,53870,start_us,1692892782962093,stop_us,1692892783015963,-,DmrppArray::read_super_chunks_concurrent() -  name: gt3r_land_ice_segments_delta_time
1692892783,499,timing,elapsed_us,6,start_us,1692892783035181,stop_us,1692892783035187,client: /-1:43,show status; transmitting
1692892783,499,timing,elapsed_us,6216680,start_us,1692892776816701,stop_us,1692892783033381,-,BESInterface::execute_request
1692892783,499,timing,elapsed_us,6217724,start_us,1692892776816672,stop_us,1692892783034396,-,BESServerHandler::execute
1692892783,499,timing,elapsed_us,777,start_us,1692892783034418,stop_us,1692892783035195,-,BESInterface::execute_request
1692892783,499,timing,elapsed_us,806,start_us,1692892783034414,stop_us,1692892783035220,-,BESServerHandler::execute
1692892814,499,timing,elapsed_us,207345,start_us,1692892813973221,stop_us,1692892814180566,-,RemoteResource::get_url() - source url: https://cmr.uat.earthdata.nasa.gov/search/granules.umm_json_v1_4?collection_concept_id=C1241426872-NSIDC_CUAT&granule_ur=ATL06_20200101223747_00950603_005_01.h5
1692892814,499,timing,elapsed_us,8,start_us,1692892814181100,stop_us,1692892814181108,http-nio-8080-exec-1:29[bes_client:/-1],set container in ngap values ngapContainer,collections/C1241426872-NSIDC_CUAT/granules/ATL06_20200101223747_00950603_005_01.h5; transmitting
1692892814,499,timing,elapsed_us,8,start_us,1692892814181311,stop_us,1692892814181319,http-nio-8080-exec-1:29[bes_client:/-1],define d1 in default as ngapContainer with ngapContainer.dap4constraint="/orbit_info_rgt;/orbit_info_crossing_time;/gt3r_land_ice_segments_latitude[0:256:];/gt3r_land_ice_segments_longitude[0:256:];/gt3r_land_ice_segments_delta_time[0:256:];/gt3l_land_ice_segments_latitude[0:256:];/gt3l_land_ice_segments_longitude[0:256:];/gt3l_land_ice_segments_delta_time[0:256:];/gt2r_land_ice_segments_latitude[0:256:];/gt2r_land_ice_segments_longitude[0:256:];/gt2r_land_ice_segments_delta_time[0:256:];/gt2l_land_ice_segments_latitude[0:256:];/gt2l_land_ice_segments_longitude[0:256:];/gt2l_land_ice_segments_delta_time[0:256:];/gt1r_land_ice_segments_latitude[0:256:];/gt1r_land_ice_segments_longitude[0:256:];/gt1r_land_ice_segments_delta_time[0:256:];/gt1l_land_ice_segments_latitude[0:256:];/gt1l_land_ice_segments_longitude[0:256:];/gt1l_land_ice_segments_delta_time[0:256:]"; transmitting
1692892816,499,timing,elapsed_us,100291,start_us,1692892816662635,stop_us,1692892816762926,-,DmrppArray::read_super_chunks_concurrent() -  name: gt1r_land_ice_segments_longitude
1692892816,499,timing,elapsed_us,105616,start_us,1692892816556534,stop_us,1692892816662150,-,DmrppArray::read_contiguous() -  name: orbit_info_rgt
1692892816,499,timing,elapsed_us,2362490,start_us,1692892814182158,stop_us,1692892816544648,-,RemoteResource::get_url() - source url: https://data.nsidc.uat.earthdatacloud.nasa.gov/nsidc-cumulus-uat-protected/ATLAS/ATL06/005/2020/01/01/ATL06_20200101223747_00950603_005_01.h5.dmrpp
1692892816,499,timing,elapsed_us,54390,start_us,1692892816763225,stop_us,1692892816817615,-,DmrppArray::read_super_chunks_concurrent() -  name: gt1r_land_ice_segments_latitude
1692892817,499,timing,elapsed_us,1000599,start_us,1692892816555073,stop_us,1692892817555672,-,BESDapResponseBuilder::serialize_dap4_data() - Timer
1692892817,499,timing,elapsed_us,1000959,start_us,1692892816554727,stop_us,1692892817555686,http-nio-8080-exec-1:29[bes_client:/-1],get dap for d1 return as dap2; transmitting
1692892817,499,timing,elapsed_us,204844,start_us,1692892816817919,stop_us,1692892817022763,-,DmrppArray::read_super_chunks_concurrent() -  name: gt2r_land_ice_segments_longitude
1692892817,499,timing,elapsed_us,208,start_us,1692892817557250,stop_us,1692892817557458,-,BESInterface::execute_request
1692892817,499,timing,elapsed_us,21980,start_us,1692892817453963,stop_us,1692892817475943,-,DmrppArray::read_super_chunks_concurrent() -  name: gt2r_land_ice_segments_delta_time
1692892817,499,timing,elapsed_us,22672,start_us,1692892817501077,stop_us,1692892817523749,-,DmrppArray::read_super_chunks_concurrent() -  name: gt3r_land_ice_segments_delta_time
1692892817,499,timing,elapsed_us,23334,start_us,1692892817250426,stop_us,1692892817273760,-,DmrppArray::read_super_chunks_concurrent() -  name: gt2l_land_ice_segments_latitude
1692892817,499,timing,elapsed_us,237,start_us,1692892817557246,stop_us,1692892817557483,-,BESServerHandler::execute
1692892817,499,timing,elapsed_us,24160,start_us,1692892817404759,stop_us,1692892817428919,-,DmrppArray::read_super_chunks_concurrent() -  name: gt1r_land_ice_segments_delta_time
1692892817,499,timing,elapsed_us,24475,start_us,1692892817129124,stop_us,1692892817153599,-,DmrppArray::read_super_chunks_concurrent() -  name: gt1l_land_ice_segments_latitude
1692892817,499,timing,elapsed_us,24519,start_us,1692892817429199,stop_us,1692892817453718,-,DmrppArray::read_super_chunks_concurrent() -  name: gt2l_land_ice_segments_delta_time
1692892817,499,timing,elapsed_us,24556,start_us,1692892817476236,stop_us,1692892817500792,-,DmrppArray::read_super_chunks_concurrent() -  name: gt3l_land_ice_segments_delta_time
1692892817,499,timing,elapsed_us,29615,start_us,1692892817220525,stop_us,1692892817250140,-,DmrppArray::read_super_chunks_concurrent() -  name: gt2l_land_ice_segments_longitude
1692892817,499,timing,elapsed_us,30120,start_us,1692892817190108,stop_us,1692892817220228,-,DmrppArray::read_super_chunks_concurrent() -  name: gt3l_land_ice_segments_latitude
1692892817,499,timing,elapsed_us,31583,start_us,1692892817523840,stop_us,1692892817555423,-,DmrppArray::read_contiguous() -  name: orbit_info_crossing_time
1692892817,499,timing,elapsed_us,33748,start_us,1692892817274050,stop_us,1692892817307798,-,DmrppArray::read_super_chunks_concurrent() -  name: gt3r_land_ice_segments_longitude
1692892817,499,timing,elapsed_us,3586921,start_us,1692892813968772,stop_us,1692892817555693,-,BESInterface::execute_request
1692892817,499,timing,elapsed_us,3588484,start_us,1692892813968737,stop_us,1692892817557221,-,BESServerHandler::execute
1692892817,499,timing,elapsed_us,35890,start_us,1692892817153954,stop_us,1692892817189844,-,DmrppArray::read_super_chunks_concurrent() -  name: gt3l_land_ice_segments_longitude
1692892817,499,timing,elapsed_us,44139,start_us,1692892817360165,stop_us,1692892817404304,-,DmrppArray::read_super_chunks_concurrent() -  name: gt1l_land_ice_segments_delta_time
1692892817,499,timing,elapsed_us,49405,start_us,1692892817023055,stop_us,1692892817072460,-,DmrppArray::read_super_chunks_concurrent() -  name: gt2r_land_ice_segments_latitude
1692892817,499,timing,elapsed_us,5,start_us,1692892817557445,stop_us,1692892817557450,client: /-1:45,show status; transmitting
1692892817,499,timing,elapsed_us,51849,start_us,1692892817308035,stop_us,1692892817359884,-,DmrppArray::read_super_chunks_concurrent() -  name: gt3r_land_ice_segments_latitude
1692892817,499,timing,elapsed_us,56036,start_us,1692892817072787,stop_us,1692892817128823,-,DmrppArray::read_super_chunks_concurrent() -  name: gt1l_land_ice_segments_longitude
1692892856,499,timing,elapsed_us,211981,start_us,1692892856129968,stop_us,1692892856341949,-,RemoteResource::get_url() - source url: https://cmr.uat.earthdata.nasa.gov/search/granules.umm_json_v1_4?collection_concept_id=C1241426872-NSIDC_CUAT&granule_ur=ATL06_20200101223747_00950603_005_01.h5
1692892856,499,timing,elapsed_us,7,start_us,1692892856342475,stop_us,1692892856342482,http-nio-8080-exec-4:32[bes_client:/-1],set container in ngap values ngapContainer,collections/C1241426872-NSIDC_CUAT/granules/ATL06_20200101223747_00950603_005_01.h5; transmitting
1692892856,499,timing,elapsed_us,8,start_us,1692892856342669,stop_us,1692892856342677,http-nio-8080-exec-4:32[bes_client:/-1],define d1 in default as ngapContainer with ngapContainer.dap4constraint="/orbit_info_rgt;/orbit_info_crossing_time;/gt3r_land_ice_segments_latitude[0:256:];/gt3r_land_ice_segments_longitude[0:256:];/gt3r_land_ice_segments_delta_time[0:256:];/gt3l_land_ice_segments_latitude[0:256:];/gt3l_land_ice_segments_longitude[0:256:];/gt3l_land_ice_segments_delta_time[0:256:];/gt2r_land_ice_segments_latitude[0:256:];/gt2r_land_ice_segments_longitude[0:256:];/gt2r_land_ice_segments_delta_time[0:256:];/gt2l_land_ice_segments_latitude[0:256:];/gt2l_land_ice_segments_longitude[0:256:];/gt2l_land_ice_segments_delta_time[0:256:];/gt1r_land_ice_segments_latitude[0:256:];/gt1r_land_ice_segments_longitude[0:256:];/gt1r_land_ice_segments_delta_time[0:256:];/gt1l_land_ice_segments_latitude[0:256:];/gt1l_land_ice_segments_longitude[0:256:];/gt1l_land_ice_segments_delta_time[0:256:]"; transmitting
1692892858,499,timing,elapsed_us,106548,start_us,1692892858663710,stop_us,1692892858770258,-,DmrppArray::read_contiguous() -  name: orbit_info_rgt
1692892858,499,timing,elapsed_us,147005,start_us,1692892858770789,stop_us,1692892858917794,-,DmrppArray::read_super_chunks_concurrent() -  name: gt1r_land_ice_segments_longitude
1692892858,499,timing,elapsed_us,2308036,start_us,1692892856343550,stop_us,1692892858651586,-,RemoteResource::get_url() - source url: https://data.nsidc.uat.earthdatacloud.nasa.gov/nsidc-cumulus-uat-protected/ATLAS/ATL06/005/2020/01/01/ATL06_20200101223747_00950603_005_01.h5.dmrpp
1692892858,499,timing,elapsed_us,71636,start_us,1692892858918186,stop_us,1692892858989822,-,DmrppArray::read_super_chunks_concurrent() -  name: gt1r_land_ice_segments_latitude
1692892859,499,timing,elapsed_us,18533,start_us,1692892859404773,stop_us,1692892859423306,-,DmrppArray::read_super_chunks_concurrent() -  name: gt2l_land_ice_segments_delta_time
1692892859,499,timing,elapsed_us,19319,start_us,1692892859385154,stop_us,1692892859404473,-,DmrppArray::read_super_chunks_concurrent() -  name: gt1r_land_ice_segments_delta_time
1692892859,499,timing,elapsed_us,20587,start_us,1692892859423604,stop_us,1692892859444191,-,DmrppArray::read_super_chunks_concurrent() -  name: gt2r_land_ice_segments_delta_time
1692892859,499,timing,elapsed_us,209,start_us,1692892859592497,stop_us,1692892859592706,-,BESInterface::execute_request
1692892859,499,timing,elapsed_us,21268,start_us,1692892859145266,stop_us,1692892859166534,-,DmrppArray::read_super_chunks_concurrent() -  name: gt3l_land_ice_segments_longitude
1692892859,499,timing,elapsed_us,21728,start_us,1692892859085423,stop_us,1692892859107151,-,DmrppArray::read_super_chunks_concurrent() -  name: gt1l_land_ice_segments_longitude
1692892859,499,timing,elapsed_us,22217,start_us,1692892859277966,stop_us,1692892859300183,-,DmrppArray::read_super_chunks_concurrent() -  name: gt3r_land_ice_segments_longitude
1692892859,499,timing,elapsed_us,237,start_us,1692892859592493,stop_us,1692892859592730,-,BESServerHandler::execute
1692892859,499,timing,elapsed_us,24954,start_us,1692892859565786,stop_us,1692892859590740,-,DmrppArray::read_contiguous() -  name: orbit_info_crossing_time
1692892859,499,timing,elapsed_us,24998,start_us,1692892859252679,stop_us,1692892859277677,-,DmrppArray::read_super_chunks_concurrent() -  name: gt2l_land_ice_segments_latitude
1692892859,499,timing,elapsed_us,33207,start_us,1692892859351667,stop_us,1692892859384874,-,DmrppArray::read_super_chunks_concurrent() -  name: gt1l_land_ice_segments_delta_time
1692892859,499,timing,elapsed_us,3466296,start_us,1692892856124735,stop_us,1692892859591031,-,BESInterface::execute_request
1692892859,499,timing,elapsed_us,3467765,start_us,1692892856124710,stop_us,1692892859592475,-,BESServerHandler::execute
1692892859,499,timing,elapsed_us,37564,start_us,1692892859107455,stop_us,1692892859145019,-,DmrppArray::read_super_chunks_concurrent() -  name: gt1l_land_ice_segments_latitude
1692892859,499,timing,elapsed_us,37741,start_us,1692892859047373,stop_us,1692892859085114,-,DmrppArray::read_super_chunks_concurrent() -  name: gt2r_land_ice_segments_latitude
1692892859,499,timing,elapsed_us,38245,start_us,1692892859166796,stop_us,1692892859205041,-,DmrppArray::read_super_chunks_concurrent() -  name: gt3l_land_ice_segments_latitude
1692892859,499,timing,elapsed_us,38394,start_us,1692892859527311,stop_us,1692892859565705,-,DmrppArray::read_super_chunks_concurrent() -  name: gt3r_land_ice_segments_delta_time
1692892859,499,timing,elapsed_us,47030,start_us,1692892859205332,stop_us,1692892859252362,-,DmrppArray::read_super_chunks_concurrent() -  name: gt2l_land_ice_segments_longitude
1692892859,499,timing,elapsed_us,50877,start_us,1692892859300474,stop_us,1692892859351351,-,DmrppArray::read_super_chunks_concurrent() -  name: gt3r_land_ice_segments_latitude
1692892859,499,timing,elapsed_us,56984,start_us,1692892858990102,stop_us,1692892859047086,-,DmrppArray::read_super_chunks_concurrent() -  name: gt2r_land_ice_segments_longitude
1692892859,499,timing,elapsed_us,7,start_us,1692892859592691,stop_us,1692892859592698,client: /-1:47,show status; transmitting
1692892859,499,timing,elapsed_us,82651,start_us,1692892859444420,stop_us,1692892859527071,-,DmrppArray::read_super_chunks_concurrent() -  name: gt3l_land_ice_segments_delta_time
1692892859,499,timing,elapsed_us,928711,start_us,1692892858662269,stop_us,1692892859590980,-,BESDapResponseBuilder::serialize_dap4_data() - Timer
1692892859,499,timing,elapsed_us,929079,start_us,1692892858661928,stop_us,1692892859591007,http-nio-8080-exec-4:32[bes_client:/-1],get dap for d1 return as dap2; transmitting
1692892911,499,timing,elapsed_us,294221,start_us,1692892910977105,stop_us,1692892911271326,-,RemoteResource::get_url() - source url: https://cmr.uat.earthdata.nasa.gov/search/granules.umm_json_v1_4?collection_concept_id=C1241426887-NSIDC_CUAT&granule_ur=ATL07-01_20200101015629_00820601_005_01.h5
1692892911,499,timing,elapsed_us,8,start_us,1692892911271851,stop_us,1692892911271859,http-nio-8080-exec-1:29[bes_client:/-1],set container in ngap values ngapContainer,collections/C1241426887-NSIDC_CUAT/granules/ATL07-01_20200101015629_00820601_005_01.h5; transmitting
1692892911,499,timing,elapsed_us,8,start_us,1692892911272059,stop_us,1692892911272067,http-nio-8080-exec-1:29[bes_client:/-1],define d1 in default as ngapContainer with ngapContainer.dap4constraint="/orbit_info_rgt;/orbit_info_crossing_time;/gt3r_sea_ice_segments_latitude[0:1024:];/gt3r_sea_ice_segments_longitude[0:1024:];/gt3r_sea_ice_segments_delta_time[0:1024:];/gt3l_sea_ice_segments_latitude[0:1024:];/gt3l_sea_ice_segments_longitude[0:1024:];/gt3l_sea_ice_segments_delta_time[0:1024:];/gt2r_sea_ice_segments_latitude[0:1024:];/gt2r_sea_ice_segments_longitude[0:1024:];/gt2r_sea_ice_segments_delta_time[0:1024:];/gt2l_sea_ice_segments_latitude[0:1024:];/gt2l_sea_ice_segments_longitude[0:1024:];/gt2l_sea_ice_segments_delta_time[0:1024:];/gt1r_sea_ice_segments_latitude[0:1024:];/gt1r_sea_ice_segments_longitude[0:1024:];/gt1r_sea_ice_segments_delta_time[0:1024:];/gt1l_sea_ice_segments_latitude[0:1024:];/gt1l_sea_ice_segments_longitude[0:1024:];/gt1l_sea_ice_segments_delta_time[0:1024:]"; transmitting
1692892913,499,timing,elapsed_us,2299833,start_us,1692892911272979,stop_us,1692892913572812,-,RemoteResource::get_url() - source url: https://data.nsidc.uat.earthdatacloud.nasa.gov/nsidc-cumulus-uat-protected/ATLAS/ATL07/005/2020/01/01/ATL07-01_20200101015629_00820601_005_01.h5.dmrpp
1692892915,499,timing,elapsed_us,2346159,start_us,1692892913590401,stop_us,1692892915936560,-,CurlUtils::retrieve_effective_url() -  Following Redirects Starting With: https://data.nsidc.uat.earthdatacloud.nasa.gov/nsidc-cumulus-uat-protected/ATLAS/ATL07/005/2020/01/01/ATL07-01_20200101015629_00820601_005_01.h5
1692892916,499,timing,elapsed_us,111535,start_us,1692892916380979,stop_us,1692892916492514,-,DmrppArray::read_super_chunks_concurrent() -  name: gt2r_sea_ice_segments_latitude
1692892916,499,timing,elapsed_us,114735,start_us,1692892916265299,stop_us,1692892916380034,-,DmrppArray::read_super_chunks_concurrent() -  name: gt2r_sea_ice_segments_longitude
1692892916,499,timing,elapsed_us,123626,start_us,1692892916140515,stop_us,1692892916264141,-,DmrppArray::read_super_chunks_concurrent() -  name: gt1r_sea_ice_segments_latitude
1692892916,499,timing,elapsed_us,129285,start_us,1692892916009942,stop_us,1692892916139227,-,DmrppArray::read_super_chunks_concurrent() -  name: gt1r_sea_ice_segments_longitude
1692892916,499,timing,elapsed_us,2418157,start_us,1692892913590350,stop_us,1692892916008507,-,DmrppArray::read_contiguous() -  name: orbit_info_rgt
1692892916,499,timing,elapsed_us,36838,start_us,1692892916758047,stop_us,1692892916794885,-,DmrppArray::read_super_chunks_concurrent() -  name: gt2l_sea_ice_segments_longitude
1692892916,499,timing,elapsed_us,38952,start_us,1692892916795768,stop_us,1692892916834720,-,DmrppArray::read_super_chunks_concurrent() -  name: gt2l_sea_ice_segments_latitude
1692892916,499,timing,elapsed_us,41915,start_us,1692892916715312,stop_us,1692892916757227,-,DmrppArray::read_super_chunks_concurrent() -  name: gt3l_sea_ice_segments_latitude
1692892916,499,timing,elapsed_us,51598,start_us,1692892916835774,stop_us,1692892916887372,-,DmrppArray::read_super_chunks_concurrent() -  name: gt3r_sea_ice_segments_longitude
1692892916,499,timing,elapsed_us,53431,start_us,1692892916660710,stop_us,1692892916714141,-,DmrppArray::read_super_chunks_concurrent() -  name: gt3l_sea_ice_segments_longitude
1692892916,499,timing,elapsed_us,73440,start_us,1692892916586098,stop_us,1692892916659538,-,DmrppArray::read_super_chunks_concurrent() -  name: gt1l_sea_ice_segments_latitude
1692892916,499,timing,elapsed_us,79772,start_us,1692892916888625,stop_us,1692892916968397,-,DmrppArray::read_super_chunks_concurrent() -  name: gt3r_sea_ice_segments_latitude
1692892916,499,timing,elapsed_us,91480,start_us,1692892916493629,stop_us,1692892916585109,-,DmrppArray::read_super_chunks_concurrent() -  name: gt1l_sea_ice_segments_longitude
1692892917,499,timing,elapsed_us,159143,start_us,1692892917254364,stop_us,1692892917413507,-,DmrppArray::read_super_chunks_concurrent() -  name: gt1r_sea_ice_segments_delta_time
1692892917,499,timing,elapsed_us,16370,start_us,1692892917791613,stop_us,1692892917807983,-,DmrppArray::read_contiguous() -  name: orbit_info_crossing_time
1692892917,499,timing,elapsed_us,211,start_us,1692892917810057,stop_us,1692892917810268,-,BESInterface::execute_request
1692892917,499,timing,elapsed_us,213972,start_us,1692892917414522,stop_us,1692892917628494,-,DmrppArray::read_super_chunks_concurrent() -  name: gt2l_sea_ice_segments_delta_time
1692892917,499,timing,elapsed_us,244,start_us,1692892917810053,stop_us,1692892917810297,-,BESServerHandler::execute
1692892917,499,timing,elapsed_us,283593,start_us,1692892916969552,stop_us,1692892917253145,-,DmrppArray::read_super_chunks_concurrent() -  name: gt1l_sea_ice_segments_delta_time
1692892917,499,timing,elapsed_us,4219203,start_us,1692892913589039,stop_us,1692892917808242,-,BESDapResponseBuilder::serialize_dap4_data() - Timer
1692892917,499,timing,elapsed_us,4219607,start_us,1692892913588662,stop_us,1692892917808269,http-nio-8080-exec-1:29[bes_client:/-1],get dap for d1 return as dap2; transmitting
1692892917,499,timing,elapsed_us,42981,start_us,1692892917699307,stop_us,1692892917742288,-,DmrppArray::read_super_chunks_concurrent() -  name: gt3l_sea_ice_segments_delta_time
1692892917,499,timing,elapsed_us,47985,start_us,1692892917743500,stop_us,1692892917791485,-,DmrppArray::read_super_chunks_concurrent() -  name: gt3r_sea_ice_segments_delta_time
1692892917,499,timing,elapsed_us,6,start_us,1692892917810254,stop_us,1692892917810260,client: /-1:49,show status; transmitting
1692892917,499,timing,elapsed_us,6835547,start_us,1692892910972739,stop_us,1692892917808286,-,BESInterface::execute_request
1692892917,499,timing,elapsed_us,6837327,start_us,1692892910972703,stop_us,1692892917810030,-,BESServerHandler::execute
1692892917,499,timing,elapsed_us,68765,start_us,1692892917629534,stop_us,1692892917698299,-,DmrppArray::read_super_chunks_concurrent() -  name: gt2r_sea_ice_segments_delta_time
1692892981,499,timing,elapsed_us,217627,start_us,1692892981249388,stop_us,1692892981467015,-,RemoteResource::get_url() - source url: https://cmr.uat.earthdata.nasa.gov/search/granules.umm_json_v1_4?collection_concept_id=C1241426887-NSIDC_CUAT&granule_ur=ATL07-01_20200101015629_00820601_005_01.h5
1692892981,499,timing,elapsed_us,8,start_us,1692892981467530,stop_us,1692892981467538,http-nio-8080-exec-2:30[bes_client:/-1],set container in ngap values ngapContainer,collections/C1241426887-NSIDC_CUAT/granules/ATL07-01_20200101015629_00820601_005_01.h5; transmitting
1692892981,499,timing,elapsed_us,8,start_us,1692892981467874,stop_us,1692892981467882,http-nio-8080-exec-2:30[bes_client:/-1],define d1 in default as ngapContainer with ngapContainer.dap4constraint="/orbit_info_rgt;/orbit_info_crossing_time;/gt3r_sea_ice_segments_latitude[0:1024:];/gt3r_sea_ice_segments_longitude[0:1024:];/gt3r_sea_ice_segments_delta_time[0:1024:];/gt3l_sea_ice_segments_latitude[0:1024:];/gt3l_sea_ice_segments_longitude[0:1024:];/gt3l_sea_ice_segments_delta_time[0:1024:];/gt2r_sea_ice_segments_latitude[0:1024:];/gt2r_sea_ice_segments_longitude[0:1024:];/gt2r_sea_ice_segments_delta_time[0:1024:];/gt2l_sea_ice_segments_latitude[0:1024:];/gt2l_sea_ice_segments_longitude[0:1024:];/gt2l_sea_ice_segments_delta_time[0:1024:];/gt1r_sea_ice_segments_latitude[0:1024:];/gt1r_sea_ice_segments_longitude[0:1024:];/gt1r_sea_ice_segments_delta_time[0:1024:];/gt1l_sea_ice_segments_latitude[0:1024:];/gt1l_sea_ice_segments_longitude[0:1024:];/gt1l_sea_ice_segments_delta_time[0:1024:]"; transmitting
1692892983,499,timing,elapsed_us,2353671,start_us,1692892981468782,stop_us,1692892983822453,-,RemoteResource::get_url() - source url: https://data.nsidc.uat.earthdatacloud.nasa.gov/nsidc-cumulus-uat-protected/ATLAS/ATL07/005/2020/01/01/ATL07-01_20200101015629_00820601_005_01.h5.dmrpp
1692892984,499,timing,elapsed_us,147502,start_us,1692892984025385,stop_us,1692892984172887,-,DmrppArray::read_super_chunks_concurrent() -  name: gt1r_sea_ice_segments_longitude
1692892984,499,timing,elapsed_us,187454,start_us,1692892983836368,stop_us,1692892984023822,-,DmrppArray::read_contiguous() -  name: orbit_info_rgt
1692892984,499,timing,elapsed_us,35425,start_us,1692892984598977,stop_us,1692892984634402,-,DmrppArray::read_super_chunks_concurrent() -  name: gt2l_sea_ice_segments_latitude
1692892984,499,timing,elapsed_us,38588,start_us,1692892984237746,stop_us,1692892984276334,-,DmrppArray::read_super_chunks_concurrent() -  name: gt2r_sea_ice_segments_longitude
1692892984,499,timing,elapsed_us,42050,start_us,1692892984325053,stop_us,1692892984367103,-,DmrppArray::read_super_chunks_concurrent() -  name: gt1l_sea_ice_segments_longitude
1692892984,499,timing,elapsed_us,43099,start_us,1692892984368110,stop_us,1692892984411209,-,DmrppArray::read_super_chunks_concurrent() -  name: gt1l_sea_ice_segments_latitude
1692892984,499,timing,elapsed_us,44914,start_us,1692892984412281,stop_us,1692892984457195,-,DmrppArray::read_super_chunks_concurrent() -  name: gt3l_sea_ice_segments_longitude
1692892984,499,timing,elapsed_us,46767,start_us,1692892984277292,stop_us,1692892984324059,-,DmrppArray::read_super_chunks_concurrent() -  name: gt2r_sea_ice_segments_latitude
1692892984,499,timing,elapsed_us,53548,start_us,1692892984793260,stop_us,1692892984846808,-,DmrppArray::read_super_chunks_concurrent() -  name: gt1l_sea_ice_segments_delta_time
1692892984,499,timing,elapsed_us,62719,start_us,1692892984174131,stop_us,1692892984236850,-,DmrppArray::read_super_chunks_concurrent() -  name: gt1r_sea_ice_segments_latitude
1692892984,499,timing,elapsed_us,67014,start_us,1692892984531025,stop_us,1692892984598039,-,DmrppArray::read_super_chunks_concurrent() -  name: gt2l_sea_ice_segments_longitude
1692892984,499,timing,elapsed_us,71916,start_us,1692892984458169,stop_us,1692892984530085,-,DmrppArray::read_super_chunks_concurrent() -  name: gt3l_sea_ice_segments_latitude
1692892984,499,timing,elapsed_us,75449,start_us,1692892984635441,stop_us,1692892984710890,-,DmrppArray::read_super_chunks_concurrent() -  name: gt3r_sea_ice_segments_longitude
1692892984,499,timing,elapsed_us,76582,start_us,1692892984848005,stop_us,1692892984924587,-,DmrppArray::read_super_chunks_concurrent() -  name: gt1r_sea_ice_segments_delta_time
1692892984,499,timing,elapsed_us,80064,start_us,1692892984712097,stop_us,1692892984792161,-,DmrppArray::read_super_chunks_concurrent() -  name: gt3r_sea_ice_segments_latitude
1692892985,499,timing,elapsed_us,120436,start_us,1692892985072685,stop_us,1692892985193121,-,DmrppArray::read_super_chunks_concurrent() -  name: gt3l_sea_ice_segments_delta_time
1692892985,499,timing,elapsed_us,134997,start_us,1692892985265162,stop_us,1692892985400159,-,DmrppArray::read_contiguous() -  name: orbit_info_crossing_time
1692892985,499,timing,elapsed_us,1565350,start_us,1692892983835074,stop_us,1692892985400424,-,BESDapResponseBuilder::serialize_dap4_data() - Timer
1692892985,499,timing,elapsed_us,1565743,start_us,1692892983834709,stop_us,1692892985400452,http-nio-8080-exec-2:30[bes_client:/-1],get dap for d1 return as dap2; transmitting
1692892985,499,timing,elapsed_us,207,start_us,1692892985402412,stop_us,1692892985402619,-,BESInterface::execute_request
1692892985,499,timing,elapsed_us,240,start_us,1692892985402407,stop_us,1692892985402647,-,BESServerHandler::execute
1692892985,499,timing,elapsed_us,4155727,start_us,1692892981244741,stop_us,1692892985400468,-,BESInterface::execute_request
1692892985,499,timing,elapsed_us,4157658,start_us,1692892981244714,stop_us,1692892985402372,-,BESServerHandler::execute
1692892985,499,timing,elapsed_us,52763,start_us,1692892985018655,stop_us,1692892985071418,-,DmrppArray::read_super_chunks_concurrent() -  name: gt2r_sea_ice_segments_delta_time
1692892985,499,timing,elapsed_us,6,start_us,1692892985402606,stop_us,1692892985402612,client: /-1:51,show status; transmitting
1692892985,499,timing,elapsed_us,70770,start_us,1692892985194256,stop_us,1692892985265026,-,DmrppArray::read_super_chunks_concurrent() -  name: gt3r_sea_ice_segments_delta_time
1692892985,499,timing,elapsed_us,92087,start_us,1692892984925676,stop_us,1692892985017763,-,DmrppArray::read_super_chunks_concurrent() -  name: gt2l_sea_ice_segments_delta_time
1692893017,499,timing,elapsed_us,284217,start_us,1692893017349407,stop_us,1692893017633624,-,RemoteResource::get_url() - source url: https://cmr.uat.earthdata.nasa.gov/search/granules.umm_json_v1_4?collection_concept_id=C1241426907-NSIDC_CUAT&granule_ur=ATL08_20200101145654_00900605_005_01.h5
1692893017,499,timing,elapsed_us,6,start_us,1692893017634481,stop_us,1692893017634487,http-nio-8080-exec-2:30[bes_client:/-1],define d1 in default as ngapContainer with ngapContainer.dap4constraint="/orbit_info_rgt;/orbit_info_crossing_time;/gt3r_land_segments_latitude[0:64:];/gt3r_land_segments_longitude[0:64:];/gt3r_land_segments_delta_time[0:64:];/gt3l_land_segments_latitude[0:64:];/gt3l_land_segments_longitude[0:64:];/gt3l_land_segments_delta_time[0:64:];/gt2r_land_segments_latitude[0:64:];/gt2r_land_segments_longitude[0:64:];/gt2r_land_segments_delta_time[0:64:];/gt2l_land_segments_latitude[0:64:];/gt2l_land_segments_longitude[0:64:];/gt2l_land_segments_delta_time[0:64:];/gt1r_land_segments_latitude[0:64:];/gt1r_land_segments_longitude[0:64:];/gt1r_land_segments_delta_time[0:64:];/gt1l_land_segments_latitude[0:64:];/gt1l_land_segments_longitude[0:64:];/gt1l_land_segments_delta_time[0:64:]"; transmitting
1692893017,499,timing,elapsed_us,7,start_us,1692893017634140,stop_us,1692893017634147,http-nio-8080-exec-2:30[bes_client:/-1],set container in ngap values ngapContainer,collections/C1241426907-NSIDC_CUAT/granules/ATL08_20200101145654_00900605_005_01.h5; transmitting
1692893019,499,timing,elapsed_us,2357771,start_us,1692893017635325,stop_us,1692893019993096,-,RemoteResource::get_url() - source url: https://data.nsidc.uat.earthdatacloud.nasa.gov/nsidc-cumulus-uat-protected/ATLAS/ATL08/005/2020/01/01/ATL08_20200101145654_00900605_005_01.h5.dmrpp
1692893020,499,timing,elapsed_us,140940,start_us,1692893020168267,stop_us,1692893020309207,-,DmrppArray::read_contiguous() -  name: gt2r_land_segments_delta_time
1692893020,499,timing,elapsed_us,17363,start_us,1692893020542803,stop_us,1692893020560166,-,DmrppArray::read_contiguous() -  name: gt2l_land_segments_longitude
1692893020,499,timing,elapsed_us,17412,start_us,1692893020525214,stop_us,1692893020542626,-,DmrppArray::read_contiguous() -  name: gt3l_land_segments_latitude
1692893020,499,timing,elapsed_us,17905,start_us,1692893020327959,stop_us,1692893020345864,-,DmrppArray::read_contiguous() -  name: gt3r_land_segments_delta_time
1692893020,499,timing,elapsed_us,18147,start_us,1692893020386536,stop_us,1692893020404683,-,DmrppArray::read_contiguous() -  name: gt1r_land_segments_longitude
1692893020,499,timing,elapsed_us,18301,start_us,1692893020429878,stop_us,1692893020448179,-,DmrppArray::read_contiguous() -  name: gt2r_land_segments_longitude
1692893020,499,timing,elapsed_us,18610,start_us,1692893020309286,stop_us,1692893020327896,-,DmrppArray::read_contiguous() -  name: gt3l_land_segments_delta_time
1692893020,499,timing,elapsed_us,18657,start_us,1692893020467072,stop_us,1692893020485729,-,DmrppArray::read_contiguous() -  name: gt1l_land_segments_longitude
1692893020,499,timing,elapsed_us,18734,start_us,1692893020448243,stop_us,1692893020466977,-,DmrppArray::read_contiguous() -  name: gt2r_land_segments_latitude
1692893020,499,timing,elapsed_us,18754,start_us,1692893020346016,stop_us,1692893020364770,-,DmrppArray::read_contiguous() -  name: orbit_info_crossing_time
1692893020,499,timing,elapsed_us,19190,start_us,1692893020505960,stop_us,1692893020525150,-,DmrppArray::read_contiguous() -  name: gt3l_land_segments_longitude
1692893020,499,timing,elapsed_us,19355,start_us,1692893020609757,stop_us,1692893020629112,-,DmrppArray::read_contiguous() -  name: gt3r_land_segments_latitude
1692893020,499,timing,elapsed_us,198,start_us,1692893020630335,stop_us,1692893020630533,-,BESInterface::execute_request
1692893020,499,timing,elapsed_us,19999,start_us,1692893020485882,stop_us,1692893020505881,-,DmrppArray::read_contiguous() -  name: gt1l_land_segments_latitude
1692893020,499,timing,elapsed_us,20077,start_us,1692893020589507,stop_us,1692893020609584,-,DmrppArray::read_contiguous() -  name: gt3r_land_segments_longitude
1692893020,499,timing,elapsed_us,21414,start_us,1692893020364952,stop_us,1692893020386366,-,DmrppArray::read_contiguous() -  name: orbit_info_rgt
1692893020,499,timing,elapsed_us,225,start_us,1692893020630331,stop_us,1692893020630556,-,BESServerHandler::execute
1692893020,499,timing,elapsed_us,24846,start_us,1692893020404858,stop_us,1692893020429704,-,DmrppArray::read_contiguous() -  name: gt1r_land_segments_latitude
1692893020,499,timing,elapsed_us,27878,start_us,1692893020083211,stop_us,1692893020111089,-,DmrppArray::read_contiguous() -  name: gt1r_land_segments_delta_time
1692893020,499,timing,elapsed_us,29118,start_us,1692893020560236,stop_us,1692893020589354,-,DmrppArray::read_contiguous() -  name: gt2l_land_segments_latitude
1692893020,499,timing,elapsed_us,3284538,start_us,1692893017344693,stop_us,1692893020629231,-,BESInterface::execute_request
1692893020,499,timing,elapsed_us,3285637,start_us,1692893017344677,stop_us,1692893020630314,-,BESServerHandler::execute
1692893020,499,timing,elapsed_us,57000,start_us,1692893020111184,stop_us,1692893020168184,-,DmrppArray::read_contiguous() -  name: gt2l_land_segments_delta_time
1692893020,499,timing,elapsed_us,622630,start_us,1692893020006581,stop_us,1692893020629211,-,BESDapResponseBuilder::serialize_dap4_data() - Timer
1692893020,499,timing,elapsed_us,622883,start_us,1692893020006340,stop_us,1692893020629223,http-nio-8080-exec-2:30[bes_client:/-1],get dap for d1 return as dap2; transmitting
1692893020,499,timing,elapsed_us,7,start_us,1692893020630518,stop_us,1692893020630525,client: /-1:53,show status; transmitting
1692893020,499,timing,elapsed_us,75228,start_us,1692893020007877,stop_us,1692893020083105,-,DmrppArray::read_contiguous() -  name: gt1l_land_segments_delta_time
1692893035,499,timing,elapsed_us,347264,start_us,1692893035310095,stop_us,1692893035657359,-,RemoteResource::get_url() - source url: https://cmr.uat.earthdata.nasa.gov/search/granules.umm_json_v1_4?collection_concept_id=C1241426907-NSIDC_CUAT&granule_ur=ATL08_20200101145654_00900605_005_01.h5
1692893035,499,timing,elapsed_us,6,start_us,1692893035658221,stop_us,1692893035658227,http-nio-8080-exec-3:31[bes_client:/-1],define d1 in default as ngapContainer with ngapContainer.dap4constraint="/orbit_info_rgt;/orbit_info_crossing_time;/gt3r_land_segments_latitude[0:64:];/gt3r_land_segments_longitude[0:64:];/gt3r_land_segments_delta_time[0:64:];/gt3l_land_segments_latitude[0:64:];/gt3l_land_segments_longitude[0:64:];/gt3l_land_segments_delta_time[0:64:];/gt2r_land_segments_latitude[0:64:];/gt2r_land_segments_longitude[0:64:];/gt2r_land_segments_delta_time[0:64:];/gt2l_land_segments_latitude[0:64:];/gt2l_land_segments_longitude[0:64:];/gt2l_land_segments_delta_time[0:64:];/gt1r_land_segments_latitude[0:64:];/gt1r_land_segments_longitude[0:64:];/gt1r_land_segments_delta_time[0:64:];/gt1l_land_segments_latitude[0:64:];/gt1l_land_segments_longitude[0:64:];/gt1l_land_segments_delta_time[0:64:]"; transmitting
1692893035,499,timing,elapsed_us,8,start_us,1692893035657863,stop_us,1692893035657871,http-nio-8080-exec-3:31[bes_client:/-1],set container in ngap values ngapContainer,collections/C1241426907-NSIDC_CUAT/granules/ATL08_20200101145654_00900605_005_01.h5; transmitting
1692893038,499,timing,elapsed_us,16928,start_us,1692893038527903,stop_us,1692893038544831,-,DmrppArray::read_contiguous() -  name: gt2r_land_segments_latitude
1692893038,499,timing,elapsed_us,18166,start_us,1692893038583568,stop_us,1692893038601734,-,DmrppArray::read_contiguous() -  name: gt3l_land_segments_longitude
1692893038,499,timing,elapsed_us,18328,start_us,1692893038620505,stop_us,1692893038638833,-,DmrppArray::read_contiguous() -  name: gt2l_land_segments_longitude
1692893038,499,timing,elapsed_us,18536,start_us,1692893038601806,stop_us,1692893038620342,-,DmrppArray::read_contiguous() -  name: gt3l_land_segments_latitude
1692893038,499,timing,elapsed_us,18712,start_us,1692893038240811,stop_us,1692893038259523,-,DmrppArray::read_contiguous() -  name: gt3l_land_segments_delta_time
1692893038,499,timing,elapsed_us,18903,start_us,1692893038221810,stop_us,1692893038240713,-,DmrppArray::read_contiguous() -  name: gt2r_land_segments_delta_time
1692893038,499,timing,elapsed_us,18952,start_us,1692893038564446,stop_us,1692893038583398,-,DmrppArray::read_contiguous() -  name: gt1l_land_segments_latitude
1692893038,499,timing,elapsed_us,19341,start_us,1692893038508477,stop_us,1692893038527818,-,DmrppArray::read_contiguous() -  name: gt2r_land_segments_longitude
1692893038,499,timing,elapsed_us,19377,start_us,1692893038544908,stop_us,1692893038564285,-,DmrppArray::read_contiguous() -  name: gt1l_land_segments_longitude
1692893038,499,timing,elapsed_us,199,start_us,1692893038727253,stop_us,1692893038727452,-,BESInterface::execute_request
1692893038,499,timing,elapsed_us,21906,start_us,1692893038638896,stop_us,1692893038660802,-,DmrppArray::read_contiguous() -  name: gt2l_land_segments_latitude
1692893038,499,timing,elapsed_us,226,start_us,1692893038727249,stop_us,1692893038727475,-,BESServerHandler::execute
1692893038,499,timing,elapsed_us,2347563,start_us,1692893035659098,stop_us,1692893038006661,-,RemoteResource::get_url() - source url: https://data.nsidc.uat.earthdatacloud.nasa.gov/nsidc-cumulus-uat-protected/ATLAS/ATL08/005/2020/01/01/ATL08_20200101145654_00900605_005_01.h5.dmrpp
1692893038,499,timing,elapsed_us,28381,start_us,1692893038660886,stop_us,1692893038689267,-,DmrppArray::read_contiguous() -  name: gt3r_land_segments_longitude
1692893038,499,timing,elapsed_us,31958,start_us,1692893038103974,stop_us,1692893038135932,-,DmrppArray::read_contiguous() -  name: gt1r_land_segments_delta_time
1692893038,499,timing,elapsed_us,32529,start_us,1692893038475771,stop_us,1692893038508300,-,DmrppArray::read_contiguous() -  name: gt1r_land_segments_latitude
1692893038,499,timing,elapsed_us,3421250,start_us,1692893035304755,stop_us,1692893038726005,-,BESInterface::execute_request
1692893038,499,timing,elapsed_us,3422512,start_us,1692893035304719,stop_us,1692893038727231,-,BESServerHandler::execute
1692893038,499,timing,elapsed_us,35503,start_us,1692893038392410,stop_us,1692893038427913,-,DmrppArray::read_contiguous() -  name: orbit_info_rgt
1692893038,499,timing,elapsed_us,36418,start_us,1692893038689445,stop_us,1692893038725863,-,DmrppArray::read_contiguous() -  name: gt3r_land_segments_latitude
1692893038,499,timing,elapsed_us,39781,start_us,1692893038352462,stop_us,1692893038392243,-,DmrppArray::read_contiguous() -  name: orbit_info_crossing_time
1692893038,499,timing,elapsed_us,47521,start_us,1692893038428071,stop_us,1692893038475592,-,DmrppArray::read_contiguous() -  name: gt1r_land_segments_longitude
1692893038,499,timing,elapsed_us,7,start_us,1692893038727438,stop_us,1692893038727445,client: /-1:55,show status; transmitting
1692893038,499,timing,elapsed_us,700021,start_us,1692893038025962,stop_us,1692893038725983,-,BESDapResponseBuilder::serialize_dap4_data() - Timer
1692893038,499,timing,elapsed_us,700274,start_us,1692893038025723,stop_us,1692893038725997,http-nio-8080-exec-3:31[bes_client:/-1],get dap for d1 return as dap2; transmitting
1692893038,499,timing,elapsed_us,76643,start_us,1692893038027239,stop_us,1692893038103882,-,DmrppArray::read_contiguous() -  name: gt1l_land_segments_delta_time
1692893038,499,timing,elapsed_us,85660,start_us,1692893038136011,stop_us,1692893038221671,-,DmrppArray::read_contiguous() -  name: gt2l_land_segments_delta_time
1692893038,499,timing,elapsed_us,92616,start_us,1692893038259679,stop_us,1692893038352295,-,DmrppArray::read_contiguous() -  name: gt3r_land_segments_delta_time
1692893057,499,timing,elapsed_us,403458,start_us,1692893057453128,stop_us,1692893057856586,-,RemoteResource::get_url() - source url: https://cmr.uat.earthdata.nasa.gov/search/granules.umm_json_v1_4?collection_concept_id=C1241426907-NSIDC_CUAT&granule_ur=ATL08_20200101145654_00900605_005_01.h5
1692893057,499,timing,elapsed_us,6,start_us,1692893057857445,stop_us,1692893057857451,http-nio-8080-exec-2:30[bes_client:/-1],define d1 in default as ngapContainer with ngapContainer.dap4constraint="/orbit_info_rgt;/orbit_info_crossing_time;/gt3r_land_segments_latitude[0:64:];/gt3r_land_segments_longitude[0:64:];/gt3r_land_segments_delta_time[0:64:];/gt3l_land_segments_latitude[0:64:];/gt3l_land_segments_longitude[0:64:];/gt3l_land_segments_delta_time[0:64:];/gt2r_land_segments_latitude[0:64:];/gt2r_land_segments_longitude[0:64:];/gt2r_land_segments_delta_time[0:64:];/gt2l_land_segments_latitude[0:64:];/gt2l_land_segments_longitude[0:64:];/gt2l_land_segments_delta_time[0:64:];/gt1r_land_segments_latitude[0:64:];/gt1r_land_segments_longitude[0:64:];/gt1r_land_segments_delta_time[0:64:];/gt1l_land_segments_latitude[0:64:];/gt1l_land_segments_longitude[0:64:];/gt1l_land_segments_delta_time[0:64:]"; transmitting
1692893057,499,timing,elapsed_us,8,start_us,1692893057857089,stop_us,1692893057857097,http-nio-8080-exec-2:30[bes_client:/-1],set container in ngap values ngapContainer,collections/C1241426907-NSIDC_CUAT/granules/ATL08_20200101145654_00900605_005_01.h5; transmitting
1692893060,499,timing,elapsed_us,14816,start_us,1692893060235820,stop_us,1692893060250636,-,DmrppArray::read_contiguous() -  name: gt1r_land_segments_delta_time
1692893060,499,timing,elapsed_us,15419,start_us,1692893060546586,stop_us,1692893060562005,-,DmrppArray::read_contiguous() -  name: gt2r_land_segments_latitude
1692893060,499,timing,elapsed_us,16194,start_us,1692893060679682,stop_us,1692893060695876,-,DmrppArray::read_contiguous() -  name: gt2l_land_segments_latitude
1692893060,499,timing,elapsed_us,16307,start_us,1692893060562178,stop_us,1692893060578485,-,DmrppArray::read_contiguous() -  name: gt1l_land_segments_longitude
1692893060,499,timing,elapsed_us,16572,start_us,1692893060504628,stop_us,1692893060521200,-,DmrppArray::read_contiguous() -  name: gt1r_land_segments_latitude
1692893060,499,timing,elapsed_us,17816,start_us,1692893060347784,stop_us,1692893060365600,-,DmrppArray::read_contiguous() -  name: gt2r_land_segments_delta_time
1692893060,499,timing,elapsed_us,18102,start_us,1692893060486352,stop_us,1692893060504454,-,DmrppArray::read_contiguous() -  name: gt1r_land_segments_longitude
1692893060,499,timing,elapsed_us,19101,start_us,1692893060445897,stop_us,1692893060464998,-,DmrppArray::read_contiguous() -  name: orbit_info_crossing_time
1692893060,499,timing,elapsed_us,19348,start_us,1692893060615672,stop_us,1692893060635020,-,DmrppArray::read_contiguous() -  name: gt3l_land_segments_longitude
1692893060,499,timing,elapsed_us,19671,start_us,1692893060696020,stop_us,1692893060715691,-,DmrppArray::read_contiguous() -  name: gt3r_land_segments_longitude
1692893060,499,timing,elapsed_us,19976,start_us,1692893060659641,stop_us,1692893060679617,-,DmrppArray::read_contiguous() -  name: gt2l_land_segments_longitude
1692893060,499,timing,elapsed_us,200,start_us,1692893060748023,stop_us,1692893060748223,-,BESInterface::execute_request
1692893060,499,timing,elapsed_us,21036,start_us,1692893060465155,stop_us,1692893060486191,-,DmrppArray::read_contiguous() -  name: orbit_info_rgt
1692893060,499,timing,elapsed_us,227,start_us,1692893060748019,stop_us,1692893060748246,-,BESServerHandler::execute
1692893060,499,timing,elapsed_us,2299531,start_us,1692893057858319,stop_us,1692893060157850,-,RemoteResource::get_url() - source url: https://data.nsidc.uat.earthdatacloud.nasa.gov/nsidc-cumulus-uat-protected/ATLAS/ATL08/005/2020/01/01/ATL08_20200101145654_00900605_005_01.h5.dmrpp
1692893060,499,timing,elapsed_us,24400,start_us,1692893060635111,stop_us,1692893060659511,-,DmrppArray::read_contiguous() -  name: gt3l_land_segments_latitude
1692893060,499,timing,elapsed_us,25058,start_us,1692893060521370,stop_us,1692893060546428,-,DmrppArray::read_contiguous() -  name: gt2r_land_segments_longitude
1692893060,499,timing,elapsed_us,30987,start_us,1692893060715767,stop_us,1692893060746754,-,DmrppArray::read_contiguous() -  name: gt3r_land_segments_latitude
1692893060,499,timing,elapsed_us,3298150,start_us,1692893057448736,stop_us,1692893060746886,-,BESInterface::execute_request
1692893060,499,timing,elapsed_us,3299295,start_us,1692893057448706,stop_us,1692893060748001,-,BESServerHandler::execute
1692893060,499,timing,elapsed_us,36970,start_us,1692893060578623,stop_us,1692893060615593,-,DmrppArray::read_contiguous() -  name: gt1l_land_segments_latitude
1692893060,499,timing,elapsed_us,37673,start_us,1692893060408156,stop_us,1692893060445829,-,DmrppArray::read_contiguous() -  name: gt3r_land_segments_delta_time
1692893060,499,timing,elapsed_us,42421,start_us,1692893060365665,stop_us,1692893060408086,-,DmrppArray::read_contiguous() -  name: gt3l_land_segments_delta_time
1692893060,499,timing,elapsed_us,5,start_us,1692893060748211,stop_us,1692893060748216,client: /-1:57,show status; transmitting
1692893060,499,timing,elapsed_us,570519,start_us,1692893060176345,stop_us,1692893060746864,-,BESDapResponseBuilder::serialize_dap4_data() - Timer
1692893060,499,timing,elapsed_us,570778,start_us,1692893060176099,stop_us,1692893060746877,http-nio-8080-exec-2:30[bes_client:/-1],get dap for d1 return as dap2; transmitting
1692893060,499,timing,elapsed_us,58068,start_us,1692893060177656,stop_us,1692893060235724,-,DmrppArray::read_contiguous() -  name: gt1l_land_segments_delta_time
1692893060,499,timing,elapsed_us,96979,start_us,1692893060250709,stop_us,1692893060347688,-,DmrppArray::read_contiguous() -  name: gt2l_land_segments_delta_time
1692893109,499,timing,elapsed_us,192455,start_us,1692893109221907,stop_us,1692893109414362,-,RemoteResource::get_url() - source url: https://cmr.uat.earthdata.nasa.gov/search/granules.umm_json_v1_4?collection_concept_id=C1241426950-NSIDC_CUAT&granule_ur=ATL10-01_20200101002212_00810601_005_02.h5
1692893109,499,timing,elapsed_us,7,start_us,1692893109414820,stop_us,1692893109414827,http-nio-8080-exec-7:35[bes_client:/-1],set container in ngap values ngapContainer,collections/C1241426950-NSIDC_CUAT/granules/ATL10-01_20200101002212_00810601_005_02.h5; transmitting
1692893109,499,timing,elapsed_us,9,start_us,1692893109415205,stop_us,1692893109415214,http-nio-8080-exec-7:35[bes_client:/-1],define d1 in default as ngapContainer with ngapContainer.dap4constraint="/orbit_info_rgt;/orbit_info_crossing_time;/gt3r_freeboard_beam_segment_beam_freeboard_latitude[0:2048:];/gt3r_freeboard_beam_segment_beam_freeboard_longitude[0:2048:];/gt3r_freeboard_beam_segment_beam_freeboard_delta_time[0:2048:];/gt3l_freeboard_beam_segment_beam_freeboard_latitude[0:2048:];/gt3l_freeboard_beam_segment_beam_freeboard_longitude[0:2048:];/gt3l_freeboard_beam_segment_beam_freeboard_delta_time[0:2048:];/gt2r_freeboard_beam_segment_beam_freeboard_latitude[0:2048:];/gt2r_freeboard_beam_segment_beam_freeboard_longitude[0:2048:];/gt2r_freeboard_beam_segment_beam_freeboard_delta_time[0:2048:];/gt2l_freeboard_beam_segment_beam_freeboard_latitude[0:2048:];/gt2l_freeboard_beam_segment_beam_freeboard_longitude[0:2048:];/gt2l_freeboard_beam_segment_beam_freeboard_delta_time[0:2048:];/gt1r_freeboard_beam_segment_beam_freeboard_latitude[0:2048:];/gt1r_freeboard_beam_segment_beam_freeboard_longitude[0:2048:];/gt1r_freeboard_beam_segment_beam_freeboard_delta_time[0:2048:];/gt1l_freeboard_beam_segment_beam_freeboard_latitude[0:2048:];/gt1l_freeboard_beam_segment_beam_freeboard_longitude[0:2048:];/gt1l_freeboard_beam_segment_beam_freeboard_delta_time[0:2048:]"; transmitting
1692893111,499,timing,elapsed_us,2294926,start_us,1692893109416103,stop_us,1692893111711029,-,RemoteResource::get_url() - source url: https://data.nsidc.uat.earthdatacloud.nasa.gov/nsidc-cumulus-uat-protected/ATLAS/ATL10/005/2020/01/01/ATL10-01_20200101002212_00810601_005_02.h5.dmrpp
1692893114,499,timing,elapsed_us,120527,start_us,1692893114035999,stop_us,1692893114156526,-,DmrppArray::read_super_chunks_concurrent() -  name: gt1l_freeboard_beam_segment_beam_freeboard_delta_time
1692893114,499,timing,elapsed_us,15239,start_us,1692893114439363,stop_us,1692893114454602,-,DmrppArray::read_contiguous() -  name: orbit_info_crossing_time
1692893114,499,timing,elapsed_us,20913,start_us,1692893114454779,stop_us,1692893114475692,-,DmrppArray::read_contiguous() -  name: orbit_info_rgt
1692893114,499,timing,elapsed_us,2310075,start_us,1692893111723220,stop_us,1692893114033295,-,CurlUtils::retrieve_effective_url() -  Following Redirects Starting With: https://data.nsidc.uat.earthdatacloud.nasa.gov/nsidc-cumulus-uat-protected/ATLAS/ATL10/005/2020/01/01/ATL10-01_20200101002212_00810601_005_02.h5
1692893114,499,timing,elapsed_us,29748,start_us,1692893114201925,stop_us,1692893114231673,-,DmrppArray::read_super_chunks_concurrent() -  name: gt2l_freeboard_beam_segment_beam_freeboard_delta_time
1692893114,499,timing,elapsed_us,36526,start_us,1692893114755994,stop_us,1692893114792520,-,DmrppArray::read_super_chunks_concurrent() -  name: gt1l_freeboard_beam_segment_beam_freeboard_latitude
1692893114,499,timing,elapsed_us,41263,start_us,1692893114842612,stop_us,1692893114883875,-,DmrppArray::read_super_chunks_concurrent() -  name: gt3l_freeboard_beam_segment_beam_freeboard_latitude
1692893114,499,timing,elapsed_us,41323,start_us,1692893114664835,stop_us,1692893114706158,-,DmrppArray::read_super_chunks_concurrent() -  name: gt2r_freeboard_beam_segment_beam_freeboard_latitude
1692893114,499,timing,elapsed_us,42979,start_us,1692893114933290,stop_us,1692893114976269,-,DmrppArray::read_super_chunks_concurrent() -  name: gt2l_freeboard_beam_segment_beam_freeboard_latitude
1692893114,499,timing,elapsed_us,43534,start_us,1692893114157773,stop_us,1692893114201307,-,DmrppArray::read_super_chunks_concurrent() -  name: gt1r_freeboard_beam_segment_beam_freeboard_delta_time
1692893114,499,timing,elapsed_us,46029,start_us,1692893114618197,stop_us,1692893114664226,-,DmrppArray::read_super_chunks_concurrent() -  name: gt2r_freeboard_beam_segment_beam_freeboard_longitude
1692893114,499,timing,elapsed_us,48125,start_us,1692893114884423,stop_us,1692893114932548,-,DmrppArray::read_super_chunks_concurrent() -  name: gt2l_freeboard_beam_segment_beam_freeboard_longitude
1692893114,499,timing,elapsed_us,48415,start_us,1692893114793391,stop_us,1692893114841806,-,DmrppArray::read_super_chunks_concurrent() -  name: gt3l_freeboard_beam_segment_beam_freeboard_longitude
1692893114,499,timing,elapsed_us,48417,start_us,1692893114706865,stop_us,1692893114755282,-,DmrppArray::read_super_chunks_concurrent() -  name: gt1l_freeboard_beam_segment_beam_freeboard_longitude
1692893114,499,timing,elapsed_us,57311,start_us,1692893114381945,stop_us,1692893114439256,-,DmrppArray::read_super_chunks_concurrent() -  name: gt3r_freeboard_beam_segment_beam_freeboard_delta_time
1692893114,499,timing,elapsed_us,63062,start_us,1692893114554433,stop_us,1692893114617495,-,DmrppArray::read_super_chunks_concurrent() -  name: gt1r_freeboard_beam_segment_beam_freeboard_latitude
1692893114,499,timing,elapsed_us,66418,start_us,1692893114232276,stop_us,1692893114298694,-,DmrppArray::read_super_chunks_concurrent() -  name: gt2r_freeboard_beam_segment_beam_freeboard_delta_time
1692893114,499,timing,elapsed_us,76808,start_us,1692893114476886,stop_us,1692893114553694,-,DmrppArray::read_super_chunks_concurrent() -  name: gt1r_freeboard_beam_segment_beam_freeboard_longitude
1692893114,499,timing,elapsed_us,81768,start_us,1692893114299423,stop_us,1692893114381191,-,DmrppArray::read_super_chunks_concurrent() -  name: gt3l_freeboard_beam_segment_beam_freeboard_delta_time
1692893115,499,timing,elapsed_us,3380737,start_us,1692893111721919,stop_us,1692893115102656,-,BESDapResponseBuilder::serialize_dap4_data() - Timer
1692893115,499,timing,elapsed_us,3380988,start_us,1692893111721688,stop_us,1692893115102676,http-nio-8080-exec-7:35[bes_client:/-1],get dap for d1 return as dap2; transmitting
1692893115,499,timing,elapsed_us,39231,start_us,1692893114977173,stop_us,1692893115016404,-,DmrppArray::read_super_chunks_concurrent() -  name: gt3r_freeboard_beam_segment_beam_freeboard_longitude
1692893115,499,timing,elapsed_us,5885916,start_us,1692893109216774,stop_us,1692893115102690,-,BESInterface::execute_request
1692893115,499,timing,elapsed_us,5887241,start_us,1692893109216747,stop_us,1692893115103988,-,BESServerHandler::execute
1692893115,499,timing,elapsed_us,7,start_us,1692893115104701,stop_us,1692893115104708,client: /-1:59,show status; transmitting
1692893115,499,timing,elapsed_us,708,start_us,1692893115104012,stop_us,1692893115104720,-,BESInterface::execute_request
1692893115,499,timing,elapsed_us,736,start_us,1692893115104008,stop_us,1692893115104744,-,BESServerHandler::execute
1692893115,499,timing,elapsed_us,85223,start_us,1692893115017274,stop_us,1692893115102497,-,DmrppArray::read_super_chunks_concurrent() -  name: gt3r_freeboard_beam_segment_beam_freeboard_latitude
1692893152,499,timing,elapsed_us,201767,start_us,1692893152729503,stop_us,1692893152931270,-,RemoteResource::get_url() - source url: https://cmr.uat.earthdata.nasa.gov/search/granules.umm_json_v1_4?collection_concept_id=C1241426950-NSIDC_CUAT&granule_ur=ATL10-01_20200101002212_00810601_005_02.h5
1692893152,499,timing,elapsed_us,7,start_us,1692893152931703,stop_us,1692893152931710,http-nio-8080-exec-6:34[bes_client:/-1],set container in ngap values ngapContainer,collections/C1241426950-NSIDC_CUAT/granules/ATL10-01_20200101002212_00810601_005_02.h5; transmitting
1692893152,499,timing,elapsed_us,8,start_us,1692893152932010,stop_us,1692893152932018,http-nio-8080-exec-6:34[bes_client:/-1],define d1 in default as ngapContainer with ngapContainer.dap4constraint="/orbit_info_rgt;/orbit_info_crossing_time;/gt3r_freeboard_beam_segment_beam_freeboard_latitude[0:2048:];/gt3r_freeboard_beam_segment_beam_freeboard_longitude[0:2048:];/gt3r_freeboard_beam_segment_beam_freeboard_delta_time[0:2048:];/gt3l_freeboard_beam_segment_beam_freeboard_latitude[0:2048:];/gt3l_freeboard_beam_segment_beam_freeboard_longitude[0:2048:];/gt3l_freeboard_beam_segment_beam_freeboard_delta_time[0:2048:];/gt2r_freeboard_beam_segment_beam_freeboard_latitude[0:2048:];/gt2r_freeboard_beam_segment_beam_freeboard_longitude[0:2048:];/gt2r_freeboard_beam_segment_beam_freeboard_delta_time[0:2048:];/gt2l_freeboard_beam_segment_beam_freeboard_latitude[0:2048:];/gt2l_freeboard_beam_segment_beam_freeboard_longitude[0:2048:];/gt2l_freeboard_beam_segment_beam_freeboard_delta_time[0:2048:];/gt1r_freeboard_beam_segment_beam_freeboard_latitude[0:2048:];/gt1r_freeboard_beam_segment_beam_freeboard_longitude[0:2048:];/gt1r_freeboard_beam_segment_beam_freeboard_delta_time[0:2048:];/gt1l_freeboard_beam_segment_beam_freeboard_latitude[0:2048:];/gt1l_freeboard_beam_segment_beam_freeboard_longitude[0:2048:];/gt1l_freeboard_beam_segment_beam_freeboard_delta_time[0:2048:]"; transmitting
1692893155,499,timing,elapsed_us,106124,start_us,1692893155771323,stop_us,1692893155877447,-,DmrppArray::read_super_chunks_concurrent() -  name: gt3l_freeboard_beam_segment_beam_freeboard_delta_time
1692893155,499,timing,elapsed_us,176515,start_us,1692893155539915,stop_us,1692893155716430,-,DmrppArray::read_super_chunks_concurrent() -  name: gt2l_freeboard_beam_segment_beam_freeboard_delta_time
1692893155,499,timing,elapsed_us,196039,start_us,1692893155258505,stop_us,1692893155454544,-,DmrppArray::read_super_chunks_concurrent() -  name: gt1l_freeboard_beam_segment_beam_freeboard_delta_time
1692893155,499,timing,elapsed_us,2311940,start_us,1692893152932918,stop_us,1692893155244858,-,RemoteResource::get_url() - source url: https://data.nsidc.uat.earthdatacloud.nasa.gov/nsidc-cumulus-uat-protected/ATLAS/ATL10/005/2020/01/01/ATL10-01_20200101002212_00810601_005_02.h5.dmrpp
1692893155,499,timing,elapsed_us,53476,start_us,1692893155717060,stop_us,1692893155770536,-,DmrppArray::read_super_chunks_concurrent() -  name: gt2r_freeboard_beam_segment_beam_freeboard_delta_time
1692893155,499,timing,elapsed_us,83912,start_us,1692893155455390,stop_us,1692893155539302,-,DmrppArray::read_super_chunks_concurrent() -  name: gt1r_freeboard_beam_segment_beam_freeboard_delta_time
1692893156,499,timing,elapsed_us,122456,start_us,1692893156311286,stop_us,1692893156433742,-,DmrppArray::read_super_chunks_concurrent() -  name: gt1r_freeboard_beam_segment_beam_freeboard_latitude
1692893156,499,timing,elapsed_us,159295,start_us,1692893155878155,stop_us,1692893156037450,-,DmrppArray::read_super_chunks_concurrent() -  name: gt3r_freeboard_beam_segment_beam_freeboard_delta_time
1692893156,499,timing,elapsed_us,181924,start_us,1692893156128657,stop_us,1692893156310581,-,DmrppArray::read_super_chunks_concurrent() -  name: gt1r_freeboard_beam_segment_beam_freeboard_longitude
1692893156,499,timing,elapsed_us,33245,start_us,1692893156094512,stop_us,1692893156127757,-,DmrppArray::read_contiguous() -  name: orbit_info_rgt
1692893156,499,timing,elapsed_us,41152,start_us,1692893156954924,stop_us,1692893156996076,-,DmrppArray::read_super_chunks_concurrent() -  name: gt3r_freeboard_beam_segment_beam_freeboard_longitude
1692893156,499,timing,elapsed_us,43594,start_us,1692893156666538,stop_us,1692893156710132,-,DmrppArray::read_super_chunks_concurrent() -  name: gt1l_freeboard_beam_segment_beam_freeboard_latitude
1692893156,499,timing,elapsed_us,45062,start_us,1692893156909158,stop_us,1692893156954220,-,DmrppArray::read_super_chunks_concurrent() -  name: gt2l_freeboard_beam_segment_beam_freeboard_latitude
1692893156,499,timing,elapsed_us,46909,start_us,1692893156771223,stop_us,1692893156818132,-,DmrppArray::read_super_chunks_concurrent() -  name: gt3l_freeboard_beam_segment_beam_freeboard_latitude
1692893156,499,timing,elapsed_us,56804,start_us,1692893156037528,stop_us,1692893156094332,-,DmrppArray::read_contiguous() -  name: orbit_info_crossing_time
1692893156,499,timing,elapsed_us,59605,start_us,1692893156710953,stop_us,1692893156770558,-,DmrppArray::read_super_chunks_concurrent() -  name: gt3l_freeboard_beam_segment_beam_freeboard_longitude
1692893156,499,timing,elapsed_us,73444,start_us,1692893156512991,stop_us,1692893156586435,-,DmrppArray::read_super_chunks_concurrent() -  name: gt2r_freeboard_beam_segment_beam_freeboard_latitude
1692893156,499,timing,elapsed_us,78041,start_us,1692893156434336,stop_us,1692893156512377,-,DmrppArray::read_super_chunks_concurrent() -  name: gt2r_freeboard_beam_segment_beam_freeboard_longitude
1692893156,499,timing,elapsed_us,78718,start_us,1692893156587124,stop_us,1692893156665842,-,DmrppArray::read_super_chunks_concurrent() -  name: gt1l_freeboard_beam_segment_beam_freeboard_longitude
1692893156,499,timing,elapsed_us,89796,start_us,1692893156818724,stop_us,1692893156908520,-,DmrppArray::read_super_chunks_concurrent() -  name: gt2l_freeboard_beam_segment_beam_freeboard_longitude
1692893157,499,timing,elapsed_us,1783322,start_us,1692893155256646,stop_us,1692893157039968,-,BESDapResponseBuilder::serialize_dap4_data() - Timer
1692893157,499,timing,elapsed_us,1783606,start_us,1692893155256382,stop_us,1692893157039988,http-nio-8080-exec-6:34[bes_client:/-1],get dap for d1 return as dap2; transmitting
1692893157,499,timing,elapsed_us,186,start_us,1692893157041700,stop_us,1692893157041886,-,BESInterface::execute_request
1692893157,499,timing,elapsed_us,215,start_us,1692893157041696,stop_us,1692893157041911,-,BESServerHandler::execute
1692893157,499,timing,elapsed_us,43004,start_us,1692893156996809,stop_us,1692893157039813,-,DmrppArray::read_super_chunks_concurrent() -  name: gt3r_freeboard_beam_segment_beam_freeboard_latitude
1692893157,499,timing,elapsed_us,4315245,start_us,1692893152724754,stop_us,1692893157039999,-,BESInterface::execute_request
1692893157,499,timing,elapsed_us,4316944,start_us,1692893152724727,stop_us,1692893157041671,-,BESServerHandler::execute
1692893157,499,timing,elapsed_us,6,start_us,1692893157041873,stop_us,1692893157041879,client: /-1:61,show status; transmitting
1692893193,499,timing,elapsed_us,306792,start_us,1692893192876828,stop_us,1692893193183620,-,RemoteResource::get_url() - source url: https://cmr.uat.earthdata.nasa.gov/search/granules.umm_json_v1_4?collection_concept_id=C1241426998-NSIDC_CUAT&granule_ur=ATL12_20200101002212_00810601_005_02.h5
1692893193,499,timing,elapsed_us,6,start_us,1692893193184434,stop_us,1692893193184440,http-nio-8080-exec-2:30[bes_client:/-1],define d1 in default as ngapContainer with ngapContainer.dap4constraint="/orbit_info_rgt;/orbit_info_crossing_time;/gt3r_ssh_segments_latitude[0:8:];/gt3r_ssh_segments_longitude[0:8:];/gt3r_ssh_segments_delta_time[0:8:];/gt3l_ssh_segments_latitude[0:8:];/gt3l_ssh_segments_longitude[0:8:];/gt3l_ssh_segments_delta_time[0:8:];/gt2r_ssh_segments_latitude[0:8:];/gt2r_ssh_segments_longitude[0:8:];/gt2r_ssh_segments_delta_time[0:8:];/gt2l_ssh_segments_latitude[0:8:];/gt2l_ssh_segments_longitude[0:8:];/gt2l_ssh_segments_delta_time[0:8:];/gt1r_ssh_segments_latitude[0:8:];/gt1r_ssh_segments_longitude[0:8:];/gt1r_ssh_segments_delta_time[0:8:];/gt1l_ssh_segments_latitude[0:8:];/gt1l_ssh_segments_longitude[0:8:];/gt1l_ssh_segments_delta_time[0:8:]"; transmitting
1692893193,499,timing,elapsed_us,7,start_us,1692893193184151,stop_us,1692893193184158,http-nio-8080-exec-2:30[bes_client:/-1],set container in ngap values ngapContainer,collections/C1241426998-NSIDC_CUAT/granules/ATL12_20200101002212_00810601_005_02.h5; transmitting
1692893195,499,timing,elapsed_us,2398982,start_us,1692893193185269,stop_us,1692893195584251,-,RemoteResource::get_url() - source url: https://data.nsidc.uat.earthdatacloud.nasa.gov/nsidc-cumulus-uat-protected/ATLAS/ATL12/005/2020/01/ATL12_20200101002212_00810601_005_02.h5.dmrpp
1692893198,499,timing,elapsed_us,170333,start_us,1692893198560134,stop_us,1692893198730467,-,DmrppArray::read_super_chunks_concurrent() -  name: gt1r_ssh_segments_longitude
1692893198,499,timing,elapsed_us,226306,start_us,1692893198730732,stop_us,1692893198957038,-,DmrppArray::read_super_chunks_concurrent() -  name: gt2r_ssh_segments_latitude
1692893198,499,timing,elapsed_us,2504773,start_us,1692893195594394,stop_us,1692893198099167,-,CurlUtils::retrieve_effective_url() -  Following Redirects Starting With: https://data.nsidc.uat.earthdatacloud.nasa.gov/nsidc-cumulus-uat-protected/ATLAS/ATL12/005/2020/01/ATL12_20200101002212_00810601_005_02.h5
1692893198,499,timing,elapsed_us,263075,start_us,1692893198296740,stop_us,1692893198559815,-,DmrppArray::read_super_chunks_concurrent() -  name: gt1r_ssh_segments_latitude
1692893198,499,timing,elapsed_us,2702000,start_us,1692893195594351,stop_us,1692893198296351,-,DmrppArray::read_contiguous() -  name: orbit_info_rgt
1692893199,499,timing,elapsed_us,111365,start_us,1692893199144394,stop_us,1692893199255759,-,DmrppArray::read_contiguous() -  name: gt1l_ssh_segments_latitude
1692893199,499,timing,elapsed_us,152904,start_us,1692893199255849,stop_us,1692893199408753,-,DmrppArray::read_contiguous() -  name: gt1l_ssh_segments_longitude
1692893199,499,timing,elapsed_us,153823,start_us,1692893199408828,stop_us,1692893199562651,-,DmrppArray::read_contiguous() -  name: gt3l_ssh_segments_latitude
1692893199,499,timing,elapsed_us,169262,start_us,1692893199733643,stop_us,1692893199902905,-,DmrppArray::read_contiguous() -  name: gt2l_ssh_segments_latitude
1692893199,499,timing,elapsed_us,170709,start_us,1692893199562738,stop_us,1692893199733447,-,DmrppArray::read_contiguous() -  name: gt3l_ssh_segments_longitude
1692893199,499,timing,elapsed_us,186942,start_us,1692893198957292,stop_us,1692893199144234,-,DmrppArray::read_super_chunks_concurrent() -  name: gt2r_ssh_segments_longitude
1692893200,499,timing,elapsed_us,118322,start_us,1692893200800280,stop_us,1692893200918602,-,DmrppArray::read_super_chunks_concurrent() -  name: gt1r_ssh_segments_delta_time
1692893200,499,timing,elapsed_us,173120,start_us,1692893200626732,stop_us,1692893200799852,-,DmrppArray::read_contiguous() -  name: gt1l_ssh_segments_delta_time
1692893200,499,timing,elapsed_us,178787,start_us,1692893199902991,stop_us,1692893200081778,-,DmrppArray::read_contiguous() -  name: gt2l_ssh_segments_longitude
1692893200,499,timing,elapsed_us,204928,start_us,1692893200421630,stop_us,1692893200626558,-,DmrppArray::read_super_chunks_concurrent() -  name: gt3r_ssh_segments_longitude
1692893200,499,timing,elapsed_us,339294,start_us,1692893200081974,stop_us,1692893200421268,-,DmrppArray::read_super_chunks_concurrent() -  name: gt3r_ssh_segments_latitude
1692893200,499,timing,elapsed_us,81683,start_us,1692893200918779,stop_us,1692893201000462,-,DmrppArray::read_contiguous() -  name: gt2l_ssh_segments_delta_time
1692893201,499,timing,elapsed_us,125063,start_us,1692893201773633,stop_us,1692893201898696,-,DmrppArray::read_contiguous() -  name: orbit_info_crossing_time
1692893201,499,timing,elapsed_us,173578,start_us,1692893201334296,stop_us,1692893201507874,-,DmrppArray::read_contiguous() -  name: gt3l_ssh_segments_delta_time
1692893201,499,timing,elapsed_us,221,start_us,1692893201900518,stop_us,1692893201900739,-,BESInterface::execute_request
1692893201,499,timing,elapsed_us,250,start_us,1692893201900514,stop_us,1692893201900764,-,BESServerHandler::execute
1692893201,499,timing,elapsed_us,265403,start_us,1692893201508081,stop_us,1692893201773484,-,DmrppArray::read_super_chunks_concurrent() -  name: gt3r_ssh_segments_delta_time
1692893201,499,timing,elapsed_us,333505,start_us,1692893201000635,stop_us,1692893201334140,-,DmrppArray::read_super_chunks_concurrent() -  name: gt2r_ssh_segments_delta_time
1692893201,499,timing,elapsed_us,6306127,start_us,1692893195592828,stop_us,1692893201898955,-,BESDapResponseBuilder::serialize_dap4_data() - Timer
1692893201,499,timing,elapsed_us,6306511,start_us,1692893195592483,stop_us,1692893201898994,http-nio-8080-exec-2:30[bes_client:/-1],get dap for d1 return as dap2; transmitting
1692893201,499,timing,elapsed_us,9,start_us,1692893201900719,stop_us,1692893201900728,client: /-1:63,show status; transmitting
1692893201,499,timing,elapsed_us,9026329,start_us,1692893192872689,stop_us,1692893201899018,-,BESInterface::execute_request
1692893201,499,timing,elapsed_us,9027832,start_us,1692893192872663,stop_us,1692893201900495,-,BESServerHandler::execute
1692893239,499,timing,elapsed_us,251010,start_us,1692893239169560,stop_us,1692893239420570,-,RemoteResource::get_url() - source url: https://cmr.uat.earthdata.nasa.gov/search/granules.umm_json_v1_4?collection_concept_id=C1241426998-NSIDC_CUAT&granule_ur=ATL12_20200101002212_00810601_005_02.h5
1692893239,499,timing,elapsed_us,6,start_us,1692893239421309,stop_us,1692893239421315,http-nio-8080-exec-9:37[bes_client:/-1],define d1 in default as ngapContainer with ngapContainer.dap4constraint="/orbit_info_rgt;/orbit_info_crossing_time;/gt3r_ssh_segments_latitude[0:8:];/gt3r_ssh_segments_longitude[0:8:];/gt3r_ssh_segments_delta_time[0:8:];/gt3l_ssh_segments_latitude[0:8:];/gt3l_ssh_segments_longitude[0:8:];/gt3l_ssh_segments_delta_time[0:8:];/gt2r_ssh_segments_latitude[0:8:];/gt2r_ssh_segments_longitude[0:8:];/gt2r_ssh_segments_delta_time[0:8:];/gt2l_ssh_segments_latitude[0:8:];/gt2l_ssh_segments_longitude[0:8:];/gt2l_ssh_segments_delta_time[0:8:];/gt1r_ssh_segments_latitude[0:8:];/gt1r_ssh_segments_longitude[0:8:];/gt1r_ssh_segments_delta_time[0:8:];/gt1l_ssh_segments_latitude[0:8:];/gt1l_ssh_segments_longitude[0:8:];/gt1l_ssh_segments_delta_time[0:8:]"; transmitting
1692893239,499,timing,elapsed_us,8,start_us,1692893239421129,stop_us,1692893239421137,http-nio-8080-exec-9:37[bes_client:/-1],set container in ngap values ngapContainer,collections/C1241426998-NSIDC_CUAT/granules/ATL12_20200101002212_00810601_005_02.h5; transmitting
1692893241,499,timing,elapsed_us,114269,start_us,1692893241727160,stop_us,1692893241841429,-,DmrppArray::read_contiguous() -  name: orbit_info_rgt
1692893241,499,timing,elapsed_us,115300,start_us,1692893241841878,stop_us,1692893241957178,-,DmrppArray::read_super_chunks_concurrent() -  name: gt1r_ssh_segments_latitude
1692893241,499,timing,elapsed_us,2295328,start_us,1692893239422130,stop_us,1692893241717458,-,RemoteResource::get_url() - source url: https://data.nsidc.uat.earthdatacloud.nasa.gov/nsidc-cumulus-uat-protected/ATLAS/ATL12/005/2020/01/ATL12_20200101002212_00810601_005_02.h5.dmrpp
1692893241,499,timing,elapsed_us,30794,start_us,1692893241957542,stop_us,1692893241988336,-,DmrppArray::read_super_chunks_concurrent() -  name: gt1r_ssh_segments_longitude
1692893242,499,timing,elapsed_us,135097,start_us,1692893242144693,stop_us,1692893242279790,-,DmrppArray::read_super_chunks_concurrent() -  name: gt2r_ssh_segments_longitude
1692893242,499,timing,elapsed_us,150846,start_us,1692893242736496,stop_us,1692893242887342,-,DmrppArray::read_super_chunks_concurrent() -  name: gt1r_ssh_segments_delta_time
1692893242,499,timing,elapsed_us,154592,start_us,1692893242423325,stop_us,1692893242577917,-,DmrppArray::read_super_chunks_concurrent() -  name: gt3r_ssh_segments_latitude
1692893242,499,timing,elapsed_us,155866,start_us,1692893241988557,stop_us,1692893242144423,-,DmrppArray::read_super_chunks_concurrent() -  name: gt2r_ssh_segments_latitude
1692893242,499,timing,elapsed_us,18623,start_us,1692893242316445,stop_us,1692893242335068,-,DmrppArray::read_contiguous() -  name: gt1l_ssh_segments_longitude
1692893242,499,timing,elapsed_us,20554,start_us,1692893242402415,stop_us,1692893242422969,-,DmrppArray::read_contiguous() -  name: gt2l_ssh_segments_longitude
1692893242,499,timing,elapsed_us,21089,start_us,1692893242356531,stop_us,1692893242377620,-,DmrppArray::read_contiguous() -  name: gt3l_ssh_segments_longitude
1692893242,499,timing,elapsed_us,21198,start_us,1692893242335254,stop_us,1692893242356452,-,DmrppArray::read_contiguous() -  name: gt3l_ssh_segments_latitude
1692893242,499,timing,elapsed_us,24632,start_us,1692893242377702,stop_us,1692893242402334,-,DmrppArray::read_contiguous() -  name: gt2l_ssh_segments_latitude
1692893242,499,timing,elapsed_us,28680,start_us,1692893242887513,stop_us,1692893242916193,-,DmrppArray::read_contiguous() -  name: gt2l_ssh_segments_delta_time
1692893242,499,timing,elapsed_us,36281,start_us,1692893242280076,stop_us,1692893242316357,-,DmrppArray::read_contiguous() -  name: gt1l_ssh_segments_latitude
1692893242,499,timing,elapsed_us,70466,start_us,1692893242665835,stop_us,1692893242736301,-,DmrppArray::read_contiguous() -  name: gt1l_ssh_segments_delta_time
1692893242,499,timing,elapsed_us,87452,start_us,1692893242578218,stop_us,1692893242665670,-,DmrppArray::read_super_chunks_concurrent() -  name: gt3r_ssh_segments_longitude
1692893243,499,timing,elapsed_us,125871,start_us,1692893242916398,stop_us,1692893243042269,-,DmrppArray::read_super_chunks_concurrent() -  name: gt2r_ssh_segments_delta_time
1692893243,499,timing,elapsed_us,138513,start_us,1692893243133473,stop_us,1692893243271986,-,DmrppArray::read_super_chunks_concurrent() -  name: gt3r_ssh_segments_delta_time
1692893243,499,timing,elapsed_us,1565149,start_us,1692893241725640,stop_us,1692893243290789,-,BESDapResponseBuilder::serialize_dap4_data() - Timer
1692893243,499,timing,elapsed_us,1565522,start_us,1692893241725298,stop_us,1692893243290820,http-nio-8080-exec-9:37[bes_client:/-1],get dap for d1 return as dap2; transmitting
1692893243,499,timing,elapsed_us,18400,start_us,1692893243272121,stop_us,1692893243290521,-,DmrppArray::read_contiguous() -  name: orbit_info_crossing_time
1692893243,499,timing,elapsed_us,186,start_us,1692893243292237,stop_us,1692893243292423,-,BESInterface::execute_request
1692893243,499,timing,elapsed_us,215,start_us,1692893243292233,stop_us,1692893243292448,-,BESServerHandler::execute
1692893243,499,timing,elapsed_us,4126091,start_us,1692893239164755,stop_us,1692893243290846,-,BESInterface::execute_request
1692893243,499,timing,elapsed_us,4127483,start_us,1692893239164723,stop_us,1692893243292206,-,BESServerHandler::execute
1692893243,499,timing,elapsed_us,7,start_us,1692893243292408,stop_us,1692893243292415,client: /-1:65,show status; transmitting
1692893243,499,timing,elapsed_us,90694,start_us,1692893243042437,stop_us,1692893243133131,-,DmrppArray::read_contiguous() -  name: gt3l_ssh_segments_delta_time
1692893304,499,timing,elapsed_us,220801,start_us,1692893304149194,stop_us,1692893304369995,-,RemoteResource::get_url() - source url: https://cmr.uat.earthdata.nasa.gov/search/granules.umm_json_v1_4?collection_concept_id=C1241426998-NSIDC_CUAT&granule_ur=ATL12_20200101002212_00810601_005_02.h5
1692893304,499,timing,elapsed_us,6,start_us,1692893304370635,stop_us,1692893304370641,http-nio-8080-exec-1:29[bes_client:/-1],define d1 in default as ngapContainer with ngapContainer.dap4constraint="/orbit_info_rgt;/orbit_info_crossing_time;/gt3r_ssh_segments_latitude[0:8:];/gt3r_ssh_segments_longitude[0:8:];/gt3r_ssh_segments_delta_time[0:8:];/gt3l_ssh_segments_latitude[0:8:];/gt3l_ssh_segments_longitude[0:8:];/gt3l_ssh_segments_delta_time[0:8:];/gt2r_ssh_segments_latitude[0:8:];/gt2r_ssh_segments_longitude[0:8:];/gt2r_ssh_segments_delta_time[0:8:];/gt2l_ssh_segments_latitude[0:8:];/gt2l_ssh_segments_longitude[0:8:];/gt2l_ssh_segments_delta_time[0:8:];/gt1r_ssh_segments_latitude[0:8:];/gt1r_ssh_segments_longitude[0:8:];/gt1r_ssh_segments_delta_time[0:8:];/gt1l_ssh_segments_latitude[0:8:];/gt1l_ssh_segments_longitude[0:8:];/gt1l_ssh_segments_delta_time[0:8:]"; transmitting
1692893304,499,timing,elapsed_us,9,start_us,1692893304370452,stop_us,1692893304370461,http-nio-8080-exec-1:29[bes_client:/-1],set container in ngap values ngapContainer,collections/C1241426998-NSIDC_CUAT/granules/ATL12_20200101002212_00810601_005_02.h5; transmitting
1692893306,499,timing,elapsed_us,21721,start_us,1692893306914332,stop_us,1692893306936053,-,DmrppArray::read_super_chunks_concurrent() -  name: gt1r_ssh_segments_longitude
1692893306,499,timing,elapsed_us,2388595,start_us,1692893304371464,stop_us,1692893306760059,-,RemoteResource::get_url() - source url: https://data.nsidc.uat.earthdatacloud.nasa.gov/nsidc-cumulus-uat-protected/ATLAS/ATL12/005/2020/01/ATL12_20200101002212_00810601_005_02.h5.dmrpp
1692893306,499,timing,elapsed_us,57369,start_us,1692893306936305,stop_us,1692893306993674,-,DmrppArray::read_super_chunks_concurrent() -  name: gt2r_ssh_segments_latitude
1692893306,499,timing,elapsed_us,67134,start_us,1692893306770625,stop_us,1692893306837759,-,DmrppArray::read_contiguous() -  name: orbit_info_rgt
1692893306,499,timing,elapsed_us,75926,start_us,1692893306838098,stop_us,1692893306914024,-,DmrppArray::read_super_chunks_concurrent() -  name: gt1r_ssh_segments_latitude
1692893307,499,timing,elapsed_us,117549,start_us,1692893307093805,stop_us,1692893307211354,-,DmrppArray::read_contiguous() -  name: gt1l_ssh_segments_longitude
1692893307,499,timing,elapsed_us,16907,start_us,1692893307740581,stop_us,1692893307757488,-,DmrppArray::read_contiguous() -  name: orbit_info_crossing_time
1692893307,499,timing,elapsed_us,18120,start_us,1692893307211554,stop_us,1692893307229674,-,DmrppArray::read_contiguous() -  name: gt3l_ssh_segments_latitude
1692893307,499,timing,elapsed_us,182,start_us,1692893307758827,stop_us,1692893307759009,-,BESInterface::execute_request
1692893307,499,timing,elapsed_us,18949,start_us,1692893307229754,stop_us,1692893307248703,-,DmrppArray::read_contiguous() -  name: gt3l_ssh_segments_longitude
1692893307,499,timing,elapsed_us,19694,start_us,1692893307677105,stop_us,1692893307696799,-,DmrppArray::read_contiguous() -  name: gt3l_ssh_segments_delta_time
1692893307,499,timing,elapsed_us,20097,start_us,1692893307248790,stop_us,1692893307268887,-,DmrppArray::read_contiguous() -  name: gt2l_ssh_segments_latitude
1692893307,499,timing,elapsed_us,210,start_us,1692893307758823,stop_us,1692893307759033,-,BESServerHandler::execute
1692893307,499,timing,elapsed_us,29782,start_us,1692893307063945,stop_us,1692893307093727,-,DmrppArray::read_contiguous() -  name: gt1l_ssh_segments_latitude
1692893307,499,timing,elapsed_us,32352,start_us,1692893307268972,stop_us,1692893307301324,-,DmrppArray::read_contiguous() -  name: gt2l_ssh_segments_longitude
1692893307,499,timing,elapsed_us,3612975,start_us,1692893304144742,stop_us,1692893307757717,-,BESInterface::execute_request
1692893307,499,timing,elapsed_us,3614096,start_us,1692893304144708,stop_us,1692893307758804,-,BESServerHandler::execute
1692893307,499,timing,elapsed_us,40003,start_us,1692893307532773,stop_us,1692893307572776,-,DmrppArray::read_super_chunks_concurrent() -  name: gt1r_ssh_segments_delta_time
1692893307,499,timing,elapsed_us,42487,start_us,1692893307572931,stop_us,1692893307615418,-,DmrppArray::read_contiguous() -  name: gt2l_ssh_segments_delta_time
1692893307,499,timing,elapsed_us,43430,start_us,1692893307697005,stop_us,1692893307740435,-,DmrppArray::read_super_chunks_concurrent() -  name: gt3r_ssh_segments_delta_time
1692893307,499,timing,elapsed_us,6,start_us,1692893307758996,stop_us,1692893307759002,client: /-1:67,show status; transmitting
1692893307,499,timing,elapsed_us,61234,start_us,1692893307615726,stop_us,1692893307676960,-,DmrppArray::read_super_chunks_concurrent() -  name: gt2r_ssh_segments_delta_time
1692893307,499,timing,elapsed_us,67447,start_us,1692893307301542,stop_us,1692893307368989,-,DmrppArray::read_super_chunks_concurrent() -  name: gt3r_ssh_segments_latitude
1692893307,499,timing,elapsed_us,69880,start_us,1692893306993912,stop_us,1692893307063792,-,DmrppArray::read_super_chunks_concurrent() -  name: gt2r_ssh_segments_longitude
1692893307,499,timing,elapsed_us,72796,start_us,1692893307369298,stop_us,1692893307442094,-,DmrppArray::read_super_chunks_concurrent() -  name: gt3r_ssh_segments_longitude
1692893307,499,timing,elapsed_us,90173,start_us,1692893307442261,stop_us,1692893307532434,-,DmrppArray::read_contiguous() -  name: gt1l_ssh_segments_delta_time
1692893307,499,timing,elapsed_us,988589,start_us,1692893306769105,stop_us,1692893307757694,-,BESDapResponseBuilder::serialize_dap4_data() - Timer
1692893307,499,timing,elapsed_us,988944,start_us,1692893306768763,stop_us,1692893307757707,http-nio-8080-exec-1:29[bes_client:/-1],get dap for d1 return as dap2; transmitting
1692893327,499,timing,elapsed_us,234024,start_us,1692893327389464,stop_us,1692893327623488,-,RemoteResource::get_url() - source url: https://cmr.uat.earthdata.nasa.gov/search/granules.umm_json_v1_4?collection_concept_id=C1241427013-NSIDC_CUAT&granule_ur=ATL13_20200101002212_00810601_005_01.h5
1692893327,499,timing,elapsed_us,7,start_us,1692893327623908,stop_us,1692893327623915,http-nio-8080-exec-8:36[bes_client:/-1],set container in ngap values ngapContainer,collections/C1241427013-NSIDC_CUAT/granules/ATL13_20200101002212_00810601_005_01.h5; transmitting
1692893327,499,timing,elapsed_us,7,start_us,1692893327624092,stop_us,1692893327624099,http-nio-8080-exec-8:36[bes_client:/-1],define d1 in default as ngapContainer with ngapContainer.dap4constraint="/orbit_info_rgt;/orbit_info_crossing_time;/gt3r_segment_lat[0:256:];/gt3r_segment_lon[0:256:];/gt3r_delta_time[0:256:];/gt3l_segment_lat[0:256:];/gt3l_segment_lon[0:256:];/gt3l_delta_time[0:256:];/gt2r_segment_lat[0:256:];/gt2r_segment_lon[0:256:];/gt2r_delta_time[0:256:];/gt2l_segment_lat[0:256:];/gt2l_segment_lon[0:256:];/gt2l_delta_time[0:256:];/gt1r_segment_lat[0:256:];/gt1r_segment_lon[0:256:];/gt1r_delta_time[0:256:];/gt1l_segment_lat[0:256:];/gt1l_segment_lon[0:256:];/gt1l_delta_time[0:256:]"; transmitting
1692893330,499,timing,elapsed_us,2409983,start_us,1692893327624924,stop_us,1692893330034907,-,RemoteResource::get_url() - source url: https://data.nsidc.uat.earthdatacloud.nasa.gov/nsidc-cumulus-uat-protected/ATLAS/ATL13/005/2020/01/ATL13_20200101002212_00810601_005_01.h5.dmrpp
1692893332,499,timing,elapsed_us,18552,start_us,1692893332924986,stop_us,1692893332943538,-,DmrppArray::read_super_chunks_concurrent() -  name: gt2l_segment_lon
1692893332,499,timing,elapsed_us,19346,start_us,1692893332943742,stop_us,1692893332963088,-,DmrppArray::read_super_chunks_concurrent() -  name: gt2l_segment_lat
1692893332,499,timing,elapsed_us,21799,start_us,1692893332902989,stop_us,1692893332924788,-,DmrppArray::read_super_chunks_concurrent() -  name: gt3l_segment_lat
1692893332,499,timing,elapsed_us,2333922,start_us,1692893330046630,stop_us,1692893332380552,-,CurlUtils::retrieve_effective_url() -  Following Redirects Starting With: https://data.nsidc.uat.earthdatacloud.nasa.gov/nsidc-cumulus-uat-protected/ATLAS/ATL13/005/2020/01/ATL13_20200101002212_00810601_005_01.h5
1692893332,499,timing,elapsed_us,2432314,start_us,1692893330046587,stop_us,1692893332478901,-,DmrppArray::read_contiguous() -  name: orbit_info_rgt
1692893332,499,timing,elapsed_us,25843,start_us,1692893332876883,stop_us,1692893332902726,-,DmrppArray::read_super_chunks_concurrent() -  name: gt3l_segment_lon
1692893332,499,timing,elapsed_us,37793,start_us,1692893332576818,stop_us,1692893332614611,-,DmrppArray::read_super_chunks_concurrent() -  name: gt1r_segment_lat
1692893332,499,timing,elapsed_us,48960,start_us,1692893332766981,stop_us,1692893332815941,-,DmrppArray::read_super_chunks_concurrent() -  name: gt1l_segment_lon
1692893332,499,timing,elapsed_us,60425,start_us,1692893332816232,stop_us,1692893332876657,-,DmrppArray::read_super_chunks_concurrent() -  name: gt1l_segment_lat
1692893332,499,timing,elapsed_us,71458,start_us,1692893332615493,stop_us,1692893332686951,-,DmrppArray::read_super_chunks_concurrent() -  name: gt2r_segment_lon
1692893332,499,timing,elapsed_us,79067,start_us,1692893332687600,stop_us,1692893332766667,-,DmrppArray::read_super_chunks_concurrent() -  name: gt2r_segment_lat
1692893332,499,timing,elapsed_us,96292,start_us,1692893332479574,stop_us,1692893332575866,-,DmrppArray::read_super_chunks_concurrent() -  name: gt1r_segment_lon
1692893333,499,timing,elapsed_us,102800,start_us,1692893333006204,stop_us,1692893333109004,-,DmrppArray::read_super_chunks_concurrent() -  name: gt3r_segment_lat
1692893333,499,timing,elapsed_us,134998,start_us,1692893333204585,stop_us,1692893333339583,-,DmrppArray::read_super_chunks_concurrent() -  name: gt3l_delta_time
1692893333,499,timing,elapsed_us,21684,start_us,1692893333157884,stop_us,1692893333179568,-,DmrppArray::read_super_chunks_concurrent() -  name: gt2l_delta_time
1692893333,499,timing,elapsed_us,22308,start_us,1692893333109608,stop_us,1692893333131916,-,DmrppArray::read_super_chunks_concurrent() -  name: gt1l_delta_time
1692893333,499,timing,elapsed_us,24266,start_us,1692893333180054,stop_us,1692893333204320,-,DmrppArray::read_super_chunks_concurrent() -  name: gt2r_delta_time
1692893333,499,timing,elapsed_us,25064,start_us,1692893333132573,stop_us,1692893333157637,-,DmrppArray::read_super_chunks_concurrent() -  name: gt1r_delta_time
1692893333,499,timing,elapsed_us,3450982,start_us,1692893330045143,stop_us,1692893333496125,-,BESDapResponseBuilder::serialize_dap4_data() - Timer
1692893333,499,timing,elapsed_us,3451355,start_us,1692893330044800,stop_us,1692893333496155,http-nio-8080-exec-8:36[bes_client:/-1],get dap for d1 return as dap2; transmitting
1692893333,499,timing,elapsed_us,41838,start_us,1692893332963789,stop_us,1692893333005627,-,DmrppArray::read_super_chunks_concurrent() -  name: gt3r_segment_lon
1692893333,499,timing,elapsed_us,588,start_us,1692893333497532,stop_us,1692893333498120,-,BESInterface::execute_request
1692893333,499,timing,elapsed_us,6,start_us,1692893333498106,stop_us,1692893333498112,client: /-1:69,show status; transmitting
1692893333,499,timing,elapsed_us,6111486,start_us,1692893327384695,stop_us,1692893333496181,-,BESInterface::execute_request
1692893333,499,timing,elapsed_us,6112826,start_us,1692893327384680,stop_us,1692893333497506,-,BESServerHandler::execute
1692893333,499,timing,elapsed_us,617,start_us,1692893333497528,stop_us,1692893333498145,-,BESServerHandler::execute
1692893333,499,timing,elapsed_us,69002,start_us,1692893333426826,stop_us,1692893333495828,-,DmrppArray::read_contiguous() -  name: orbit_info_crossing_time
1692893333,499,timing,elapsed_us,86439,start_us,1692893333340285,stop_us,1692893333426724,-,DmrppArray::read_super_chunks_concurrent() -  name: gt3r_delta_time
1692893381,499,timing,elapsed_us,370769,start_us,1692893380969709,stop_us,1692893381340478,-,RemoteResource::get_url() - source url: https://cmr.uat.earthdata.nasa.gov/search/granules.umm_json_v1_4?collection_concept_id=C1241427013-NSIDC_CUAT&granule_ur=ATL13_20200101002212_00810601_005_01.h5
1692893381,499,timing,elapsed_us,7,start_us,1692893381341174,stop_us,1692893381341181,http-nio-8080-exec-4:32[bes_client:/-1],define d1 in default as ngapContainer with ngapContainer.dap4constraint="/orbit_info_rgt;/orbit_info_crossing_time;/gt3r_segment_lat[0:256:];/gt3r_segment_lon[0:256:];/gt3r_delta_time[0:256:];/gt3l_segment_lat[0:256:];/gt3l_segment_lon[0:256:];/gt3l_delta_time[0:256:];/gt2r_segment_lat[0:256:];/gt2r_segment_lon[0:256:];/gt2r_delta_time[0:256:];/gt2l_segment_lat[0:256:];/gt2l_segment_lon[0:256:];/gt2l_delta_time[0:256:];/gt1r_segment_lat[0:256:];/gt1r_segment_lon[0:256:];/gt1r_delta_time[0:256:];/gt1l_segment_lat[0:256:];/gt1l_segment_lon[0:256:];/gt1l_delta_time[0:256:]"; transmitting
1692893381,499,timing,elapsed_us,8,start_us,1692893381340943,stop_us,1692893381340951,http-nio-8080-exec-4:32[bes_client:/-1],set container in ngap values ngapContainer,collections/C1241427013-NSIDC_CUAT/granules/ATL13_20200101002212_00810601_005_01.h5; transmitting
1692893383,499,timing,elapsed_us,113887,start_us,1692893383747807,stop_us,1692893383861694,-,DmrppArray::read_super_chunks_concurrent() -  name: gt1r_segment_lon
1692893383,499,timing,elapsed_us,2307790,start_us,1692893381341997,stop_us,1692893383649787,-,RemoteResource::get_url() - source url: https://data.nsidc.uat.earthdatacloud.nasa.gov/nsidc-cumulus-uat-protected/ATLAS/ATL13/005/2020/01/ATL13_20200101002212_00810601_005_01.h5.dmrpp
1692893383,499,timing,elapsed_us,85866,start_us,1692893383661072,stop_us,1692893383746938,-,DmrppArray::read_contiguous() -  name: orbit_info_rgt
1692893384,499,timing,elapsed_us,130003,start_us,1692893384820543,stop_us,1692893384950546,-,DmrppArray::read_super_chunks_concurrent() -  name: gt3r_segment_lon
1692893384,499,timing,elapsed_us,147297,start_us,1692893383862423,stop_us,1692893384009720,-,DmrppArray::read_super_chunks_concurrent() -  name: gt1r_segment_lat
1692893384,499,timing,elapsed_us,153804,start_us,1692893384494928,stop_us,1692893384648732,-,DmrppArray::read_super_chunks_concurrent() -  name: gt1l_segment_lon
1692893384,499,timing,elapsed_us,203792,start_us,1692893384290796,stop_us,1692893384494588,-,DmrppArray::read_super_chunks_concurrent() -  name: gt2r_segment_lat
1692893384,499,timing,elapsed_us,22873,start_us,1692893384748980,stop_us,1692893384771853,-,DmrppArray::read_super_chunks_concurrent() -  name: gt3l_segment_lat
1692893384,499,timing,elapsed_us,23505,start_us,1692893384772096,stop_us,1692893384795601,-,DmrppArray::read_super_chunks_concurrent() -  name: gt2l_segment_lon
1692893384,499,timing,elapsed_us,24044,start_us,1692893384795839,stop_us,1692893384819883,-,DmrppArray::read_super_chunks_concurrent() -  name: gt2l_segment_lat
1692893384,499,timing,elapsed_us,279877,start_us,1692893384010364,stop_us,1692893384290241,-,DmrppArray::read_super_chunks_concurrent() -  name: gt2r_segment_lon
1692893384,499,timing,elapsed_us,38711,start_us,1692893384649037,stop_us,1692893384687748,-,DmrppArray::read_super_chunks_concurrent() -  name: gt1l_segment_lat
1692893384,499,timing,elapsed_us,60659,start_us,1692893384688045,stop_us,1692893384748704,-,DmrppArray::read_super_chunks_concurrent() -  name: gt3l_segment_lon
1692893385,499,timing,elapsed_us,128069,start_us,1692893384951277,stop_us,1692893385079346,-,DmrppArray::read_super_chunks_concurrent() -  name: gt3r_segment_lat
1692893385,499,timing,elapsed_us,1708281,start_us,1692893383659610,stop_us,1692893385367891,-,BESDapResponseBuilder::serialize_dap4_data() - Timer
1692893385,499,timing,elapsed_us,1708661,start_us,1692893383659258,stop_us,1692893385367919,http-nio-8080-exec-4:32[bes_client:/-1],get dap for d1 return as dap2; transmitting
1692893385,499,timing,elapsed_us,195,start_us,1692893385369741,stop_us,1692893385369936,-,BESInterface::execute_request
1692893385,499,timing,elapsed_us,223,start_us,1692893385369737,stop_us,1692893385369960,-,BESServerHandler::execute
1692893385,499,timing,elapsed_us,23509,start_us,1692893385156326,stop_us,1692893385179835,-,DmrppArray::read_super_chunks_concurrent() -  name: gt2l_delta_time
1692893385,499,timing,elapsed_us,33982,start_us,1692893385122115,stop_us,1692893385156097,-,DmrppArray::read_super_chunks_concurrent() -  name: gt1r_delta_time
1692893385,499,timing,elapsed_us,37738,start_us,1692893385180433,stop_us,1692893385218171,-,DmrppArray::read_super_chunks_concurrent() -  name: gt2r_delta_time
1692893385,499,timing,elapsed_us,41709,start_us,1692893385079736,stop_us,1692893385121445,-,DmrppArray::read_super_chunks_concurrent() -  name: gt1l_delta_time
1692893385,499,timing,elapsed_us,4403199,start_us,1692893380964740,stop_us,1692893385367939,-,BESInterface::execute_request
1692893385,499,timing,elapsed_us,4405000,start_us,1692893380964714,stop_us,1692893385369714,-,BESServerHandler::execute
1692893385,499,timing,elapsed_us,44278,start_us,1692893385323354,stop_us,1692893385367632,-,DmrppArray::read_contiguous() -  name: orbit_info_crossing_time
1692893385,499,timing,elapsed_us,50996,start_us,1692893385272252,stop_us,1692893385323248,-,DmrppArray::read_super_chunks_concurrent() -  name: gt3r_delta_time
1692893385,499,timing,elapsed_us,52944,start_us,1692893385218639,stop_us,1692893385271583,-,DmrppArray::read_super_chunks_concurrent() -  name: gt3l_delta_time
1692893385,499,timing,elapsed_us,7,start_us,1692893385369922,stop_us,1692893385369929,client: /-1:71,show status; transmitting
1692893417,499,timing,elapsed_us,329035,start_us,1692893416860961,stop_us,1692893417189996,-,RemoteResource::get_url() - source url: https://cmr.uat.earthdata.nasa.gov/search/granules.umm_json_v1_4?collection_concept_id=C1241427013-NSIDC_CUAT&granule_ur=ATL13_20200101002212_00810601_005_01.h5
1692893417,499,timing,elapsed_us,6,start_us,1692893417190669,stop_us,1692893417190675,http-nio-8080-exec-1:29[bes_client:/-1],define d1 in default as ngapContainer with ngapContainer.dap4constraint="/orbit_info_rgt;/orbit_info_crossing_time;/gt3r_segment_lat[0:256:];/gt3r_segment_lon[0:256:];/gt3r_delta_time[0:256:];/gt3l_segment_lat[0:256:];/gt3l_segment_lon[0:256:];/gt3l_delta_time[0:256:];/gt2r_segment_lat[0:256:];/gt2r_segment_lon[0:256:];/gt2r_delta_time[0:256:];/gt2l_segment_lat[0:256:];/gt2l_segment_lon[0:256:];/gt2l_delta_time[0:256:];/gt1r_segment_lat[0:256:];/gt1r_segment_lon[0:256:];/gt1r_delta_time[0:256:];/gt1l_segment_lat[0:256:];/gt1l_segment_lon[0:256:];/gt1l_delta_time[0:256:]"; transmitting
1692893417,499,timing,elapsed_us,8,start_us,1692893417190441,stop_us,1692893417190449,http-nio-8080-exec-1:29[bes_client:/-1],set container in ngap values ngapContainer,collections/C1241427013-NSIDC_CUAT/granules/ATL13_20200101002212_00810601_005_01.h5; transmitting
1692893419,499,timing,elapsed_us,2289990,start_us,1692893417191511,stop_us,1692893419481501,-,RemoteResource::get_url() - source url: https://data.nsidc.uat.earthdatacloud.nasa.gov/nsidc-cumulus-uat-protected/ATLAS/ATL13/005/2020/01/ATL13_20200101002212_00810601_005_01.h5.dmrpp
1692893419,499,timing,elapsed_us,24063,start_us,1692893419875940,stop_us,1692893419900003,-,DmrppArray::read_super_chunks_concurrent() -  name: gt1l_segment_lon
1692893419,499,timing,elapsed_us,52224,start_us,1692893419768008,stop_us,1692893419820232,-,DmrppArray::read_super_chunks_concurrent() -  name: gt2r_segment_lon
1692893419,499,timing,elapsed_us,54717,start_us,1692893419820775,stop_us,1692893419875492,-,DmrppArray::read_super_chunks_concurrent() -  name: gt2r_segment_lat
1692893419,499,timing,elapsed_us,73403,start_us,1692893419900290,stop_us,1692893419973693,-,DmrppArray::read_super_chunks_concurrent() -  name: gt1l_segment_lat
1692893419,499,timing,elapsed_us,87500,start_us,1692893419493763,stop_us,1692893419581263,-,DmrppArray::read_contiguous() -  name: orbit_info_rgt
1692893419,499,timing,elapsed_us,87619,start_us,1692893419679748,stop_us,1692893419767367,-,DmrppArray::read_super_chunks_concurrent() -  name: gt1r_segment_lat
1692893419,499,timing,elapsed_us,96897,start_us,1692893419582123,stop_us,1692893419679020,-,DmrppArray::read_super_chunks_concurrent() -  name: gt1r_segment_lon
1692893420,499,timing,elapsed_us,1031362,start_us,1692893419492290,stop_us,1692893420523652,-,BESDapResponseBuilder::serialize_dap4_data() - Timer
1692893420,499,timing,elapsed_us,1031734,start_us,1692893419491948,stop_us,1692893420523682,http-nio-8080-exec-1:29[bes_client:/-1],get dap for d1 return as dap2; transmitting
1692893420,499,timing,elapsed_us,196,start_us,1692893420525353,stop_us,1692893420525549,-,BESInterface::execute_request
1692893420,499,timing,elapsed_us,19994,start_us,1692893420503372,stop_us,1692893420523366,-,DmrppArray::read_contiguous() -  name: orbit_info_crossing_time
1692893420,499,timing,elapsed_us,22164,start_us,1692893420383073,stop_us,1692893420405237,-,DmrppArray::read_super_chunks_concurrent() -  name: gt2l_delta_time
1692893420,499,timing,elapsed_us,224,start_us,1692893420525349,stop_us,1692893420525573,-,BESServerHandler::execute
1692893420,499,timing,elapsed_us,24938,start_us,1692893420405811,stop_us,1692893420430749,-,DmrppArray::read_super_chunks_concurrent() -  name: gt2r_delta_time
1692893420,499,timing,elapsed_us,25137,start_us,1692893420431046,stop_us,1692893420456183,-,DmrppArray::read_super_chunks_concurrent() -  name: gt3l_delta_time
1692893420,499,timing,elapsed_us,25851,start_us,1692893420324170,stop_us,1692893420350021,-,DmrppArray::read_super_chunks_concurrent() -  name: gt1l_delta_time
1692893420,499,timing,elapsed_us,32149,start_us,1692893420350697,stop_us,1692893420382846,-,DmrppArray::read_super_chunks_concurrent() -  name: gt1r_delta_time
1692893420,499,timing,elapsed_us,36282,start_us,1692893420026196,stop_us,1692893420062478,-,DmrppArray::read_super_chunks_concurrent() -  name: gt3l_segment_lat
1692893420,499,timing,elapsed_us,3666996,start_us,1692893416856702,stop_us,1692893420523698,-,BESInterface::execute_request
1692893420,499,timing,elapsed_us,3668649,start_us,1692893416856677,stop_us,1692893420525326,-,BESServerHandler::execute
1692893420,499,timing,elapsed_us,46385,start_us,1692893420456860,stop_us,1692893420503245,-,DmrppArray::read_super_chunks_concurrent() -  name: gt3r_delta_time
1692893420,499,timing,elapsed_us,47547,start_us,1692893420062729,stop_us,1692893420110276,-,DmrppArray::read_super_chunks_concurrent() -  name: gt2l_segment_lon
1692893420,499,timing,elapsed_us,51939,start_us,1692893419973980,stop_us,1692893420025919,-,DmrppArray::read_super_chunks_concurrent() -  name: gt3l_segment_lon
1692893420,499,timing,elapsed_us,6,start_us,1692893420525536,stop_us,1692893420525542,client: /-1:73,show status; transmitting
1692893420,499,timing,elapsed_us,64184,start_us,1692893420177637,stop_us,1692893420241821,-,DmrppArray::read_super_chunks_concurrent() -  name: gt3r_segment_lon
1692893420,499,timing,elapsed_us,66442,start_us,1692893420110528,stop_us,1692893420176970,-,DmrppArray::read_super_chunks_concurrent() -  name: gt2l_segment_lat
1692893420,499,timing,elapsed_us,81303,start_us,1692893420242539,stop_us,1692893420323842,-,DmrppArray::read_super_chunks_concurrent() -  name: gt3r_segment_lat
1692893460,499,timing,elapsed_us,239860,start_us,1692893459885032,stop_us,1692893460124892,-,RemoteResource::get_url() - source url: https://cmr.uat.earthdata.nasa.gov/search/granules.umm_json_v1_4?collection_concept_id=C1241426907-NSIDC_CUAT&granule_ur=ATL08_20200101145654_00900605_005_01.h5
1692893460,499,timing,elapsed_us,8,start_us,1692893460125420,stop_us,1692893460125428,http-nio-8080-exec-1:29[bes_client:/-1],set container in ngap values ngapContainer,collections/C1241426907-NSIDC_CUAT/granules/ATL08_20200101145654_00900605_005_01.h5; transmitting
1692893460,499,timing,elapsed_us,8,start_us,1692893460125646,stop_us,1692893460125654,http-nio-8080-exec-1:29[bes_client:/-1],define d1 in default as ngapContainer with ngapContainer.dap4constraint="/orbit_info_rgt;/orbit_info_crossing_time;/gt3r_land_segments_latitude[0:8:];/gt3r_land_segments_longitude[0:8:];/gt3r_land_segments_terrain_h_te_best_fit[0:8:];/gt3r_land_segments_canopy_h_canopy[0:8:];/gt3r_land_segments_delta_time[0:8:];/gt3l_land_segments_latitude[0:8:];/gt3l_land_segments_longitude[0:8:];/gt3l_land_segments_terrain_h_te_best_fit[0:8:];/gt3l_land_segments_canopy_h_canopy[0:8:];/gt3l_land_segments_delta_time[0:8:];/gt2r_land_segments_latitude[0:8:];/gt2r_land_segments_longitude[0:8:];/gt2r_land_segments_terrain_h_te_best_fit[0:8:];/gt2r_land_segments_canopy_h_canopy[0:8:];/gt2r_land_segments_delta_time[0:8:];/gt2l_land_segments_latitude[0:8:];/gt2l_land_segments_longitude[0:8:];/gt2l_land_segments_terrain_h_te_best_fit[0:8:];/gt2l_land_segments_canopy_h_canopy[0:8:];/gt2l_land_segments_delta_time[0:8:];/gt1r_land_segments_latitude[0:8:];/gt1r_land_segments_longitude[0:8:];/gt1r_land_segments_terrain_h_te_best_fit[0:8:];/gt1r_land_segments_canopy_h_canopy[0:8:];/gt1r_land_segments_delta_time[0:8:];/gt1l_land_segments_latitude[0:8:];/gt1l_land_segments_longitude[0:8:];/gt1l_land_segments_terrain_h_te_best_fit[0:8:];/gt1l_land_segments_canopy_h_canopy[0:8:];/gt1l_land_segments_delta_time[0:8:]"; transmitting
1692893462,499,timing,elapsed_us,145517,start_us,1692893462672893,stop_us,1692893462818410,-,DmrppArray::read_contiguous() -  name: gt1r_land_segments_delta_time
1692893462,499,timing,elapsed_us,199221,start_us,1692893462473559,stop_us,1692893462672780,-,DmrppArray::read_contiguous() -  name: gt1l_land_segments_delta_time
1692893462,499,timing,elapsed_us,2326834,start_us,1692893460126507,stop_us,1692893462453341,-,RemoteResource::get_url() - source url: https://data.nsidc.uat.earthdatacloud.nasa.gov/nsidc-cumulus-uat-protected/ATLAS/ATL08/005/2020/01/01/ATL08_20200101145654_00900605_005_01.h5.dmrpp
1692893462,499,timing,elapsed_us,33640,start_us,1692893462923693,stop_us,1692893462957333,-,DmrppArray::read_contiguous() -  name: gt3l_land_segments_delta_time
1692893462,499,timing,elapsed_us,34845,start_us,1692893462818509,stop_us,1692893462853354,-,DmrppArray::read_contiguous() -  name: gt2l_land_segments_delta_time
1692893462,499,timing,elapsed_us,70112,start_us,1692893462853481,stop_us,1692893462923593,-,DmrppArray::read_contiguous() -  name: gt2r_land_segments_delta_time
1692893463,499,timing,elapsed_us,1495659,start_us,1692893462472029,stop_us,1692893463967688,-,BESDapResponseBuilder::serialize_dap4_data() - Timer
1692893463,499,timing,elapsed_us,1496073,start_us,1692893462471628,stop_us,1692893463967701,http-nio-8080-exec-1:29[bes_client:/-1],get dap for d1 return as dap2; transmitting
1692893463,499,timing,elapsed_us,155806,start_us,1692893463460532,stop_us,1692893463616338,-,DmrppArray::read_contiguous() -  name: gt3l_land_segments_canopy_h_canopy
1692893463,499,timing,elapsed_us,16595,start_us,1692893463443853,stop_us,1692893463460448,-,DmrppArray::read_contiguous() -  name: gt1l_land_segments_latitude
1692893463,499,timing,elapsed_us,16644,start_us,1692893463156548,stop_us,1692893463173192,-,DmrppArray::read_contiguous() -  name: gt1r_land_segments_latitude
1692893463,499,timing,elapsed_us,16993,start_us,1692893463332269,stop_us,1692893463349262,-,DmrppArray::read_contiguous() -  name: gt1l_land_segments_canopy_h_canopy
1692893463,499,timing,elapsed_us,17108,start_us,1692893463104384,stop_us,1692893463121492,-,DmrppArray::read_contiguous() -  name: gt1r_land_segments_canopy_h_canopy
1692893463,499,timing,elapsed_us,17305,start_us,1692893463121564,stop_us,1692893463138869,-,DmrppArray::read_contiguous() -  name: gt1r_land_segments_terrain_h_te_best_fit
1692893463,499,timing,elapsed_us,17362,start_us,1692893463769591,stop_us,1692893463786953,-,DmrppArray::read_contiguous() -  name: gt2l_land_segments_canopy_h_canopy
1692893463,499,timing,elapsed_us,17441,start_us,1692893463139034,stop_us,1692893463156475,-,DmrppArray::read_contiguous() -  name: gt1r_land_segments_longitude
1692893463,499,timing,elapsed_us,18077,start_us,1692893463879132,stop_us,1692893463897209,-,DmrppArray::read_contiguous() -  name: gt3r_land_segments_terrain_h_te_best_fit
1692893463,499,timing,elapsed_us,18319,start_us,1692893463173261,stop_us,1692893463191580,-,DmrppArray::read_contiguous() -  name: gt2r_land_segments_canopy_h_canopy
1692893463,499,timing,elapsed_us,18423,start_us,1692893463787130,stop_us,1692893463805553,-,DmrppArray::read_contiguous() -  name: gt2l_land_segments_terrain_h_te_best_fit
1692893463,499,timing,elapsed_us,19630,start_us,1692893463859302,stop_us,1692893463878932,-,DmrppArray::read_contiguous() -  name: gt3r_land_segments_canopy_h_canopy
1692893463,499,timing,elapsed_us,200,start_us,1692893463969017,stop_us,1692893463969217,-,BESInterface::execute_request
1692893463,499,timing,elapsed_us,20584,start_us,1692893463805724,stop_us,1692893463826308,-,DmrppArray::read_contiguous() -  name: gt2l_land_segments_longitude
1692893463,499,timing,elapsed_us,228,start_us,1692893463969013,stop_us,1692893463969241,-,BESServerHandler::execute
1692893463,499,timing,elapsed_us,22912,start_us,1692893463944642,stop_us,1692893463967554,-,DmrppArray::read_contiguous() -  name: gt3r_land_segments_latitude
1692893463,499,timing,elapsed_us,25494,start_us,1692893463418198,stop_us,1692893463443692,-,DmrppArray::read_contiguous() -  name: gt1l_land_segments_longitude
1692893463,499,timing,elapsed_us,26130,start_us,1692893463709101,stop_us,1692893463735231,-,DmrppArray::read_contiguous() -  name: gt3l_land_segments_longitude
1692893463,499,timing,elapsed_us,31687,start_us,1692893463020484,stop_us,1692893463052171,-,DmrppArray::read_contiguous() -  name: orbit_info_crossing_time
1692893463,499,timing,elapsed_us,31710,start_us,1692893463300471,stop_us,1692893463332181,-,DmrppArray::read_contiguous() -  name: gt2r_land_segments_latitude
1692893463,499,timing,elapsed_us,32651,start_us,1692893463826471,stop_us,1692893463859122,-,DmrppArray::read_contiguous() -  name: gt2l_land_segments_latitude
1692893463,499,timing,elapsed_us,34096,start_us,1692893463735411,stop_us,1692893463769507,-,DmrppArray::read_contiguous() -  name: gt3l_land_segments_latitude
1692893463,499,timing,elapsed_us,35310,start_us,1692893463191688,stop_us,1692893463226998,-,DmrppArray::read_contiguous() -  name: gt2r_land_segments_terrain_h_te_best_fit
1692893463,499,timing,elapsed_us,4086953,start_us,1692893459880757,stop_us,1692893463967710,-,BESInterface::execute_request
1692893463,499,timing,elapsed_us,4088271,start_us,1692893459880721,stop_us,1692893463968992,-,BESServerHandler::execute
1692893463,499,timing,elapsed_us,47249,start_us,1692893463897295,stop_us,1692893463944544,-,DmrppArray::read_contiguous() -  name: gt3r_land_segments_longitude
1692893463,499,timing,elapsed_us,5,start_us,1692893463969204,stop_us,1692893463969209,client: /-1:75,show status; transmitting
1692893463,499,timing,elapsed_us,51882,start_us,1692893463052347,stop_us,1692893463104229,-,DmrppArray::read_contiguous() -  name: orbit_info_rgt
1692893463,499,timing,elapsed_us,62968,start_us,1692893462957411,stop_us,1692893463020379,-,DmrppArray::read_contiguous() -  name: gt3r_land_segments_delta_time
1692893463,499,timing,elapsed_us,68684,start_us,1692893463349430,stop_us,1692893463418114,-,DmrppArray::read_contiguous() -  name: gt1l_land_segments_terrain_h_te_best_fit
1692893463,499,timing,elapsed_us,73140,start_us,1692893463227191,stop_us,1692893463300331,-,DmrppArray::read_contiguous() -  name: gt2r_land_segments_longitude
1692893463,499,timing,elapsed_us,92438,start_us,1692893463616478,stop_us,1692893463708916,-,DmrppArray::read_contiguous() -  name: gt3l_land_segments_terrain_h_te_best_fit
1692893481,499,timing,elapsed_us,204988,start_us,1692893480861520,stop_us,1692893481066508,-,RemoteResource::get_url() - source url: https://cmr.uat.earthdata.nasa.gov/search/granules.umm_json_v1_4?collection_concept_id=C1241426907-NSIDC_CUAT&granule_ur=ATL08_20200101145654_00900605_005_01.h5
1692893481,499,timing,elapsed_us,8,start_us,1692893481066965,stop_us,1692893481066973,http-nio-8080-exec-9:37[bes_client:/-1],set container in ngap values ngapContainer,collections/C1241426907-NSIDC_CUAT/granules/ATL08_20200101145654_00900605_005_01.h5; transmitting
1692893481,499,timing,elapsed_us,8,start_us,1692893481067328,stop_us,1692893481067336,http-nio-8080-exec-9:37[bes_client:/-1],define d1 in default as ngapContainer with ngapContainer.dap4constraint="/orbit_info_rgt;/orbit_info_crossing_time;/gt3r_land_segments_latitude[0:8:];/gt3r_land_segments_longitude[0:8:];/gt3r_land_segments_terrain_h_te_best_fit[0:8:];/gt3r_land_segments_canopy_h_canopy[0:8:];/gt3r_land_segments_delta_time[0:8:];/gt3l_land_segments_latitude[0:8:];/gt3l_land_segments_longitude[0:8:];/gt3l_land_segments_terrain_h_te_best_fit[0:8:];/gt3l_land_segments_canopy_h_canopy[0:8:];/gt3l_land_segments_delta_time[0:8:];/gt2r_land_segments_latitude[0:8:];/gt2r_land_segments_longitude[0:8:];/gt2r_land_segments_terrain_h_te_best_fit[0:8:];/gt2r_land_segments_canopy_h_canopy[0:8:];/gt2r_land_segments_delta_time[0:8:];/gt2l_land_segments_latitude[0:8:];/gt2l_land_segments_longitude[0:8:];/gt2l_land_segments_terrain_h_te_best_fit[0:8:];/gt2l_land_segments_canopy_h_canopy[0:8:];/gt2l_land_segments_delta_time[0:8:];/gt1r_land_segments_latitude[0:8:];/gt1r_land_segments_longitude[0:8:];/gt1r_land_segments_terrain_h_te_best_fit[0:8:];/gt1r_land_segments_canopy_h_canopy[0:8:];/gt1r_land_segments_delta_time[0:8:];/gt1l_land_segments_latitude[0:8:];/gt1l_land_segments_longitude[0:8:];/gt1l_land_segments_terrain_h_te_best_fit[0:8:];/gt1l_land_segments_canopy_h_canopy[0:8:];/gt1l_land_segments_delta_time[0:8:]"; transmitting
1692893483,499,timing,elapsed_us,18965,start_us,1692893483653723,stop_us,1692893483672688,-,DmrppArray::read_contiguous() -  name: gt1r_land_segments_canopy_h_canopy
1692893483,499,timing,elapsed_us,19137,start_us,1692893483492390,stop_us,1692893483511527,-,DmrppArray::read_contiguous() -  name: gt1r_land_segments_delta_time
1692893483,499,timing,elapsed_us,19300,start_us,1692893483672875,stop_us,1692893483692175,-,DmrppArray::read_contiguous() -  name: gt1r_land_segments_terrain_h_te_best_fit
1692893483,499,timing,elapsed_us,19384,start_us,1692893483535998,stop_us,1692893483555382,-,DmrppArray::read_contiguous() -  name: gt2r_land_segments_delta_time
1692893483,499,timing,elapsed_us,20472,start_us,1692893483608241,stop_us,1692893483628713,-,DmrppArray::read_contiguous() -  name: orbit_info_crossing_time
1692893483,499,timing,elapsed_us,20590,start_us,1692893483555480,stop_us,1692893483576070,-,DmrppArray::read_contiguous() -  name: gt3l_land_segments_delta_time
1692893483,499,timing,elapsed_us,21655,start_us,1692893483714318,stop_us,1692893483735973,-,DmrppArray::read_contiguous() -  name: gt1r_land_segments_latitude
1692893483,499,timing,elapsed_us,21962,start_us,1692893483692260,stop_us,1692893483714222,-,DmrppArray::read_contiguous() -  name: gt1r_land_segments_longitude
1692893483,499,timing,elapsed_us,2311540,start_us,1692893481068175,stop_us,1692893483379715,-,RemoteResource::get_url() - source url: https://data.nsidc.uat.earthdatacloud.nasa.gov/nsidc-cumulus-uat-protected/ATLAS/ATL08/005/2020/01/01/ATL08_20200101145654_00900605_005_01.h5.dmrpp
1692893483,499,timing,elapsed_us,24140,start_us,1692893483511698,stop_us,1692893483535838,-,DmrppArray::read_contiguous() -  name: gt2l_land_segments_delta_time
1692893483,499,timing,elapsed_us,24691,start_us,1692893483628883,stop_us,1692893483653574,-,DmrppArray::read_contiguous() -  name: orbit_info_rgt
1692893483,499,timing,elapsed_us,31985,start_us,1692893483576164,stop_us,1692893483608149,-,DmrppArray::read_contiguous() -  name: gt3r_land_segments_delta_time
1692893483,499,timing,elapsed_us,34158,start_us,1692893483795549,stop_us,1692893483829707,-,DmrppArray::read_contiguous() -  name: gt2r_land_segments_terrain_h_te_best_fit
1692893483,499,timing,elapsed_us,47913,start_us,1692893483829895,stop_us,1692893483877808,-,DmrppArray::read_contiguous() -  name: gt2r_land_segments_longitude
1692893483,499,timing,elapsed_us,59212,start_us,1692893483736157,stop_us,1692893483795369,-,DmrppArray::read_contiguous() -  name: gt2r_land_segments_canopy_h_canopy
1692893483,499,timing,elapsed_us,73339,start_us,1692893483877899,stop_us,1692893483951238,-,DmrppArray::read_contiguous() -  name: gt2r_land_segments_latitude
1692893483,499,timing,elapsed_us,94233,start_us,1692893483398033,stop_us,1692893483492266,-,DmrppArray::read_contiguous() -  name: gt1l_land_segments_delta_time
1692893484,499,timing,elapsed_us,1184899,start_us,1692893483396582,stop_us,1692893484581481,-,BESDapResponseBuilder::serialize_dap4_data() - Timer
1692893484,499,timing,elapsed_us,1185319,start_us,1692893483396179,stop_us,1692893484581498,http-nio-8080-exec-9:37[bes_client:/-1],get dap for d1 return as dap2; transmitting
1692893484,499,timing,elapsed_us,145268,start_us,1692893484025493,stop_us,1692893484170761,-,DmrppArray::read_contiguous() -  name: gt1l_land_segments_terrain_h_te_best_fit
1692893484,499,timing,elapsed_us,18384,start_us,1692893484382346,stop_us,1692893484400730,-,DmrppArray::read_contiguous() -  name: gt2l_land_segments_latitude
1692893484,499,timing,elapsed_us,18663,start_us,1692893484338215,stop_us,1692893484356878,-,DmrppArray::read_contiguous() -  name: gt2l_land_segments_terrain_h_te_best_fit
1692893484,499,timing,elapsed_us,20105,start_us,1692893484194690,stop_us,1692893484214795,-,DmrppArray::read_contiguous() -  name: gt1l_land_segments_latitude
1692893484,499,timing,elapsed_us,20278,start_us,1692893484247755,stop_us,1692893484268033,-,DmrppArray::read_contiguous() -  name: gt3l_land_segments_terrain_h_te_best_fit
1692893484,499,timing,elapsed_us,205,start_us,1692893484583045,stop_us,1692893484583250,-,BESInterface::execute_request
1692893484,499,timing,elapsed_us,20809,start_us,1692893484524184,stop_us,1692893484544993,-,DmrppArray::read_contiguous() -  name: gt3r_land_segments_longitude
1692893484,499,timing,elapsed_us,21627,start_us,1692893484294371,stop_us,1692893484315998,-,DmrppArray::read_contiguous() -  name: gt3l_land_segments_latitude
1692893484,499,timing,elapsed_us,21860,start_us,1692893484316186,stop_us,1692893484338046,-,DmrppArray::read_contiguous() -  name: gt2l_land_segments_canopy_h_canopy
1692893484,499,timing,elapsed_us,232,start_us,1692893484583041,stop_us,1692893484583273,-,BESServerHandler::execute
1692893484,499,timing,elapsed_us,23598,start_us,1692893484170952,stop_us,1692893484194550,-,DmrppArray::read_contiguous() -  name: gt1l_land_segments_longitude
1692893484,499,timing,elapsed_us,25220,start_us,1692893484357042,stop_us,1692893484382262,-,DmrppArray::read_contiguous() -  name: gt2l_land_segments_longitude
1692893484,499,timing,elapsed_us,26079,start_us,1692893484268207,stop_us,1692893484294286,-,DmrppArray::read_contiguous() -  name: gt3l_land_segments_longitude
1692893484,499,timing,elapsed_us,32577,start_us,1692893484214978,stop_us,1692893484247555,-,DmrppArray::read_contiguous() -  name: gt3l_land_segments_canopy_h_canopy
1692893484,499,timing,elapsed_us,36136,start_us,1692893484545174,stop_us,1692893484581310,-,DmrppArray::read_contiguous() -  name: gt3r_land_segments_latitude
1692893484,499,timing,elapsed_us,36875,start_us,1692893484487113,stop_us,1692893484523988,-,DmrppArray::read_contiguous() -  name: gt3r_land_segments_terrain_h_te_best_fit
1692893484,499,timing,elapsed_us,3724732,start_us,1692893480856777,stop_us,1692893484581509,-,BESInterface::execute_request
1692893484,499,timing,elapsed_us,3726270,start_us,1692893480856752,stop_us,1692893484583022,-,BESServerHandler::execute
1692893484,499,timing,elapsed_us,6,start_us,1692893484583236,stop_us,1692893484583242,client: /-1:77,show status; transmitting
1692893484,499,timing,elapsed_us,73999,start_us,1692893483951329,stop_us,1692893484025328,-,DmrppArray::read_contiguous() -  name: gt1l_land_segments_canopy_h_canopy
1692893484,499,timing,elapsed_us,86030,start_us,1692893484400902,stop_us,1692893484486932,-,DmrppArray::read_contiguous() -  name: gt3r_land_segments_canopy_h_canopy
1692893509,499,timing,elapsed_us,288662,start_us,1692893509421817,stop_us,1692893509710479,-,RemoteResource::get_url() - source url: https://cmr.uat.earthdata.nasa.gov/search/granules.umm_json_v1_4?collection_concept_id=C1241426907-NSIDC_CUAT&granule_ur=ATL08_20200101145654_00900605_005_01.h5
1692893509,499,timing,elapsed_us,7,start_us,1692893509710947,stop_us,1692893509710954,http-nio-8080-exec-2:30[bes_client:/-1],set container in ngap values ngapContainer,collections/C1241426907-NSIDC_CUAT/granules/ATL08_20200101145654_00900605_005_01.h5; transmitting
1692893509,499,timing,elapsed_us,8,start_us,1692893509711316,stop_us,1692893509711324,http-nio-8080-exec-2:30[bes_client:/-1],define d1 in default as ngapContainer with ngapContainer.dap4constraint="/orbit_info_rgt;/orbit_info_crossing_time;/gt3r_land_segments_latitude[0:8:];/gt3r_land_segments_longitude[0:8:];/gt3r_land_segments_terrain_h_te_best_fit[0:8:];/gt3r_land_segments_canopy_h_canopy[0:8:];/gt3r_land_segments_delta_time[0:8:];/gt3l_land_segments_latitude[0:8:];/gt3l_land_segments_longitude[0:8:];/gt3l_land_segments_terrain_h_te_best_fit[0:8:];/gt3l_land_segments_canopy_h_canopy[0:8:];/gt3l_land_segments_delta_time[0:8:];/gt2r_land_segments_latitude[0:8:];/gt2r_land_segments_longitude[0:8:];/gt2r_land_segments_terrain_h_te_best_fit[0:8:];/gt2r_land_segments_canopy_h_canopy[0:8:];/gt2r_land_segments_delta_time[0:8:];/gt2l_land_segments_latitude[0:8:];/gt2l_land_segments_longitude[0:8:];/gt2l_land_segments_terrain_h_te_best_fit[0:8:];/gt2l_land_segments_canopy_h_canopy[0:8:];/gt2l_land_segments_delta_time[0:8:];/gt1r_land_segments_latitude[0:8:];/gt1r_land_segments_longitude[0:8:];/gt1r_land_segments_terrain_h_te_best_fit[0:8:];/gt1r_land_segments_canopy_h_canopy[0:8:];/gt1r_land_segments_delta_time[0:8:];/gt1l_land_segments_latitude[0:8:];/gt1l_land_segments_longitude[0:8:];/gt1l_land_segments_terrain_h_te_best_fit[0:8:];/gt1l_land_segments_canopy_h_canopy[0:8:];/gt1l_land_segments_delta_time[0:8:]"; transmitting
1692893512,499,timing,elapsed_us,16364,start_us,1692893512745926,stop_us,1692893512762290,-,DmrppArray::read_contiguous() -  name: gt3l_land_segments_longitude
1692893512,499,timing,elapsed_us,16405,start_us,1692893512466634,stop_us,1692893512483039,-,DmrppArray::read_contiguous() -  name: gt1r_land_segments_canopy_h_canopy
1692893512,499,timing,elapsed_us,16907,start_us,1692893512667400,stop_us,1692893512684307,-,DmrppArray::read_contiguous() -  name: gt1l_land_segments_longitude
1692893512,499,timing,elapsed_us,17063,start_us,1692893512576094,stop_us,1692893512593157,-,DmrppArray::read_contiguous() -  name: gt2r_land_segments_longitude
1692893512,499,timing,elapsed_us,17147,start_us,1692893512522162,stop_us,1692893512539309,-,DmrppArray::read_contiguous() -  name: gt1r_land_segments_latitude
1692893512,499,timing,elapsed_us,17387,start_us,1692893512781223,stop_us,1692893512798610,-,DmrppArray::read_contiguous() -  name: gt2l_land_segments_canopy_h_canopy
1692893512,499,timing,elapsed_us,17451,start_us,1692893512859276,stop_us,1692893512876727,-,DmrppArray::read_contiguous() -  name: gt3r_land_segments_canopy_h_canopy
1692893512,499,timing,elapsed_us,17520,start_us,1692893512539404,stop_us,1692893512556924,-,DmrppArray::read_contiguous() -  name: gt2r_land_segments_canopy_h_canopy
1692893512,499,timing,elapsed_us,17656,start_us,1692893512395120,stop_us,1692893512412776,-,DmrppArray::read_contiguous() -  name: gt3r_land_segments_delta_time
1692893512,499,timing,elapsed_us,17670,start_us,1692893512377236,stop_us,1692893512394906,-,DmrppArray::read_contiguous() -  name: gt3l_land_segments_delta_time
1692893512,499,timing,elapsed_us,17701,start_us,1692893512412858,stop_us,1692893512430559,-,DmrppArray::read_contiguous() -  name: orbit_info_crossing_time
1692893512,499,timing,elapsed_us,17770,start_us,1692893512483216,stop_us,1692893512500986,-,DmrppArray::read_contiguous() -  name: gt1r_land_segments_terrain_h_te_best_fit
1692893512,499,timing,elapsed_us,17828,start_us,1692893512841319,stop_us,1692893512859147,-,DmrppArray::read_contiguous() -  name: gt2l_land_segments_latitude
1692893512,499,timing,elapsed_us,17939,start_us,1692893512359110,stop_us,1692893512377049,-,DmrppArray::read_contiguous() -  name: gt2r_land_segments_delta_time
1692893512,499,timing,elapsed_us,18677,start_us,1692893512340222,stop_us,1692893512358899,-,DmrppArray::read_contiguous() -  name: gt2l_land_segments_delta_time
1692893512,499,timing,elapsed_us,18682,start_us,1692893512762372,stop_us,1692893512781054,-,DmrppArray::read_contiguous() -  name: gt3l_land_segments_latitude
1692893512,499,timing,elapsed_us,18841,start_us,1692893512557110,stop_us,1692893512575951,-,DmrppArray::read_contiguous() -  name: gt2r_land_segments_terrain_h_te_best_fit
1692893512,499,timing,elapsed_us,19277,start_us,1692893512648034,stop_us,1692893512667311,-,DmrppArray::read_contiguous() -  name: gt1l_land_segments_terrain_h_te_best_fit
1692893512,499,timing,elapsed_us,19383,start_us,1692893512726353,stop_us,1692893512745736,-,DmrppArray::read_contiguous() -  name: gt3l_land_segments_terrain_h_te_best_fit
1692893512,499,timing,elapsed_us,19680,start_us,1692893512320444,stop_us,1692893512340124,-,DmrppArray::read_contiguous() -  name: gt1r_land_segments_delta_time
1692893512,499,timing,elapsed_us,20009,start_us,1692893512593241,stop_us,1692893512613250,-,DmrppArray::read_contiguous() -  name: gt2r_land_segments_latitude
1692893512,499,timing,elapsed_us,20265,start_us,1692893512706001,stop_us,1692893512726266,-,DmrppArray::read_contiguous() -  name: gt3l_land_segments_canopy_h_canopy
1692893512,499,timing,elapsed_us,20834,start_us,1692893512798787,stop_us,1692893512819621,-,DmrppArray::read_contiguous() -  name: gt2l_land_segments_terrain_h_te_best_fit
1692893512,499,timing,elapsed_us,20914,start_us,1692893512501061,stop_us,1692893512521975,-,DmrppArray::read_contiguous() -  name: gt1r_land_segments_longitude
1692893512,499,timing,elapsed_us,21428,start_us,1692893512684384,stop_us,1692893512705812,-,DmrppArray::read_contiguous() -  name: gt1l_land_segments_latitude
1692893512,499,timing,elapsed_us,21468,start_us,1692893512819783,stop_us,1692893512841251,-,DmrppArray::read_contiguous() -  name: gt2l_land_segments_longitude
1692893512,499,timing,elapsed_us,2512133,start_us,1692893509712193,stop_us,1692893512224326,-,RemoteResource::get_url() - source url: https://data.nsidc.uat.earthdatacloud.nasa.gov/nsidc-cumulus-uat-protected/ATLAS/ATL08/005/2020/01/01/ATL08_20200101145654_00900605_005_01.h5.dmrpp
1692893512,499,timing,elapsed_us,27529,start_us,1692893512918263,stop_us,1692893512945792,-,DmrppArray::read_contiguous() -  name: gt3r_land_segments_longitude
1692893512,499,timing,elapsed_us,34523,start_us,1692893512613324,stop_us,1692893512647847,-,DmrppArray::read_contiguous() -  name: gt1l_land_segments_canopy_h_canopy
1692893512,499,timing,elapsed_us,35747,start_us,1692893512430740,stop_us,1692893512466487,-,DmrppArray::read_contiguous() -  name: orbit_info_rgt
1692893512,499,timing,elapsed_us,41153,start_us,1692893512876918,stop_us,1692893512918071,-,DmrppArray::read_contiguous() -  name: gt3r_land_segments_terrain_h_te_best_fit
1692893512,499,timing,elapsed_us,76321,start_us,1692893512244015,stop_us,1692893512320336,-,DmrppArray::read_contiguous() -  name: gt1l_land_segments_delta_time
1692893513,499,timing,elapsed_us,202,start_us,1692893513036649,stop_us,1692893513036851,-,BESInterface::execute_request
1692893513,499,timing,elapsed_us,230,start_us,1692893513036645,stop_us,1692893513036875,-,BESServerHandler::execute
1692893513,499,timing,elapsed_us,3618565,start_us,1692893509416786,stop_us,1692893513035351,-,BESInterface::execute_request
1692893513,499,timing,elapsed_us,3619874,start_us,1692893509416749,stop_us,1692893513036623,-,BESServerHandler::execute
1692893513,499,timing,elapsed_us,6,start_us,1692893513036838,stop_us,1692893513036844,client: /-1:79,show status; transmitting
1692893513,499,timing,elapsed_us,792792,start_us,1692893512242537,stop_us,1692893513035329,-,BESDapResponseBuilder::serialize_dap4_data() - Timer
1692893513,499,timing,elapsed_us,793219,start_us,1692893512242123,stop_us,1692893513035342,http-nio-8080-exec-2:30[bes_client:/-1],get dap for d1 return as dap2; transmitting
1692893513,499,timing,elapsed_us,89149,start_us,1692893512945967,stop_us,1692893513035116,-,DmrppArray::read_contiguous() -  name: gt3r_land_segments_latitude
1692893562,499,timing,elapsed_us,224819,start_us,1692893562021326,stop_us,1692893562246145,-,RemoteResource::get_url() - source url: https://cmr.uat.earthdata.nasa.gov/search/granules.umm_json_v1_4?collection_concept_id=C1241426826-NSIDC_CUAT&granule_ur=ATL03_20200101145654_00900605_005_01.h5
1692893562,499,timing,elapsed_us,5,start_us,1692893562246965,stop_us,1692893562246970,http-nio-8080-exec-7:35[bes_client:/-1],define d1 in default as ngapContainer with ngapContainer.dap4constraint="/gt3r_geolocation_delta_time;/gt3r_geolocation_reference_photon_lat;/gt3r_geolocation_reference_photon_lon;/gt3r_geolocation_reference_photon_index;/gt3r_geolocation_segment_ph_cnt;/gt3r_geolocation_ph_index_beg;/gt3r_geolocation_segment_id"; transmitting
1692893562,499,timing,elapsed_us,7,start_us,1692893562246615,stop_us,1692893562246622,http-nio-8080-exec-7:35[bes_client:/-1],set container in ngap values ngapContainer,collections/C1241426826-NSIDC_CUAT/granules/ATL03_20200101145654_00900605_005_01.h5; transmitting
1692893564,499,timing,elapsed_us,2323743,start_us,1692893562247835,stop_us,1692893564571578,-,RemoteResource::get_url() - source url: https://data.nsidc.uat.earthdatacloud.nasa.gov/nsidc-cumulus-uat-protected/ATLAS/ATL03/005/2020/01/01/ATL03_20200101145654_00900605_005_01.h5.dmrpp
1692893566,499,timing,elapsed_us,2273035,start_us,1692893564612540,stop_us,1692893566885575,-,CurlUtils::retrieve_effective_url() -  Following Redirects Starting With: https://data.nsidc.uat.earthdatacloud.nasa.gov/nsidc-cumulus-uat-protected/ATLAS/ATL03/005/2020/01/01/ATL03_20200101145654_00900605_005_01.h5
1692893566,499,timing,elapsed_us,24542,start_us,1692893566958973,stop_us,1692893566983515,-,DmrppArray::read_super_chunks_unconstrained_concurrent() -  name: gt3r_geolocation_reference_photon_lon
1692893566,499,timing,elapsed_us,69757,start_us,1692893566887200,stop_us,1692893566956957,-,DmrppArray::read_super_chunks_unconstrained_concurrent() -  name: gt3r_geolocation_segment_ph_cnt
1692893567,499,timing,elapsed_us,16195,start_us,1692893567014826,stop_us,1692893567031021,-,DmrppArray::read_super_chunks_unconstrained_concurrent() -  name: gt3r_geolocation_segment_id
1692893567,499,timing,elapsed_us,16464,start_us,1692893567061848,stop_us,1692893567078312,-,DmrppArray::read_super_chunks_unconstrained_concurrent() -  name: gt3r_geolocation_reference_photon_index
1692893567,499,timing,elapsed_us,21171,start_us,1692893567079900,stop_us,1692893567101071,-,DmrppArray::read_super_chunks_unconstrained_concurrent() -  name: gt3r_geolocation_delta_time
1692893567,499,timing,elapsed_us,2493060,start_us,1692893564610729,stop_us,1692893567103789,-,BESDapResponseBuilder::serialize_dap4_data() - Timer
1692893567,499,timing,elapsed_us,2493401,start_us,1692893564610405,stop_us,1692893567103806,http-nio-8080-exec-7:35[bes_client:/-1],get dap for d1 return as dap2; transmitting
1692893567,499,timing,elapsed_us,25846,start_us,1692893567033241,stop_us,1692893567059087,-,DmrppArray::read_super_chunks_unconstrained_concurrent() -  name: gt3r_geolocation_reference_photon_lat
1692893567,499,timing,elapsed_us,25958,start_us,1692893566986075,stop_us,1692893567012033,-,DmrppArray::read_super_chunks_unconstrained_concurrent() -  name: gt3r_geolocation_ph_index_beg
1692893567,499,timing,elapsed_us,269,start_us,1692893567106200,stop_us,1692893567106469,-,BESInterface::execute_request
1692893567,499,timing,elapsed_us,300,start_us,1692893567106195,stop_us,1692893567106495,-,BESServerHandler::execute
1692893567,499,timing,elapsed_us,5087119,start_us,1692893562016695,stop_us,1692893567103814,-,BESInterface::execute_request
1692893567,499,timing,elapsed_us,5089502,start_us,1692893562016670,stop_us,1692893567106172,-,BESServerHandler::execute
1692893567,499,timing,elapsed_us,7,start_us,1692893567106455,stop_us,1692893567106462,client: /-1:81,show status; transmitting
1692893606,499,timing,elapsed_us,19,start_us,1692893606743392,stop_us,1692893606743411,http-nio-8080-exec-1:29[bes_client:/-1],set container in ngap values ngapContainer,collections/C1241426826-NSIDC_CUAT/granules/ATL03_20200101145654_00900605_005_01.h5; transmitting
1692893606,499,timing,elapsed_us,389002,start_us,1692893606353932,stop_us,1692893606742934,-,RemoteResource::get_url() - source url: https://cmr.uat.earthdata.nasa.gov/search/granules.umm_json_v1_4?collection_concept_id=C1241426826-NSIDC_CUAT&granule_ur=ATL03_20200101145654_00900605_005_01.h5
1692893606,499,timing,elapsed_us,6,start_us,1692893606744122,stop_us,1692893606744128,http-nio-8080-exec-1:29[bes_client:/-1],define d1 in default as ngapContainer with ngapContainer.dap4constraint="/gt3r_geolocation_delta_time;/gt3r_geolocation_reference_photon_lat;/gt3r_geolocation_reference_photon_lon;/gt3r_geolocation_reference_photon_index;/gt3r_geolocation_segment_ph_cnt;/gt3r_geolocation_ph_index_beg;/gt3r_geolocation_segment_id"; transmitting
1692893609,499,timing,elapsed_us,15995,start_us,1692893609345491,stop_us,1692893609361486,-,DmrppArray::read_super_chunks_unconstrained_concurrent() -  name: gt3r_geolocation_reference_photon_index
1692893609,499,timing,elapsed_us,18330,start_us,1692893609297764,stop_us,1692893609316094,-,DmrppArray::read_super_chunks_unconstrained_concurrent() -  name: gt3r_geolocation_segment_id
1692893609,499,timing,elapsed_us,18737,start_us,1692893609276329,stop_us,1692893609295066,-,DmrppArray::read_super_chunks_unconstrained_concurrent() -  name: gt3r_geolocation_ph_index_beg
1692893609,499,timing,elapsed_us,20815,start_us,1692893609362926,stop_us,1692893609383741,-,DmrppArray::read_super_chunks_unconstrained_concurrent() -  name: gt3r_geolocation_delta_time
1692893609,499,timing,elapsed_us,227,start_us,1692893609388233,stop_us,1692893609388460,-,BESInterface::execute_request
1692893609,499,timing,elapsed_us,236453,start_us,1692893609149962,stop_us,1692893609386415,-,BESDapResponseBuilder::serialize_dap4_data() - Timer
1692893609,499,timing,elapsed_us,2366652,start_us,1692893606744991,stop_us,1692893609111643,-,RemoteResource::get_url() - source url: https://data.nsidc.uat.earthdatacloud.nasa.gov/nsidc-cumulus-uat-protected/ATLAS/ATL03/005/2020/01/01/ATL03_20200101145654_00900605_005_01.h5.dmrpp
1692893609,499,timing,elapsed_us,236795,start_us,1692893609149639,stop_us,1692893609386434,http-nio-8080-exec-1:29[bes_client:/-1],get dap for d1 return as dap2; transmitting
1692893609,499,timing,elapsed_us,24862,start_us,1692893609317904,stop_us,1692893609342766,-,DmrppArray::read_super_chunks_unconstrained_concurrent() -  name: gt3r_geolocation_reference_photon_lat
1692893609,499,timing,elapsed_us,253,start_us,1692893609388230,stop_us,1692893609388483,-,BESServerHandler::execute
1692893609,499,timing,elapsed_us,3037697,start_us,1692893606348751,stop_us,1692893609386448,-,BESInterface::execute_request
1692893609,499,timing,elapsed_us,3039496,start_us,1692893606348717,stop_us,1692893609388213,-,BESServerHandler::execute
1692893609,499,timing,elapsed_us,32405,start_us,1692893609241131,stop_us,1692893609273536,-,DmrppArray::read_super_chunks_unconstrained_concurrent() -  name: gt3r_geolocation_reference_photon_lon
1692893609,499,timing,elapsed_us,6,start_us,1692893609388447,stop_us,1692893609388453,client: /-1:83,show status; transmitting
1692893609,499,timing,elapsed_us,87458,start_us,1692893609152041,stop_us,1692893609239499,-,DmrppArray::read_super_chunks_unconstrained_concurrent() -  name: gt3r_geolocation_segment_ph_cnt
1692893647,499,timing,elapsed_us,6,start_us,1692893647089744,stop_us,1692893647089750,http-nio-8080-exec-8:36[bes_client:/-1],define d1 in default as ngapContainer with ngapContainer.dap4constraint="/gt3r_geolocation_delta_time;/gt3r_geolocation_reference_photon_lat;/gt3r_geolocation_reference_photon_lon;/gt3r_geolocation_reference_photon_index;/gt3r_geolocation_segment_ph_cnt;/gt3r_geolocation_ph_index_beg;/gt3r_geolocation_segment_id"; transmitting
1692893647,499,timing,elapsed_us,671557,start_us,1692893646416943,stop_us,1692893647088500,-,RemoteResource::get_url() - source url: https://cmr.uat.earthdata.nasa.gov/search/granules.umm_json_v1_4?collection_concept_id=C1241426826-NSIDC_CUAT&granule_ur=ATL03_20200101145654_00900605_005_01.h5
1692893647,499,timing,elapsed_us,9,start_us,1692893647088994,stop_us,1692893647089003,http-nio-8080-exec-8:36[bes_client:/-1],set container in ngap values ngapContainer,collections/C1241426826-NSIDC_CUAT/granules/ATL03_20200101145654_00900605_005_01.h5; transmitting
1692893649,499,timing,elapsed_us,21067,start_us,1692893649611503,stop_us,1692893649632570,-,DmrppArray::read_super_chunks_unconstrained_concurrent() -  name: gt3r_geolocation_segment_id
1692893649,499,timing,elapsed_us,21442,start_us,1692893649587484,stop_us,1692893649608926,-,DmrppArray::read_super_chunks_unconstrained_concurrent() -  name: gt3r_geolocation_ph_index_beg
1692893649,499,timing,elapsed_us,224,start_us,1692893649745997,stop_us,1692893649746221,-,BESInterface::execute_request
1692893649,499,timing,elapsed_us,2339165,start_us,1692893647090608,stop_us,1692893649429773,-,RemoteResource::get_url() - source url: https://data.nsidc.uat.earthdatacloud.nasa.gov/nsidc-cumulus-uat-protected/ATLAS/ATL03/005/2020/01/01/ATL03_20200101145654_00900605_005_01.h5.dmrpp
1692893649,499,timing,elapsed_us,253,start_us,1692893649745993,stop_us,1692893649746246,-,BESServerHandler::execute
1692893649,499,timing,elapsed_us,27140,start_us,1692893649634364,stop_us,1692893649661504,-,DmrppArray::read_super_chunks_unconstrained_concurrent() -  name: gt3r_geolocation_reference_photon_lat
1692893649,499,timing,elapsed_us,273347,start_us,1692893649470880,stop_us,1692893649744227,-,BESDapResponseBuilder::serialize_dap4_data() - Timer
1692893649,499,timing,elapsed_us,273725,start_us,1692893649470521,stop_us,1692893649744246,http-nio-8080-exec-8:36[bes_client:/-1],get dap for d1 return as dap2; transmitting
1692893649,499,timing,elapsed_us,32396,start_us,1692893649552477,stop_us,1692893649584873,-,DmrppArray::read_super_chunks_unconstrained_concurrent() -  name: gt3r_geolocation_reference_photon_lon
1692893649,499,timing,elapsed_us,32533,start_us,1692893649708974,stop_us,1692893649741507,-,DmrppArray::read_super_chunks_unconstrained_concurrent() -  name: gt3r_geolocation_delta_time
1692893649,499,timing,elapsed_us,3331484,start_us,1692893646412771,stop_us,1692893649744255,-,BESInterface::execute_request
1692893649,499,timing,elapsed_us,3333235,start_us,1692893646412733,stop_us,1692893649745968,-,BESServerHandler::execute
1692893649,499,timing,elapsed_us,43317,start_us,1692893649664217,stop_us,1692893649707534,-,DmrppArray::read_super_chunks_unconstrained_concurrent() -  name: gt3r_geolocation_reference_photon_index
1692893649,499,timing,elapsed_us,6,start_us,1692893649746207,stop_us,1692893649746213,client: /-1:85,show status; transmitting
1692893649,499,timing,elapsed_us,78042,start_us,1692893649472949,stop_us,1692893649550991,-,DmrppArray::read_super_chunks_unconstrained_concurrent() -  name: gt3r_geolocation_segment_ph_cnt
1692893688,499,timing,elapsed_us,348466,start_us,1692893688037260,stop_us,1692893688385726,-,RemoteResource::get_url() - source url: https://cmr.uat.earthdata.nasa.gov/search/granules.umm_json_v1_4?collection_concept_id=C1241426826-NSIDC_CUAT&granule_ur=ATL03_20200101145654_00900605_005_01.h5
1692893688,499,timing,elapsed_us,6,start_us,1692893688386938,stop_us,1692893688386944,http-nio-8080-exec-4:32[bes_client:/-1],define d1 in default as ngapContainer with ngapContainer.dap4constraint="/gt3r_heights_delta_time[6710118:149:8209976];/gt3r_heights_lat_ph[6710118:149:8209976];/gt3r_heights_lon_ph[6710118:149:8209976];/gt3r_heights_h_ph[6710118:149:8209976];/gt3r_heights_signal_conf_ph[6710118:149:8209976][0:1:4]"; transmitting
1692893688,499,timing,elapsed_us,8,start_us,1692893688386170,stop_us,1692893688386178,http-nio-8080-exec-4:32[bes_client:/-1],set container in ngap values ngapContainer,collections/C1241426826-NSIDC_CUAT/granules/ATL03_20200101145654_00900605_005_01.h5; transmitting
1692893690,499,timing,elapsed_us,155014,start_us,1692893690815111,stop_us,1692893690970125,-,DmrppArray::read_super_chunks_concurrent() -  name: gt3r_heights_lat_ph
1692893690,499,timing,elapsed_us,2381825,start_us,1692893688387803,stop_us,1692893690769628,-,RemoteResource::get_url() - source url: https://data.nsidc.uat.earthdatacloud.nasa.gov/nsidc-cumulus-uat-protected/ATLAS/ATL03/005/2020/01/01/ATL03_20200101145654_00900605_005_01.h5.dmrpp
1692893691,499,timing,elapsed_us,235,start_us,1692893691305985,stop_us,1692893691306220,-,BESInterface::execute_request
1692893691,499,timing,elapsed_us,265,start_us,1692893691305981,stop_us,1692893691306246,-,BESServerHandler::execute
1692893691,499,timing,elapsed_us,31483,start_us,1692893691271359,stop_us,1692893691302842,-,DmrppArray::read_super_chunks_concurrent() -  name: gt3r_heights_delta_time
1692893691,499,timing,elapsed_us,3270555,start_us,1692893688032751,stop_us,1692893691303306,-,BESInterface::execute_request
1692893691,499,timing,elapsed_us,3273233,start_us,1692893688032721,stop_us,1692893691305954,-,BESServerHandler::execute
1692893691,499,timing,elapsed_us,493261,start_us,1692893690810016,stop_us,1692893691303277,-,BESDapResponseBuilder::serialize_dap4_data() - Timer
1692893691,499,timing,elapsed_us,493560,start_us,1692893690809737,stop_us,1692893691303297,http-nio-8080-exec-4:32[bes_client:/-1],get dap for d1 return as dap2; transmitting
1692893691,499,timing,elapsed_us,6,start_us,1692893691306206,stop_us,1692893691306212,client: /-1:87,show status; transmitting
1692893691,499,timing,elapsed_us,92267,start_us,1692893690974053,stop_us,1692893691066320,-,DmrppArray::read_super_chunks_concurrent() -  name: gt3r_heights_signal_conf_ph
1692893691,499,timing,elapsed_us,94682,start_us,1692893691172988,stop_us,1692893691267670,-,DmrppArray::read_super_chunks_concurrent() -  name: gt3r_heights_lon_ph
1692893691,499,timing,elapsed_us,99260,start_us,1692893691070165,stop_us,1692893691169425,-,DmrppArray::read_super_chunks_concurrent() -  name: gt3r_heights_h_ph
1692893707,499,timing,elapsed_us,222713,start_us,1692893706849878,stop_us,1692893707072591,-,RemoteResource::get_url() - source url: https://cmr.uat.earthdata.nasa.gov/search/granules.umm_json_v1_4?collection_concept_id=C1241426826-NSIDC_CUAT&granule_ur=ATL03_20200101145654_00900605_005_01.h5
1692893707,499,timing,elapsed_us,6,start_us,1692893707073879,stop_us,1692893707073885,http-nio-8080-exec-10:38[bes_client:/-1],define d1 in default as ngapContainer with ngapContainer.dap4constraint="/gt3r_heights_delta_time[6710118:149:8209976];/gt3r_heights_lat_ph[6710118:149:8209976];/gt3r_heights_lon_ph[6710118:149:8209976];/gt3r_heights_h_ph[6710118:149:8209976];/gt3r_heights_signal_conf_ph[6710118:149:8209976][0:1:4]"; transmitting
1692893707,499,timing,elapsed_us,7,start_us,1692893707073070,stop_us,1692893707073077,http-nio-8080-exec-10:38[bes_client:/-1],set container in ngap values ngapContainer,collections/C1241426826-NSIDC_CUAT/granules/ATL03_20200101145654_00900605_005_01.h5; transmitting
1692893709,499,timing,elapsed_us,10,start_us,1692893709871168,stop_us,1692893709871178,client: /-1:89,show status; transmitting
1692893709,499,timing,elapsed_us,145646,start_us,1692893709444520,stop_us,1692893709590166,-,DmrppArray::read_super_chunks_concurrent() -  name: gt3r_heights_lat_ph
1692893709,499,timing,elapsed_us,2324922,start_us,1692893707074720,stop_us,1692893709399642,-,RemoteResource::get_url() - source url: https://data.nsidc.uat.earthdatacloud.nasa.gov/nsidc-cumulus-uat-protected/ATLAS/ATL03/005/2020/01/01/ATL03_20200101145654_00900605_005_01.h5.dmrpp
1692893709,499,timing,elapsed_us,260,start_us,1692893709870927,stop_us,1692893709871187,-,BESInterface::execute_request
1692893709,499,timing,elapsed_us,26945,start_us,1692893709593942,stop_us,1692893709620887,-,DmrppArray::read_super_chunks_concurrent() -  name: gt3r_heights_signal_conf_ph
1692893709,499,timing,elapsed_us,292,start_us,1692893709870923,stop_us,1692893709871215,-,BESServerHandler::execute
1692893709,499,timing,elapsed_us,3023514,start_us,1692893706844760,stop_us,1692893709868274,-,BESInterface::execute_request
1692893709,499,timing,elapsed_us,3026165,start_us,1692893706844730,stop_us,1692893709870895,-,BESServerHandler::execute
1692893709,499,timing,elapsed_us,428857,start_us,1692893709439386,stop_us,1692893709868243,-,BESDapResponseBuilder::serialize_dap4_data() - Timer
1692893709,499,timing,elapsed_us,429159,start_us,1692893709439105,stop_us,1692893709868264,http-nio-8080-exec-10:38[bes_client:/-1],get dap for d1 return as dap2; transmitting
1692893709,499,timing,elapsed_us,66883,start_us,1692893709800931,stop_us,1692893709867814,-,DmrppArray::read_super_chunks_concurrent() -  name: gt3r_heights_delta_time
1692893709,499,timing,elapsed_us,74051,start_us,1692893709624410,stop_us,1692893709698461,-,DmrppArray::read_super_chunks_concurrent() -  name: gt3r_heights_h_ph
1692893709,499,timing,elapsed_us,95075,start_us,1692893709702048,stop_us,1692893709797123,-,DmrppArray::read_super_chunks_concurrent() -  name: gt3r_heights_lon_ph
1692897056,499,timing,elapsed_us,5,start_us,1692897056445543,stop_us,1692897056445548,[http-nio-8080-exec-10:38:ngap_request][bes_client:/-1],define d1 in default as ngapContainer; transmitting
1692897056,499,timing,elapsed_us,672929,start_us,1692897055771326,stop_us,1692897056444255,-,RemoteResource::get_url() - source url: https://cmr.uat.earthdata.nasa.gov/search/granules.umm_json_v1_4?collection_concept_id=C1225808238-GES_DISC&granule_ur=GPM_3IMERGHH.06%3A3B-HHR.MS.MRG.3IMERG.20210930-S000000-E002959.0000.V06B.HDF5
1692897056,499,timing,elapsed_us,8,start_us,1692897056444750,stop_us,1692897056444758,[http-nio-8080-exec-10:38:ngap_request][bes_client:/-1],set container in ngap values ngapContainer,collections/C1225808238-GES_DISC/granules/GPM_3IMERGHH.06:3B-HHR.MS.MRG.3IMERG.20210930-S000000-E002959.0000.V06B.HDF5; transmitting
1692897059,499,timing,elapsed_us,103,start_us,1692897059018788,stop_us,1692897059018891,-,BESInterface::execute_request
1692897059,499,timing,elapsed_us,132,start_us,1692897059018782,stop_us,1692897059018914,-,BESServerHandler::execute
1692897059,499,timing,elapsed_us,248,start_us,1692897059018307,stop_us,1692897059018555,[http-nio-8080-exec-10:38:ngap_request][bes_client:/-1],get ddx for d1 return as dap2; transmitting
1692897059,499,timing,elapsed_us,2569769,start_us,1692897056446483,stop_us,1692897059016252,-,RemoteResource::get_url() - source url: https://data.gesdisc.uat.earthdata.nasa.gov/data/GPM_L3/GPM_3IMERGHH.06/2021/273/3B-HHR.MS.MRG.3IMERG.20210930-S000000-E002959.0000.V06B.HDF5.dmrpp
1692897059,499,timing,elapsed_us,3253793,start_us,1692897055764774,stop_us,1692897059018567,-,BESInterface::execute_request
1692897059,499,timing,elapsed_us,3253869,start_us,1692897055764741,stop_us,1692897059018610,-,BESServerHandler::execute
1692897059,499,timing,elapsed_us,6,start_us,1692897059018877,stop_us,1692897059018883,client: /-1:91,show status; transmitting
1692897059,499,timing,elapsed_us,722,start_us,1692897059017568,stop_us,1692897059018290,[http-nio-8080-exec-10:38:ngap_request][bes_client:/-1],DmrppRequestHandler::dap_build_dds() - timer
1692897234,499,timing,elapsed_us,392282,start_us,1692897233878500,stop_us,1692897234270782,-,RemoteResource::get_url() - source url: https://cmr.uat.earthdata.nasa.gov/search/granules.umm_json_v1_4?collection_concept_id=C1259239346-POCUMULUS&granule_ur=20230821140000-STAR-L2P_GHRSST-SSTsubskin-AHI_H09-ACSPO_V2.90-v02.0-fv01.0
1692897234,499,timing,elapsed_us,5,start_us,1692897234271084,stop_us,1692897234271089,http-nio-8080-exec-6:34[bes_client:/-1],define d1 in default as ngapContainer; transmitting
1692897234,499,timing,elapsed_us,7,start_us,1692897234271015,stop_us,1692897234271022,http-nio-8080-exec-6:34[bes_client:/-1],set container in ngap values ngapContainer,collections/C1259239346-POCUMULUS/granules/20230821140000-STAR-L2P_GHRSST-SSTsubskin-AHI_H09-ACSPO_V2.90-v02.0-fv01.0; transmitting
1692897236,499,timing,elapsed_us,2726274,start_us,1692897234272406,stop_us,1692897236998680,-,RemoteResource::get_url() - source url: https://archive.podaac.sit.earthdata.nasa.gov/podaac-sit-cumulus-protected/H09-AHI-L2P-ACSPO-v2.90/20230821140000-STAR-L2P_GHRSST-SSTsubskin-AHI_H09-ACSPO_V2.90-v02.0-fv01.0.nc.dmrpp
1692897236,499,timing,elapsed_us,9,start_us,1692897237000809,stop_us,1692897237000818,-,BESDapResponseBuilder::dap4_process_ce_for_intern_data() - Timer
1692897238,499,timing,elapsed_us,1284515,start_us,1692897237009118,stop_us,1692897238293633,-,CurlUtils::retrieve_effective_url() -  Following Redirects Starting With: https://archive.podaac.sit.earthdata.nasa.gov/podaac-sit-cumulus-protected/H09-AHI-L2P-ACSPO-v2.90/20230821140000-STAR-L2P_GHRSST-SSTsubskin-AHI_H09-ACSPO_V2.90-v02.0-fv01.0.nc
1692897238,499,timing,elapsed_us,1344060,start_us,1692897237009066,stop_us,1692897238353126,-,DmrppArray::read_contiguous() -  name: nj
1692897238,499,timing,elapsed_us,147147,start_us,1692897238391410,stop_us,1692897238538557,-,DmrppArray::read_super_chunks_unconstrained_concurrent() -  name: brightness_temperature_11um2
1692897238,499,timing,elapsed_us,17005,start_us,1692897238373861,stop_us,1692897238390866,-,DmrppArray::read_contiguous() -  name: ni
1692897238,499,timing,elapsed_us,20494,start_us,1692897238353266,stop_us,1692897238373760,-,DmrppArray::read_contiguous() -  name: time
1692897239,499,timing,elapsed_us,107405,start_us,1692897239231866,stop_us,1692897239339271,-,DmrppArray::read_super_chunks_unconstrained_concurrent() -  name: brightness_temperature_08um6
1692897240,499,timing,elapsed_us,55581,start_us,1692897240034404,stop_us,1692897240089985,-,DmrppArray::read_super_chunks_unconstrained_concurrent() -  name: sst_dtime
1692897241,499,timing,elapsed_us,50537,start_us,1692897241332334,stop_us,1692897241382871,-,DmrppArray::read_super_chunks_unconstrained_concurrent() -  name: l2p_flags
1692897241,499,timing,elapsed_us,511222,start_us,1692897240650851,stop_us,1692897241162073,-,DmrppArray::read_super_chunks_unconstrained_concurrent() -  name: sst_front_position
1692897242,499,timing,elapsed_us,107187,start_us,1692897241925126,stop_us,1692897242032313,-,DmrppArray::read_super_chunks_unconstrained_concurrent() -  name: sea_surface_temperature
1692897242,499,timing,elapsed_us,77123,start_us,1692897242724182,stop_us,1692897242801305,-,DmrppArray::read_super_chunks_unconstrained_concurrent() -  name: quality_level
1692897243,499,timing,elapsed_us,109908,start_us,1692897243003851,stop_us,1692897243113759,-,DmrppArray::read_super_chunks_unconstrained_concurrent() -  name: dt_analysis
1692897243,499,timing,elapsed_us,129862,start_us,1692897243808088,stop_us,1692897243937950,-,DmrppArray::read_super_chunks_unconstrained_concurrent() -  name: brightness_temperature_12um3
1692897244,499,timing,elapsed_us,111469,start_us,1692897244631286,stop_us,1692897244742755,-,DmrppArray::read_super_chunks_unconstrained_concurrent() -  name: satellite_zenith_angle
1692897245,499,timing,elapsed_us,42614,start_us,1692897245449291,stop_us,1692897245491905,-,DmrppArray::read_super_chunks_unconstrained_concurrent() -  name: sst_gradient_magnitude
1692897246,499,timing,elapsed_us,120408,start_us,1692897246351708,stop_us,1692897246472116,-,DmrppArray::read_super_chunks_unconstrained_concurrent() -  name: brightness_temperature_10um4
1692897246,499,timing,elapsed_us,77392,start_us,1692897246012188,stop_us,1692897246089580,-,DmrppArray::read_super_chunks_unconstrained_concurrent() -  name: wind_speed
1692897247,499,timing,elapsed_us,63431,start_us,1692897247501920,stop_us,1692897247565351,-,DmrppArray::read_super_chunks_unconstrained_concurrent() -  name: sses_standard_deviation
1692897247,499,timing,elapsed_us,73104,start_us,1692897247165542,stop_us,1692897247238646,-,DmrppArray::read_super_chunks_unconstrained_concurrent() -  name: sses_bias
1692897251,499,timing,elapsed_us,14357703,start_us,1692897237000698,stop_us,1692897251358401,http-nio-8080-exec-6:34[bes_client:/-1],get dap for d1 return as netcdf-4; transmitting
1692897251,499,timing,elapsed_us,17489690,start_us,1692897233868757,stop_us,1692897251358447,-,BESInterface::execute_request
1692897251,499,timing,elapsed_us,17489754,start_us,1692897233868720,stop_us,1692897251358474,-,BESServerHandler::execute
1692897251,499,timing,elapsed_us,248,start_us,1692897251783222,stop_us,1692897251783470,-,BESInterface::execute_request
1692897251,499,timing,elapsed_us,302,start_us,1692897251783210,stop_us,1692897251783512,-,BESServerHandler::execute
1692897251,499,timing,elapsed_us,9,start_us,1692897251783447,stop_us,1692897251783456,client: /-1:93,show status; transmitting
1692899159,499,timing,elapsed_us,433247,start_us,1692899158878340,stop_us,1692899159311587,-,RemoteResource::get_url() - source url: https://cmr.uat.earthdata.nasa.gov/search/granules.umm_json_v1_4?collection_concept_id=C1259239381-POCUMULUS&granule_ur=20230821130000-STAR-L3C_GHRSST-SSTsubskin-AHI_H09-ACSPO_V2.90-v02.0-fv01.0
1692899159,499,timing,elapsed_us,6,start_us,1692899159312112,stop_us,1692899159312118,http-nio-8080-exec-5:33[bes_client:/-1],set container in ngap values ngapContainer,collections/C1259239381-POCUMULUS/granules/20230821130000-STAR-L3C_GHRSST-SSTsubskin-AHI_H09-ACSPO_V2.90-v02.0-fv01.0; transmitting
1692899159,499,timing,elapsed_us,6,start_us,1692899159312184,stop_us,1692899159312190,http-nio-8080-exec-5:33[bes_client:/-1],define d1 in default as ngapContainer; transmitting
1692899161,499,timing,elapsed_us,2286260,start_us,1692899159313519,stop_us,1692899161599779,-,RemoteResource::get_url() - source url: https://archive.podaac.sit.earthdata.nasa.gov/podaac-sit-cumulus-protected/H09-AHI-L3C-ACSPO-v2.90/20230821130000-STAR-L3C_GHRSST-SSTsubskin-AHI_H09-ACSPO_V2.90-v02.0-fv01.0.nc.dmrpp
1692899164,499,timing,elapsed_us,19534,start_us,1692899164199122,stop_us,1692899164218656,-,DmrppArray::read_contiguous() -  name: lon
1692899164,499,timing,elapsed_us,2448251,start_us,1692899161601297,stop_us,1692899164049548,-,CurlUtils::retrieve_effective_url() -  Following Redirects Starting With: https://archive.podaac.sit.earthdata.nasa.gov/podaac-sit-cumulus-protected/H09-AHI-L3C-ACSPO-v2.90/20230821130000-STAR-L3C_GHRSST-SSTsubskin-AHI_H09-ACSPO_V2.90-v02.0-fv01.0.nc
1692899164,499,timing,elapsed_us,2594253,start_us,1692899161601243,stop_us,1692899164195496,-,DmrppArray::read_contiguous() -  name: lat
1692899164,499,timing,elapsed_us,274921,start_us,1692899164263011,stop_us,1692899164537932,-,DmrppArray::read_super_chunks_unconstrained_concurrent() -  name: sses_standard_deviation
1692899164,499,timing,elapsed_us,36658,start_us,1692899164225483,stop_us,1692899164262141,-,DmrppArray::read_contiguous() -  name: time
1692899174,499,timing,elapsed_us,233974,start_us,1692899174532799,stop_us,1692899174766773,-,DmrppArray::read_super_chunks_unconstrained_concurrent() -  name: sst_dtime
1692899194,499,timing,elapsed_us,120881,start_us,1692899193911526,stop_us,1692899194032407,-,DmrppArray::read_super_chunks_unconstrained_concurrent() -  name: sst_front_position
1692899204,499,timing,elapsed_us,167843,start_us,1692899203984112,stop_us,1692899204151955,-,DmrppArray::read_super_chunks_unconstrained_concurrent() -  name: l2p_flags
1692899213,499,timing,elapsed_us,425126,start_us,1692899213473320,stop_us,1692899213898446,-,DmrppArray::read_super_chunks_unconstrained_concurrent() -  name: sea_surface_temperature
1692899227,499,timing,elapsed_us,121684,start_us,1692899227764258,stop_us,1692899227885942,-,DmrppArray::read_super_chunks_unconstrained_concurrent() -  name: quality_level
1692899238,499,timing,elapsed_us,259355,start_us,1692899237768590,stop_us,1692899238027945,-,DmrppArray::read_super_chunks_unconstrained_concurrent() -  name: dt_analysis
1692899251,499,timing,elapsed_us,307357,start_us,1692899251252154,stop_us,1692899251559511,-,DmrppArray::read_super_chunks_unconstrained_concurrent() -  name: satellite_zenith_angle
1692899265,499,timing,elapsed_us,133599,start_us,1692899265365983,stop_us,1692899265499582,-,DmrppArray::read_super_chunks_unconstrained_concurrent() -  name: wind_speed
1692899275,499,timing,elapsed_us,257603,start_us,1692899275461047,stop_us,1692899275718650,-,DmrppArray::read_super_chunks_unconstrained_concurrent() -  name: sst_gradient_magnitude
1692899288,499,timing,elapsed_us,267998,start_us,1692899288278414,stop_us,1692899288546412,-,DmrppArray::read_super_chunks_unconstrained_concurrent() -  name: or_number_of_pixels
1692899297,499,timing,elapsed_us,120118,start_us,1692899297650227,stop_us,1692899297770345,-,DmrppArray::read_super_chunks_unconstrained_concurrent() -  name: sses_bias
1692899307,499,timing,elapsed_us,146116998,start_us,1692899161601175,stop_us,1692899307718173,http-nio-8080-exec-5:33[bes_client:/-1],get dap for d1 return as csv; transmitting
1692899307,499,timing,elapsed_us,148849438,start_us,1692899158868772,stop_us,1692899307718210,-,BESInterface::execute_request
1692899307,499,timing,elapsed_us,149028943,start_us,1692899158868741,stop_us,1692899307897684,-,BESServerHandler::execute
1692899307,499,timing,elapsed_us,257,start_us,1692899307897757,stop_us,1692899307898014,-,BESInterface::execute_request
1692899307,499,timing,elapsed_us,303,start_us,1692899307897751,stop_us,1692899307898054,-,BESServerHandler::execute
1692899307,499,timing,elapsed_us,7,start_us,1692899307897997,stop_us,1692899307898004,client: /-1:95,show status; transmitting
1692899409,499,timing,elapsed_us,5,start_us,1692899409549221,stop_us,1692899409549226,http-nio-8080-exec-7:35[bes_client:/-1],define d1 in default as ngapContainer; transmitting
1692899409,499,timing,elapsed_us,6,start_us,1692899409549142,stop_us,1692899409549148,http-nio-8080-exec-7:35[bes_client:/-1],set container in ngap values ngapContainer,collections/C1259239346-POCUMULUS/granules/20230821140000-STAR-L2P_GHRSST-SSTsubskin-AHI_H09-ACSPO_V2.90-v02.0-fv01.0; transmitting
1692899409,499,timing,elapsed_us,660280,start_us,1692899408888465,stop_us,1692899409548745,-,RemoteResource::get_url() - source url: https://cmr.uat.earthdata.nasa.gov/search/granules.umm_json_v1_4?collection_concept_id=C1259239346-POCUMULUS&granule_ur=20230821140000-STAR-L2P_GHRSST-SSTsubskin-AHI_H09-ACSPO_V2.90-v02.0-fv01.0
1692899411,499,timing,elapsed_us,112,start_us,1692899411939010,stop_us,1692899411939122,-,BESInterface::execute_request
1692899411,499,timing,elapsed_us,140,start_us,1692899411939005,stop_us,1692899411939145,-,BESServerHandler::execute
1692899411,499,timing,elapsed_us,2386459,start_us,1692899409550550,stop_us,1692899411937009,-,RemoteResource::get_url() - source url: https://archive.podaac.sit.earthdata.nasa.gov/podaac-sit-cumulus-protected/H09-AHI-L2P-ACSPO-v2.90/20230821140000-STAR-L2P_GHRSST-SSTsubskin-AHI_H09-ACSPO_V2.90-v02.0-fv01.0.nc.dmrpp
1692899411,499,timing,elapsed_us,3059881,start_us,1692899408879005,stop_us,1692899411938886,-,BESInterface::execute_request
1692899411,499,timing,elapsed_us,3059968,start_us,1692899408878979,stop_us,1692899411938947,-,BESServerHandler::execute
1692899411,499,timing,elapsed_us,458,start_us,1692899411938415,stop_us,1692899411938873,http-nio-8080-exec-7:35[bes_client:/-1],get dmr for d1 return as dap2; transmitting
1692899411,499,timing,elapsed_us,6,start_us,1692899411939109,stop_us,1692899411939115,client: /-1:97,show status; transmitting
1692899697,499,timing,elapsed_us,263261,start_us,1692899697150072,stop_us,1692899697413333,-,RemoteResource::get_url() - source url: https://cmr.uat.earthdata.nasa.gov/search/granules.umm_json_v1_4?collection_concept_id=C1259239346-POCUMULUS&granule_ur=20230821140000-STAR-L2P_GHRSST-SSTsubskin-AHI_H09-ACSPO_V2.90-v02.0-fv01.0
1692899697,499,timing,elapsed_us,5,start_us,1692899697413757,stop_us,1692899697413762,http-nio-8080-exec-1:29[bes_client:/-1],define d1 in default as ngapContainer; transmitting
1692899697,499,timing,elapsed_us,7,start_us,1692899697413690,stop_us,1692899697413697,http-nio-8080-exec-1:29[bes_client:/-1],set container in ngap values ngapContainer,collections/C1259239346-POCUMULUS/granules/20230821140000-STAR-L2P_GHRSST-SSTsubskin-AHI_H09-ACSPO_V2.90-v02.0-fv01.0; transmitting
1692899699,499,timing,elapsed_us,107,start_us,1692899699902123,stop_us,1692899699902230,-,BESInterface::execute_request
1692899699,499,timing,elapsed_us,135,start_us,1692899699902118,stop_us,1692899699902253,-,BESServerHandler::execute
1692899699,499,timing,elapsed_us,2483346,start_us,1692899697415080,stop_us,1692899699898426,-,RemoteResource::get_url() - source url: https://archive.podaac.sit.earthdata.nasa.gov/podaac-sit-cumulus-protected/H09-AHI-L2P-ACSPO-v2.90/20230821140000-STAR-L2P_GHRSST-SSTsubskin-AHI_H09-ACSPO_V2.90-v02.0-fv01.0.nc.dmrpp
1692899699,499,timing,elapsed_us,2761245,start_us,1692899697140754,stop_us,1692899699901999,-,BESInterface::execute_request
1692899699,499,timing,elapsed_us,2761337,start_us,1692899697140717,stop_us,1692899699902054,-,BESServerHandler::execute
1692899699,499,timing,elapsed_us,466,start_us,1692899699901518,stop_us,1692899699901984,http-nio-8080-exec-1:29[bes_client:/-1],get dmr for d1 return as dap2; transmitting
1692899699,499,timing,elapsed_us,7,start_us,1692899699902216,stop_us,1692899699902223,client: /-1:99,show status; transmitting
1692900454,499,timing,elapsed_us,261400,start_us,1692900454250223,stop_us,1692900454511623,-,RemoteResource::get_url() - source url: https://cmr.uat.earthdata.nasa.gov/search/granules.umm_json_v1_4?collection_concept_id=C1259239346-POCUMULUS&granule_ur=20230821140000-STAR-L2P_GHRSST-SSTsubskin-AHI_H09-ACSPO_V2.90-v02.0-fv01.0
1692900454,499,timing,elapsed_us,6,start_us,1692900454512065,stop_us,1692900454512071,http-nio-8080-exec-2:30[bes_client:/-1],define d1 in default as ngapContainer; transmitting
1692900454,499,timing,elapsed_us,7,start_us,1692900454511995,stop_us,1692900454512002,http-nio-8080-exec-2:30[bes_client:/-1],set container in ngap values ngapContainer,collections/C1259239346-POCUMULUS/granules/20230821140000-STAR-L2P_GHRSST-SSTsubskin-AHI_H09-ACSPO_V2.90-v02.0-fv01.0; transmitting
1692900456,499,timing,elapsed_us,22015,start_us,1692900456857839,stop_us,1692900456879854,-,DmrppArray::read_contiguous() -  name: time
1692900456,499,timing,elapsed_us,2278276,start_us,1692900454513419,stop_us,1692900456791695,-,RemoteResource::get_url() - source url: https://archive.podaac.sit.earthdata.nasa.gov/podaac-sit-cumulus-protected/H09-AHI-L2P-ACSPO-v2.90/20230821140000-STAR-L2P_GHRSST-SSTsubskin-AHI_H09-ACSPO_V2.90-v02.0-fv01.0.nc.dmrpp
1692900456,499,timing,elapsed_us,47562,start_us,1692900456879966,stop_us,1692900456927528,-,DmrppArray::read_contiguous() -  name: ni
1692900456,499,timing,elapsed_us,62145,start_us,1692900456793650,stop_us,1692900456855795,-,DmrppArray::read_contiguous() -  name: nj
1692900457,499,timing,elapsed_us,126846,start_us,1692900456929535,stop_us,1692900457056381,-,DmrppArray::read_super_chunks_unconstrained_concurrent() -  name: brightness_temperature_11um2
1692900461,499,timing,elapsed_us,128882,start_us,1692900461063565,stop_us,1692900461192447,-,DmrppArray::read_super_chunks_unconstrained_concurrent() -  name: brightness_temperature_08um6
1692900466,499,timing,elapsed_us,82666,start_us,1692900466227742,stop_us,1692900466310408,-,DmrppArray::read_super_chunks_unconstrained_concurrent() -  name: sst_dtime
1692900471,499,timing,elapsed_us,60875,start_us,1692900471516297,stop_us,1692900471577172,-,DmrppArray::read_super_chunks_unconstrained_concurrent() -  name: sst_front_position
1692900473,499,timing,elapsed_us,99781,start_us,1692900473558883,stop_us,1692900473658664,-,DmrppArray::read_super_chunks_unconstrained_concurrent() -  name: l2p_flags
1692900478,499,timing,elapsed_us,103222,start_us,1692900478147564,stop_us,1692900478250786,-,DmrppArray::read_super_chunks_unconstrained_concurrent() -  name: sea_surface_temperature
1692900483,499,timing,elapsed_us,41439,start_us,1692900483480801,stop_us,1692900483522240,-,DmrppArray::read_super_chunks_unconstrained_concurrent() -  name: quality_level
1692900486,499,timing,elapsed_us,108378,start_us,1692900486238055,stop_us,1692900486346433,-,DmrppArray::read_super_chunks_unconstrained_concurrent() -  name: dt_analysis
1692900491,499,timing,elapsed_us,106708,start_us,1692900491180372,stop_us,1692900491287080,-,DmrppArray::read_super_chunks_unconstrained_concurrent() -  name: brightness_temperature_12um3
1692900496,499,timing,elapsed_us,111522,start_us,1692900496566673,stop_us,1692900496678195,-,DmrppArray::read_super_chunks_unconstrained_concurrent() -  name: satellite_zenith_angle
1692900501,499,timing,elapsed_us,42831,start_us,1692900501132062,stop_us,1692900501174893,-,DmrppArray::read_super_chunks_unconstrained_concurrent() -  name: sst_gradient_magnitude
1692900506,499,timing,elapsed_us,86729,start_us,1692900506481618,stop_us,1692900506568347,-,DmrppArray::read_super_chunks_unconstrained_concurrent() -  name: wind_speed
1692900509,499,timing,elapsed_us,118017,start_us,1692900509636507,stop_us,1692900509754524,-,DmrppArray::read_super_chunks_unconstrained_concurrent() -  name: brightness_temperature_10um4
1692900514,499,timing,elapsed_us,63876,start_us,1692900514867653,stop_us,1692900514931529,-,DmrppArray::read_super_chunks_unconstrained_concurrent() -  name: sses_bias
1692900518,499,timing,elapsed_us,62768,start_us,1692900518583844,stop_us,1692900518646612,-,DmrppArray::read_super_chunks_unconstrained_concurrent() -  name: sses_standard_deviation
1692900522,499,timing,elapsed_us,26,start_us,1692900522568587,stop_us,1692900522568613,client: /-1:101,show status; transmitting
1692900522,499,timing,elapsed_us,271,start_us,1692900522568361,stop_us,1692900522568632,-,BESInterface::execute_request
1692900522,499,timing,elapsed_us,315,start_us,1692900522568348,stop_us,1692900522568663,-,BESServerHandler::execute
1692900522,499,timing,elapsed_us,65578960,start_us,1692900456793588,stop_us,1692900522372548,http-nio-8080-exec-2:30[bes_client:/-1],get dap for d1 return as csv; transmitting
1692900522,499,timing,elapsed_us,68131810,start_us,1692900454240780,stop_us,1692900522372590,-,BESInterface::execute_request
1692900522,499,timing,elapsed_us,68174602,start_us,1692900454240745,stop_us,1692900522415347,-,BESServerHandler::execute
1692903061,499,timing,elapsed_us,254443,start_us,1692903060828961,stop_us,1692903061083404,-,RemoteResource::get_url() - source url: https://cmr.uat.earthdata.nasa.gov/search/granules.umm_json_v1_4?collection_concept_id=C1241426872-NSIDC_CUAT&granule_ur=ATL06_20200101223747_00950603_005_01.h5
1692903061,499,timing,elapsed_us,7,start_us,1692903061083832,stop_us,1692903061083839,http-nio-8080-exec-10:38[bes_client:/-1],set container in ngap values ngapContainer,collections/C1241426872-NSIDC_CUAT/granules/ATL06_20200101223747_00950603_005_01.h5; transmitting
1692903061,499,timing,elapsed_us,8,start_us,1692903061083920,stop_us,1692903061083928,http-nio-8080-exec-10:38[bes_client:/-1],define d1 in default as ngapContainer with ngapContainer.dap4constraint="/orbit_info_rgt;/orbit_info_crossing_time;/gt3r_land_ice_segments_latitude[0:256:];/gt3r_land_ice_segments_longitude[0:256:];/gt3r_land_ice_segments_delta_time[0:256:];/gt3l_land_ice_segments_latitude[0:256:];/gt3l_land_ice_segments_longitude[0:256:];/gt3l_land_ice_segments_delta_time[0:256:];/gt2r_land_ice_segments_latitude[0:256:];/gt2r_land_ice_segments_longitude[0:256:];/gt2r_land_ice_segments_delta_time[0:256:];/gt2l_land_ice_segments_latitude[0:256:];/gt2l_land_ice_segments_longitude[0:256:];/gt2l_land_ice_segments_delta_time[0:256:];/gt1r_land_ice_segments_latitude[0:256:];/gt1r_land_ice_segments_longitude[0:256:];/gt1r_land_ice_segments_delta_time[0:256:];/gt1l_land_ice_segments_latitude[0:256:];/gt1l_land_ice_segments_longitude[0:256:];/gt1l_land_ice_segments_delta_time[0:256:]"; transmitting
1692903063,499,timing,elapsed_us,2363676,start_us,1692903061085595,stop_us,1692903063449271,-,RemoteResource::get_url() - source url: https://data.nsidc.uat.earthdatacloud.nasa.gov/nsidc-cumulus-uat-protected/ATLAS/ATL06/005/2020/01/01/ATL06_20200101223747_00950603_005_01.h5.dmrpp
1692903065,499,timing,elapsed_us,2328856,start_us,1692903063459570,stop_us,1692903065788426,-,CurlUtils::retrieve_effective_url() -  Following Redirects Starting With: https://data.nsidc.uat.earthdatacloud.nasa.gov/nsidc-cumulus-uat-protected/ATLAS/ATL06/005/2020/01/01/ATL06_20200101223747_00950603_005_01.h5
1692903065,499,timing,elapsed_us,2435609,start_us,1692903063459520,stop_us,1692903065895129,-,DmrppArray::read_contiguous() -  name: orbit_info_rgt
1692903066,499,timing,elapsed_us,113881,start_us,1692903065895784,stop_us,1692903066009665,-,DmrppArray::read_super_chunks_concurrent() -  name: gt1r_land_ice_segments_longitude
1692903066,499,timing,elapsed_us,215,start_us,1692903066655008,stop_us,1692903066655223,-,BESInterface::execute_request
1692903066,499,timing,elapsed_us,21636,start_us,1692903066631612,stop_us,1692903066653248,-,DmrppArray::read_contiguous() -  name: orbit_info_crossing_time
1692903066,499,timing,elapsed_us,21807,start_us,1692903066139500,stop_us,1692903066161307,-,DmrppArray::read_super_chunks_concurrent() -  name: gt1l_land_ice_segments_longitude
1692903066,499,timing,elapsed_us,23215,start_us,1692903066224042,stop_us,1692903066247257,-,DmrppArray::read_super_chunks_concurrent() -  name: gt3l_land_ice_segments_latitude
1692903066,499,timing,elapsed_us,243,start_us,1692903066655004,stop_us,1692903066655247,-,BESServerHandler::execute
1692903066,499,timing,elapsed_us,24875,start_us,1692903066198894,stop_us,1692903066223769,-,DmrppArray::read_super_chunks_concurrent() -  name: gt3l_land_ice_segments_longitude
1692903066,499,timing,elapsed_us,25284,start_us,1692903066574360,stop_us,1692903066599644,-,DmrppArray::read_super_chunks_concurrent() -  name: gt3l_land_ice_segments_delta_time
1692903066,499,timing,elapsed_us,25769,start_us,1692903066301939,stop_us,1692903066327708,-,DmrppArray::read_super_chunks_concurrent() -  name: gt3r_land_ice_segments_longitude
1692903066,499,timing,elapsed_us,26336,start_us,1692903066247567,stop_us,1692903066273903,-,DmrppArray::read_super_chunks_concurrent() -  name: gt2l_land_ice_segments_longitude
1692903066,499,timing,elapsed_us,27451,start_us,1692903066274192,stop_us,1692903066301643,-,DmrppArray::read_super_chunks_concurrent() -  name: gt2l_land_ice_segments_latitude
1692903066,499,timing,elapsed_us,28305,start_us,1692903066328154,stop_us,1692903066356459,-,DmrppArray::read_super_chunks_concurrent() -  name: gt3r_land_ice_segments_latitude
1692903066,499,timing,elapsed_us,30703,start_us,1692903066543352,stop_us,1692903066574055,-,DmrppArray::read_super_chunks_concurrent() -  name: gt2r_land_ice_segments_delta_time
1692903066,499,timing,elapsed_us,31550,start_us,1692903066599944,stop_us,1692903066631494,-,DmrppArray::read_super_chunks_concurrent() -  name: gt3r_land_ice_segments_delta_time
1692903066,499,timing,elapsed_us,3195417,start_us,1692903063458070,stop_us,1692903066653487,-,BESDapResponseBuilder::serialize_dap4_data() - Timer
1692903066,499,timing,elapsed_us,3195770,start_us,1692903063457731,stop_us,1692903066653501,http-nio-8080-exec-10:38[bes_client:/-1],get dap for d1 return as dap2; transmitting
1692903066,499,timing,elapsed_us,33005,start_us,1692903066106222,stop_us,1692903066139227,-,DmrppArray::read_super_chunks_concurrent() -  name: gt2r_land_ice_segments_latitude
1692903066,499,timing,elapsed_us,36988,start_us,1692903066161609,stop_us,1692903066198597,-,DmrppArray::read_super_chunks_concurrent() -  name: gt1l_land_ice_segments_latitude
1692903066,499,timing,elapsed_us,39445,start_us,1692903066010008,stop_us,1692903066049453,-,DmrppArray::read_super_chunks_concurrent() -  name: gt1r_land_ice_segments_latitude
1692903066,499,timing,elapsed_us,46389,start_us,1692903066496650,stop_us,1692903066543039,-,DmrppArray::read_super_chunks_concurrent() -  name: gt2l_land_ice_segments_delta_time
1692903066,499,timing,elapsed_us,51392,start_us,1692903066356793,stop_us,1692903066408185,-,DmrppArray::read_super_chunks_concurrent() -  name: gt1l_land_ice_segments_delta_time
1692903066,499,timing,elapsed_us,56180,start_us,1692903066049748,stop_us,1692903066105928,-,DmrppArray::read_super_chunks_concurrent() -  name: gt2r_land_ice_segments_longitude
1692903066,499,timing,elapsed_us,5828786,start_us,1692903060824729,stop_us,1692903066653515,-,BESInterface::execute_request
1692903066,499,timing,elapsed_us,5830292,start_us,1692903060824693,stop_us,1692903066654985,-,BESServerHandler::execute
1692903066,499,timing,elapsed_us,8,start_us,1692903066655208,stop_us,1692903066655216,client: /-1:103,show status; transmitting
1692903066,499,timing,elapsed_us,87877,start_us,1692903066408466,stop_us,1692903066496343,-,DmrppArray::read_super_chunks_concurrent() -  name: gt1r_land_ice_segments_delta_time
1692903120,499,timing,elapsed_us,207472,start_us,1692903120089873,stop_us,1692903120297345,-,RemoteResource::get_url() - source url: https://cmr.uat.earthdata.nasa.gov/search/granules.umm_json_v1_4?collection_concept_id=C1241426872-NSIDC_CUAT&granule_ur=ATL06_20200101223747_00950603_005_01.h5
1692903120,499,timing,elapsed_us,7,start_us,1692903120297855,stop_us,1692903120297862,http-nio-8080-exec-8:36[bes_client:/-1],set container in ngap values ngapContainer,collections/C1241426872-NSIDC_CUAT/granules/ATL06_20200101223747_00950603_005_01.h5; transmitting
1692903120,499,timing,elapsed_us,8,start_us,1692903120298069,stop_us,1692903120298077,http-nio-8080-exec-8:36[bes_client:/-1],define d1 in default as ngapContainer with ngapContainer.dap4constraint="/orbit_info_rgt;/orbit_info_crossing_time;/gt3r_land_ice_segments_latitude[0:256:];/gt3r_land_ice_segments_longitude[0:256:];/gt3r_land_ice_segments_delta_time[0:256:];/gt3l_land_ice_segments_latitude[0:256:];/gt3l_land_ice_segments_longitude[0:256:];/gt3l_land_ice_segments_delta_time[0:256:];/gt2r_land_ice_segments_latitude[0:256:];/gt2r_land_ice_segments_longitude[0:256:];/gt2r_land_ice_segments_delta_time[0:256:];/gt2l_land_ice_segments_latitude[0:256:];/gt2l_land_ice_segments_longitude[0:256:];/gt2l_land_ice_segments_delta_time[0:256:];/gt1r_land_ice_segments_latitude[0:256:];/gt1r_land_ice_segments_longitude[0:256:];/gt1r_land_ice_segments_delta_time[0:256:];/gt1l_land_ice_segments_latitude[0:256:];/gt1l_land_ice_segments_longitude[0:256:];/gt1l_land_ice_segments_delta_time[0:256:]"; transmitting
1692903122,499,timing,elapsed_us,124778,start_us,1692903122633999,stop_us,1692903122758777,-,DmrppArray::read_contiguous() -  name: orbit_info_rgt
1692903122,499,timing,elapsed_us,21887,start_us,1692903122880008,stop_us,1692903122901895,-,DmrppArray::read_super_chunks_concurrent() -  name: gt2r_land_ice_segments_longitude
1692903122,499,timing,elapsed_us,21980,start_us,1692903122857745,stop_us,1692903122879725,-,DmrppArray::read_super_chunks_concurrent() -  name: gt1r_land_ice_segments_latitude
1692903122,499,timing,elapsed_us,2324525,start_us,1692903120298918,stop_us,1692903122623443,-,RemoteResource::get_url() - source url: https://data.nsidc.uat.earthdatacloud.nasa.gov/nsidc-cumulus-uat-protected/ATLAS/ATL06/005/2020/01/01/ATL06_20200101223747_00950603_005_01.h5.dmrpp
1692903122,499,timing,elapsed_us,43705,start_us,1692903122902208,stop_us,1692903122945913,-,DmrppArray::read_super_chunks_concurrent() -  name: gt2r_land_ice_segments_latitude
1692903122,499,timing,elapsed_us,98054,start_us,1692903122759356,stop_us,1692903122857410,-,DmrppArray::read_super_chunks_concurrent() -  name: gt1r_land_ice_segments_longitude
1692903123,499,timing,elapsed_us,200,start_us,1692903123572631,stop_us,1692903123572831,-,BESInterface::execute_request
1692903123,499,timing,elapsed_us,20001,start_us,1692903123230870,stop_us,1692903123250871,-,DmrppArray::read_super_chunks_concurrent() -  name: gt3r_land_ice_segments_latitude
1692903123,499,timing,elapsed_us,21422,start_us,1692903123186663,stop_us,1692903123208085,-,DmrppArray::read_super_chunks_concurrent() -  name: gt2l_land_ice_segments_latitude
1692903123,499,timing,elapsed_us,21688,start_us,1692903123140569,stop_us,1692903123162257,-,DmrppArray::read_super_chunks_concurrent() -  name: gt3l_land_ice_segments_latitude
1692903123,499,timing,elapsed_us,22216,start_us,1692903123208371,stop_us,1692903123230587,-,DmrppArray::read_super_chunks_concurrent() -  name: gt3r_land_ice_segments_longitude
1692903123,499,timing,elapsed_us,22546,start_us,1692903123344509,stop_us,1692903123367055,-,DmrppArray::read_super_chunks_concurrent() -  name: gt2l_land_ice_segments_delta_time
1692903123,499,timing,elapsed_us,228,start_us,1692903123572627,stop_us,1692903123572855,-,BESServerHandler::execute
1692903123,499,timing,elapsed_us,23792,start_us,1692903123162584,stop_us,1692903123186376,-,DmrppArray::read_super_chunks_concurrent() -  name: gt2l_land_ice_segments_longitude
1692903123,499,timing,elapsed_us,24072,start_us,1692903123415898,stop_us,1692903123439970,-,DmrppArray::read_super_chunks_concurrent() -  name: gt3l_land_ice_segments_delta_time
1692903123,499,timing,elapsed_us,33510,start_us,1692903123310444,stop_us,1692903123343954,-,DmrppArray::read_super_chunks_concurrent() -  name: gt1r_land_ice_segments_delta_time
1692903123,499,timing,elapsed_us,3486353,start_us,1692903120084763,stop_us,1692903123571116,-,BESInterface::execute_request
1692903123,499,timing,elapsed_us,3487865,start_us,1692903120084724,stop_us,1692903123572589,-,BESServerHandler::execute
1692903123,499,timing,elapsed_us,48256,start_us,1692903123367357,stop_us,1692903123415613,-,DmrppArray::read_super_chunks_concurrent() -  name: gt2r_land_ice_segments_delta_time
1692903123,499,timing,elapsed_us,57742,start_us,1692903122946199,stop_us,1692903123003941,-,DmrppArray::read_super_chunks_concurrent() -  name: gt1l_land_ice_segments_longitude
1692903123,499,timing,elapsed_us,58149,start_us,1692903123004235,stop_us,1692903123062384,-,DmrppArray::read_super_chunks_concurrent() -  name: gt1l_land_ice_segments_latitude
1692903123,499,timing,elapsed_us,59056,start_us,1692903123251102,stop_us,1692903123310158,-,DmrppArray::read_super_chunks_concurrent() -  name: gt1l_land_ice_segments_delta_time
1692903123,499,timing,elapsed_us,6,start_us,1692903123572817,stop_us,1692903123572823,client: /-1:105,show status; transmitting
1692903123,499,timing,elapsed_us,60476,start_us,1692903123440211,stop_us,1692903123500687,-,DmrppArray::read_super_chunks_concurrent() -  name: gt3r_land_ice_segments_delta_time
1692903123,499,timing,elapsed_us,70016,start_us,1692903123500780,stop_us,1692903123570796,-,DmrppArray::read_contiguous() -  name: orbit_info_crossing_time
1692903123,499,timing,elapsed_us,77645,start_us,1692903123062669,stop_us,1692903123140314,-,DmrppArray::read_super_chunks_concurrent() -  name: gt3l_land_ice_segments_longitude
1692903123,499,timing,elapsed_us,938523,start_us,1692903122632529,stop_us,1692903123571052,-,BESDapResponseBuilder::serialize_dap4_data() - Timer
1692903123,499,timing,elapsed_us,938902,start_us,1692903122632179,stop_us,1692903123571081,http-nio-8080-exec-8:36[bes_client:/-1],get dap for d1 return as dap2; transmitting
1692903171,499,timing,elapsed_us,208672,start_us,1692903171733302,stop_us,1692903171941974,-,RemoteResource::get_url() - source url: https://cmr.uat.earthdata.nasa.gov/search/granules.umm_json_v1_4?collection_concept_id=C1241426887-NSIDC_CUAT&granule_ur=ATL07-01_20200101015629_00820601_005_01.h5
1692903171,499,timing,elapsed_us,8,start_us,1692903171942504,stop_us,1692903171942512,http-nio-8080-exec-1:29[bes_client:/-1],set container in ngap values ngapContainer,collections/C1241426887-NSIDC_CUAT/granules/ATL07-01_20200101015629_00820601_005_01.h5; transmitting
1692903171,499,timing,elapsed_us,8,start_us,1692903171942716,stop_us,1692903171942724,http-nio-8080-exec-1:29[bes_client:/-1],define d1 in default as ngapContainer with ngapContainer.dap4constraint="/orbit_info_rgt;/orbit_info_crossing_time;/gt3r_sea_ice_segments_latitude[0:1024:];/gt3r_sea_ice_segments_longitude[0:1024:];/gt3r_sea_ice_segments_delta_time[0:1024:];/gt3l_sea_ice_segments_latitude[0:1024:];/gt3l_sea_ice_segments_longitude[0:1024:];/gt3l_sea_ice_segments_delta_time[0:1024:];/gt2r_sea_ice_segments_latitude[0:1024:];/gt2r_sea_ice_segments_longitude[0:1024:];/gt2r_sea_ice_segments_delta_time[0:1024:];/gt2l_sea_ice_segments_latitude[0:1024:];/gt2l_sea_ice_segments_longitude[0:1024:];/gt2l_sea_ice_segments_delta_time[0:1024:];/gt1r_sea_ice_segments_latitude[0:1024:];/gt1r_sea_ice_segments_longitude[0:1024:];/gt1r_sea_ice_segments_delta_time[0:1024:];/gt1l_sea_ice_segments_latitude[0:1024:];/gt1l_sea_ice_segments_longitude[0:1024:];/gt1l_sea_ice_segments_delta_time[0:1024:]"; transmitting
1692903174,499,timing,elapsed_us,2508354,start_us,1692903171943620,stop_us,1692903174451974,-,RemoteResource::get_url() - source url: https://data.nsidc.uat.earthdatacloud.nasa.gov/nsidc-cumulus-uat-protected/ATLAS/ATL07/005/2020/01/01/ATL07-01_20200101015629_00820601_005_01.h5.dmrpp
1692903176,499,timing,elapsed_us,2283515,start_us,1692903174470486,stop_us,1692903176754001,-,CurlUtils::retrieve_effective_url() -  Following Redirects Starting With: https://data.nsidc.uat.earthdatacloud.nasa.gov/nsidc-cumulus-uat-protected/ATLAS/ATL07/005/2020/01/01/ATL07-01_20200101015629_00820601_005_01.h5
1692903176,499,timing,elapsed_us,2380690,start_us,1692903174470436,stop_us,1692903176851126,-,DmrppArray::read_contiguous() -  name: orbit_info_rgt
1692903177,499,timing,elapsed_us,105836,start_us,1692903177292133,stop_us,1692903177397969,-,DmrppArray::read_super_chunks_concurrent() -  name: gt1l_sea_ice_segments_longitude
1692903177,499,timing,elapsed_us,213936,start_us,1692903177447064,stop_us,1692903177661000,-,DmrppArray::read_super_chunks_concurrent() -  name: gt3l_sea_ice_segments_longitude
1692903177,499,timing,elapsed_us,278483,start_us,1692903176852432,stop_us,1692903177130915,-,DmrppArray::read_super_chunks_concurrent() -  name: gt1r_sea_ice_segments_longitude
1692903177,499,timing,elapsed_us,41645,start_us,1692903177198209,stop_us,1692903177239854,-,DmrppArray::read_super_chunks_concurrent() -  name: gt2r_sea_ice_segments_longitude
1692903177,499,timing,elapsed_us,46896,start_us,1692903177399071,stop_us,1692903177445967,-,DmrppArray::read_super_chunks_concurrent() -  name: gt1l_sea_ice_segments_latitude
1692903177,499,timing,elapsed_us,49981,start_us,1692903177241106,stop_us,1692903177291087,-,DmrppArray::read_super_chunks_concurrent() -  name: gt2r_sea_ice_segments_latitude
1692903177,499,timing,elapsed_us,65096,start_us,1692903177132156,stop_us,1692903177197252,-,DmrppArray::read_super_chunks_concurrent() -  name: gt1r_sea_ice_segments_latitude
1692903177,499,timing,elapsed_us,74139,start_us,1692903177662068,stop_us,1692903177736207,-,DmrppArray::read_super_chunks_concurrent() -  name: gt3l_sea_ice_segments_latitude
1692903178,499,timing,elapsed_us,103054,start_us,1692903178404559,stop_us,1692903178507613,-,DmrppArray::read_super_chunks_concurrent() -  name: gt3r_sea_ice_segments_latitude
1692903178,499,timing,elapsed_us,109952,start_us,1692903178577084,stop_us,1692903178687036,-,DmrppArray::read_super_chunks_concurrent() -  name: gt1r_sea_ice_segments_delta_time
1692903178,499,timing,elapsed_us,124983,start_us,1692903178278269,stop_us,1692903178403252,-,DmrppArray::read_super_chunks_concurrent() -  name: gt3r_sea_ice_segments_longitude
1692903178,499,timing,elapsed_us,19563,start_us,1692903178931539,stop_us,1692903178951102,-,DmrppArray::read_contiguous() -  name: orbit_info_crossing_time
1692903178,499,timing,elapsed_us,200,start_us,1692903178953226,stop_us,1692903178953426,-,BESInterface::execute_request
1692903178,499,timing,elapsed_us,201218,start_us,1692903178075921,stop_us,1692903178277139,-,DmrppArray::read_super_chunks_concurrent() -  name: gt2l_sea_ice_segments_latitude
1692903178,499,timing,elapsed_us,228,start_us,1692903178953222,stop_us,1692903178953450,-,BESServerHandler::execute
1692903178,499,timing,elapsed_us,337802,start_us,1692903177737122,stop_us,1692903178074924,-,DmrppArray::read_super_chunks_concurrent() -  name: gt2l_sea_ice_segments_longitude
1692903178,499,timing,elapsed_us,35053,start_us,1692903178737014,stop_us,1692903178772067,-,DmrppArray::read_super_chunks_concurrent() -  name: gt2r_sea_ice_segments_delta_time
1692903178,499,timing,elapsed_us,4482269,start_us,1692903174469122,stop_us,1692903178951391,-,BESDapResponseBuilder::serialize_dap4_data() - Timer
1692903178,499,timing,elapsed_us,4482666,start_us,1692903174468755,stop_us,1692903178951421,http-nio-8080-exec-1:29[bes_client:/-1],get dap for d1 return as dap2; transmitting
1692903178,499,timing,elapsed_us,47933,start_us,1692903178688034,stop_us,1692903178735967,-,DmrppArray::read_super_chunks_concurrent() -  name: gt2l_sea_ice_segments_delta_time
1692903178,499,timing,elapsed_us,6,start_us,1692903178953412,stop_us,1692903178953418,client: /-1:107,show status; transmitting
1692903178,499,timing,elapsed_us,67068,start_us,1692903178508830,stop_us,1692903178575898,-,DmrppArray::read_super_chunks_concurrent() -  name: gt1l_sea_ice_segments_delta_time
1692903178,499,timing,elapsed_us,7222684,start_us,1692903171728754,stop_us,1692903178951438,-,BESInterface::execute_request
1692903178,499,timing,elapsed_us,7224478,start_us,1692903171728722,stop_us,1692903178953200,-,BESServerHandler::execute
1692903178,499,timing,elapsed_us,72613,start_us,1692903178773218,stop_us,1692903178845831,-,DmrppArray::read_super_chunks_concurrent() -  name: gt3l_sea_ice_segments_delta_time
1692903178,499,timing,elapsed_us,84374,start_us,1692903178847025,stop_us,1692903178931399,-,DmrppArray::read_super_chunks_concurrent() -  name: gt3r_sea_ice_segments_delta_time
1692903210,499,timing,elapsed_us,224586,start_us,1692903210217314,stop_us,1692903210441900,-,RemoteResource::get_url() - source url: https://cmr.uat.earthdata.nasa.gov/search/granules.umm_json_v1_4?collection_concept_id=C1241426887-NSIDC_CUAT&granule_ur=ATL07-01_20200101015629_00820601_005_01.h5
1692903210,499,timing,elapsed_us,6,start_us,1692903210442522,stop_us,1692903210442528,http-nio-8080-exec-5:33[bes_client:/-1],set container in ngap values ngapContainer,collections/C1241426887-NSIDC_CUAT/granules/ATL07-01_20200101015629_00820601_005_01.h5; transmitting
1692903210,499,timing,elapsed_us,8,start_us,1692903210442886,stop_us,1692903210442894,http-nio-8080-exec-5:33[bes_client:/-1],define d1 in default as ngapContainer with ngapContainer.dap4constraint="/orbit_info_rgt;/orbit_info_crossing_time;/gt3r_sea_ice_segments_latitude[0:1024:];/gt3r_sea_ice_segments_longitude[0:1024:];/gt3r_sea_ice_segments_delta_time[0:1024:];/gt3l_sea_ice_segments_latitude[0:1024:];/gt3l_sea_ice_segments_longitude[0:1024:];/gt3l_sea_ice_segments_delta_time[0:1024:];/gt2r_sea_ice_segments_latitude[0:1024:];/gt2r_sea_ice_segments_longitude[0:1024:];/gt2r_sea_ice_segments_delta_time[0:1024:];/gt2l_sea_ice_segments_latitude[0:1024:];/gt2l_sea_ice_segments_longitude[0:1024:];/gt2l_sea_ice_segments_delta_time[0:1024:];/gt1r_sea_ice_segments_latitude[0:1024:];/gt1r_sea_ice_segments_longitude[0:1024:];/gt1r_sea_ice_segments_delta_time[0:1024:];/gt1l_sea_ice_segments_latitude[0:1024:];/gt1l_sea_ice_segments_longitude[0:1024:];/gt1l_sea_ice_segments_delta_time[0:1024:]"; transmitting
1692903212,499,timing,elapsed_us,2312028,start_us,1692903210443792,stop_us,1692903212755820,-,RemoteResource::get_url() - source url: https://data.nsidc.uat.earthdatacloud.nasa.gov/nsidc-cumulus-uat-protected/ATLAS/ATL07/005/2020/01/01/ATL07-01_20200101015629_00820601_005_01.h5.dmrpp
1692903212,499,timing,elapsed_us,85894,start_us,1692903212774016,stop_us,1692903212859910,-,DmrppArray::read_contiguous() -  name: orbit_info_rgt
1692903213,499,timing,elapsed_us,168769,start_us,1692903212860976,stop_us,1692903213029745,-,DmrppArray::read_super_chunks_concurrent() -  name: gt1r_sea_ice_segments_longitude
1692903213,499,timing,elapsed_us,32853,start_us,1692903213888721,stop_us,1692903213921574,-,DmrppArray::read_super_chunks_concurrent() -  name: gt2l_sea_ice_segments_delta_time
1692903213,499,timing,elapsed_us,38427,start_us,1692903213559149,stop_us,1692903213597576,-,DmrppArray::read_super_chunks_concurrent() -  name: gt2l_sea_ice_segments_longitude
1692903213,499,timing,elapsed_us,38845,start_us,1692903213598389,stop_us,1692903213637234,-,DmrppArray::read_super_chunks_concurrent() -  name: gt2l_sea_ice_segments_latitude
1692903213,499,timing,elapsed_us,39003,start_us,1692903213791141,stop_us,1692903213830144,-,DmrppArray::read_super_chunks_concurrent() -  name: gt1l_sea_ice_segments_delta_time
1692903213,499,timing,elapsed_us,52793,start_us,1692903213347178,stop_us,1692903213399971,-,DmrppArray::read_super_chunks_concurrent() -  name: gt1l_sea_ice_segments_latitude
1692903213,499,timing,elapsed_us,52833,start_us,1692903213922469,stop_us,1692903213975302,-,DmrppArray::read_super_chunks_concurrent() -  name: gt2r_sea_ice_segments_delta_time
1692903213,499,timing,elapsed_us,56164,start_us,1692903213831315,stop_us,1692903213887479,-,DmrppArray::read_super_chunks_concurrent() -  name: gt1r_sea_ice_segments_delta_time
1692903213,499,timing,elapsed_us,61818,start_us,1692903213284241,stop_us,1692903213346059,-,DmrppArray::read_super_chunks_concurrent() -  name: gt1l_sea_ice_segments_longitude
1692903213,499,timing,elapsed_us,62834,start_us,1692903213401209,stop_us,1692903213464043,-,DmrppArray::read_super_chunks_concurrent() -  name: gt3l_sea_ice_segments_longitude
1692903213,499,timing,elapsed_us,64505,start_us,1692903213030855,stop_us,1692903213095360,-,DmrppArray::read_super_chunks_concurrent() -  name: gt1r_sea_ice_segments_latitude
1692903213,499,timing,elapsed_us,70692,start_us,1692903213719294,stop_us,1692903213789986,-,DmrppArray::read_super_chunks_concurrent() -  name: gt3r_sea_ice_segments_latitude
1692903213,499,timing,elapsed_us,79798,start_us,1692903213638275,stop_us,1692903213718073,-,DmrppArray::read_super_chunks_concurrent() -  name: gt3r_sea_ice_segments_longitude
1692903213,499,timing,elapsed_us,88049,start_us,1692903213195204,stop_us,1692903213283253,-,DmrppArray::read_super_chunks_concurrent() -  name: gt2r_sea_ice_segments_latitude
1692903213,499,timing,elapsed_us,92962,start_us,1692903213465210,stop_us,1692903213558172,-,DmrppArray::read_super_chunks_concurrent() -  name: gt3l_sea_ice_segments_latitude
1692903213,499,timing,elapsed_us,97765,start_us,1692903213096391,stop_us,1692903213194156,-,DmrppArray::read_super_chunks_concurrent() -  name: gt2r_sea_ice_segments_longitude
1692903214,499,timing,elapsed_us,1334157,start_us,1692903212772733,stop_us,1692903214106890,-,BESDapResponseBuilder::serialize_dap4_data() - Timer
1692903214,499,timing,elapsed_us,1334584,start_us,1692903212772335,stop_us,1692903214106919,http-nio-8080-exec-5:33[bes_client:/-1],get dap for d1 return as dap2; transmitting
1692903214,499,timing,elapsed_us,16880,start_us,1692903214089728,stop_us,1692903214106608,-,DmrppArray::read_contiguous() -  name: orbit_info_crossing_time
1692903214,499,timing,elapsed_us,207,start_us,1692903214108737,stop_us,1692903214108944,-,BESInterface::execute_request
1692903214,499,timing,elapsed_us,239,start_us,1692903214108733,stop_us,1692903214108972,-,BESServerHandler::execute
1692903214,499,timing,elapsed_us,35482,start_us,1692903214054118,stop_us,1692903214089600,-,DmrppArray::read_super_chunks_concurrent() -  name: gt3r_sea_ice_segments_delta_time
1692903214,499,timing,elapsed_us,3894251,start_us,1692903210212684,stop_us,1692903214106935,-,BESInterface::execute_request
1692903214,499,timing,elapsed_us,3896037,start_us,1692903210212667,stop_us,1692903214108704,-,BESServerHandler::execute
1692903214,499,timing,elapsed_us,6,start_us,1692903214108930,stop_us,1692903214108936,client: /-1:109,show status; transmitting
1692903214,499,timing,elapsed_us,76449,start_us,1692903213976451,stop_us,1692903214052900,-,DmrppArray::read_super_chunks_concurrent() -  name: gt3l_sea_ice_segments_delta_time
1692903252,499,timing,elapsed_us,336694,start_us,1692903251885233,stop_us,1692903252221927,-,RemoteResource::get_url() - source url: https://cmr.uat.earthdata.nasa.gov/search/granules.umm_json_v1_4?collection_concept_id=C1241426887-NSIDC_CUAT&granule_ur=ATL07-01_20200101015629_00820601_005_01.h5
1692903252,499,timing,elapsed_us,7,start_us,1692903252222423,stop_us,1692903252222430,http-nio-8080-exec-2:30[bes_client:/-1],set container in ngap values ngapContainer,collections/C1241426887-NSIDC_CUAT/granules/ATL07-01_20200101015629_00820601_005_01.h5; transmitting
1692903252,499,timing,elapsed_us,9,start_us,1692903252222793,stop_us,1692903252222802,http-nio-8080-exec-2:30[bes_client:/-1],define d1 in default as ngapContainer with ngapContainer.dap4constraint="/orbit_info_rgt;/orbit_info_crossing_time;/gt3r_sea_ice_segments_latitude[0:1024:];/gt3r_sea_ice_segments_longitude[0:1024:];/gt3r_sea_ice_segments_delta_time[0:1024:];/gt3l_sea_ice_segments_latitude[0:1024:];/gt3l_sea_ice_segments_longitude[0:1024:];/gt3l_sea_ice_segments_delta_time[0:1024:];/gt2r_sea_ice_segments_latitude[0:1024:];/gt2r_sea_ice_segments_longitude[0:1024:];/gt2r_sea_ice_segments_delta_time[0:1024:];/gt2l_sea_ice_segments_latitude[0:1024:];/gt2l_sea_ice_segments_longitude[0:1024:];/gt2l_sea_ice_segments_delta_time[0:1024:];/gt1r_sea_ice_segments_latitude[0:1024:];/gt1r_sea_ice_segments_longitude[0:1024:];/gt1r_sea_ice_segments_delta_time[0:1024:];/gt1l_sea_ice_segments_latitude[0:1024:];/gt1l_sea_ice_segments_longitude[0:1024:];/gt1l_sea_ice_segments_delta_time[0:1024:]"; transmitting
1692903254,499,timing,elapsed_us,110005,start_us,1692903254609425,stop_us,1692903254719430,-,DmrppArray::read_super_chunks_concurrent() -  name: gt1r_sea_ice_segments_longitude
1692903254,499,timing,elapsed_us,2300696,start_us,1692903252223679,stop_us,1692903254524375,-,RemoteResource::get_url() - source url: https://data.nsidc.uat.earthdatacloud.nasa.gov/nsidc-cumulus-uat-protected/ATLAS/ATL07/005/2020/01/01/ATL07-01_20200101015629_00820601_005_01.h5.dmrpp
1692903254,499,timing,elapsed_us,39930,start_us,1692903254900984,stop_us,1692903254940914,-,DmrppArray::read_super_chunks_concurrent() -  name: gt1l_sea_ice_segments_latitude
1692903254,499,timing,elapsed_us,40459,start_us,1692903254817847,stop_us,1692903254858306,-,DmrppArray::read_super_chunks_concurrent() -  name: gt2r_sea_ice_segments_latitude
1692903254,499,timing,elapsed_us,40688,start_us,1692903254859280,stop_us,1692903254899968,-,DmrppArray::read_super_chunks_concurrent() -  name: gt1l_sea_ice_segments_longitude
1692903254,499,timing,elapsed_us,41149,start_us,1692903254775853,stop_us,1692903254817002,-,DmrppArray::read_super_chunks_concurrent() -  name: gt2r_sea_ice_segments_longitude
1692903254,499,timing,elapsed_us,54241,start_us,1692903254720575,stop_us,1692903254774816,-,DmrppArray::read_super_chunks_concurrent() -  name: gt1r_sea_ice_segments_latitude
1692903254,499,timing,elapsed_us,69749,start_us,1692903254538507,stop_us,1692903254608256,-,DmrppArray::read_contiguous() -  name: orbit_info_rgt
1692903255,499,timing,elapsed_us,116790,start_us,1692903255457147,stop_us,1692903255573937,-,DmrppArray::read_super_chunks_concurrent() -  name: gt3r_sea_ice_segments_longitude
1692903255,499,timing,elapsed_us,152639,start_us,1692903254941897,stop_us,1692903255094536,-,DmrppArray::read_super_chunks_concurrent() -  name: gt3l_sea_ice_segments_longitude
1692903255,499,timing,elapsed_us,197224,start_us,1692903255258707,stop_us,1692903255455931,-,DmrppArray::read_super_chunks_concurrent() -  name: gt2l_sea_ice_segments_latitude
1692903255,499,timing,elapsed_us,28643,start_us,1692903255781867,stop_us,1692903255810510,-,DmrppArray::read_super_chunks_concurrent() -  name: gt2l_sea_ice_segments_delta_time
1692903255,499,timing,elapsed_us,55151,start_us,1692903255725859,stop_us,1692903255781010,-,DmrppArray::read_super_chunks_concurrent() -  name: gt1r_sea_ice_segments_delta_time
1692903255,499,timing,elapsed_us,68342,start_us,1692903255575103,stop_us,1692903255643445,-,DmrppArray::read_super_chunks_concurrent() -  name: gt3r_sea_ice_segments_latitude
1692903255,499,timing,elapsed_us,71022,start_us,1692903255095517,stop_us,1692903255166539,-,DmrppArray::read_super_chunks_concurrent() -  name: gt3l_sea_ice_segments_latitude
1692903255,499,timing,elapsed_us,80232,start_us,1692903255644450,stop_us,1692903255724682,-,DmrppArray::read_super_chunks_concurrent() -  name: gt1l_sea_ice_segments_delta_time
1692903255,499,timing,elapsed_us,83879,start_us,1692903255811582,stop_us,1692903255895461,-,DmrppArray::read_super_chunks_concurrent() -  name: gt2r_sea_ice_segments_delta_time
1692903255,499,timing,elapsed_us,90378,start_us,1692903255167366,stop_us,1692903255257744,-,DmrppArray::read_super_chunks_concurrent() -  name: gt2l_sea_ice_segments_longitude
1692903256,499,timing,elapsed_us,1781207,start_us,1692903254537189,stop_us,1692903256318396,-,BESDapResponseBuilder::serialize_dap4_data() - Timer
1692903256,499,timing,elapsed_us,1781604,start_us,1692903254536822,stop_us,1692903256318426,http-nio-8080-exec-2:30[bes_client:/-1],get dap for d1 return as dap2; transmitting
1692903256,499,timing,elapsed_us,180218,start_us,1692903256092767,stop_us,1692903256272985,-,DmrppArray::read_super_chunks_concurrent() -  name: gt3r_sea_ice_segments_delta_time
1692903256,499,timing,elapsed_us,195238,start_us,1692903255896470,stop_us,1692903256091708,-,DmrppArray::read_super_chunks_concurrent() -  name: gt3l_sea_ice_segments_delta_time
1692903256,499,timing,elapsed_us,229,start_us,1692903256320485,stop_us,1692903256320714,-,BESInterface::execute_request
1692903256,499,timing,elapsed_us,258,start_us,1692903256320481,stop_us,1692903256320739,-,BESServerHandler::execute
1692903256,499,timing,elapsed_us,4437660,start_us,1692903251880782,stop_us,1692903256318442,-,BESInterface::execute_request
1692903256,499,timing,elapsed_us,4439713,start_us,1692903251880746,stop_us,1692903256320459,-,BESServerHandler::execute
1692903256,499,timing,elapsed_us,44985,start_us,1692903256273134,stop_us,1692903256318119,-,DmrppArray::read_contiguous() -  name: orbit_info_crossing_time
1692903256,499,timing,elapsed_us,7,start_us,1692903256320696,stop_us,1692903256320703,client: /-1:111,show status; transmitting
1692903290,499,timing,elapsed_us,14,start_us,1692903290780699,stop_us,1692903290780713,http-nio-8080-exec-4:32[bes_client:/-1],define d1 in default as ngapContainer with ngapContainer.dap4constraint="/orbit_info_rgt;/orbit_info_crossing_time;/gt3r_sea_ice_segments_latitude[0:1024:];/gt3r_sea_ice_segments_longitude[0:1024:];/gt3r_sea_ice_segments_delta_time[0:1024:];/gt3l_sea_ice_segments_latitude[0:1024:];/gt3l_sea_ice_segments_longitude[0:1024:];/gt3l_sea_ice_segments_delta_time[0:1024:];/gt2r_sea_ice_segments_latitude[0:1024:];/gt2r_sea_ice_segments_longitude[0:1024:];/gt2r_sea_ice_segments_delta_time[0:1024:];/gt2l_sea_ice_segments_latitude[0:1024:];/gt2l_sea_ice_segments_longitude[0:1024:];/gt2l_sea_ice_segments_delta_time[0:1024:];/gt1r_sea_ice_segments_latitude[0:1024:];/gt1r_sea_ice_segments_longitude[0:1024:];/gt1r_sea_ice_segments_delta_time[0:1024:];/gt1l_sea_ice_segments_latitude[0:1024:];/gt1l_sea_ice_segments_longitude[0:1024:];/gt1l_sea_ice_segments_delta_time[0:1024:]"; transmitting
1692903290,499,timing,elapsed_us,214697,start_us,1692903290564996,stop_us,1692903290779693,-,RemoteResource::get_url() - source url: https://cmr.uat.earthdata.nasa.gov/search/granules.umm_json_v1_4?collection_concept_id=C1241426887-NSIDC_CUAT&granule_ur=ATL07-01_20200101015629_00820601_005_01.h5
1692903290,499,timing,elapsed_us,7,start_us,1692903290780312,stop_us,1692903290780319,http-nio-8080-exec-4:32[bes_client:/-1],set container in ngap values ngapContainer,collections/C1241426887-NSIDC_CUAT/granules/ATL07-01_20200101015629_00820601_005_01.h5; transmitting
1692903293,499,timing,elapsed_us,102436,start_us,1692903293751050,stop_us,1692903293853486,-,DmrppArray::read_super_chunks_concurrent() -  name: gt1l_sea_ice_segments_latitude
1692903293,499,timing,elapsed_us,103463,start_us,1692903293108893,stop_us,1692903293212356,-,DmrppArray::read_contiguous() -  name: orbit_info_rgt
1692903293,499,timing,elapsed_us,103879,start_us,1692903293645998,stop_us,1692903293749877,-,DmrppArray::read_super_chunks_concurrent() -  name: gt1l_sea_ice_segments_longitude
1692903293,499,timing,elapsed_us,107631,start_us,1692903293453352,stop_us,1692903293560983,-,DmrppArray::read_super_chunks_concurrent() -  name: gt1r_sea_ice_segments_latitude
1692903293,499,timing,elapsed_us,121614,start_us,1692903293854571,stop_us,1692903293976185,-,DmrppArray::read_super_chunks_concurrent() -  name: gt3l_sea_ice_segments_longitude
1692903293,499,timing,elapsed_us,2309339,start_us,1692903290781600,stop_us,1692903293090939,-,RemoteResource::get_url() - source url: https://data.nsidc.uat.earthdatacloud.nasa.gov/nsidc-cumulus-uat-protected/ATLAS/ATL07/005/2020/01/01/ATL07-01_20200101015629_00820601_005_01.h5.dmrpp
1692903293,499,timing,elapsed_us,238358,start_us,1692903293213749,stop_us,1692903293452107,-,DmrppArray::read_super_chunks_concurrent() -  name: gt1r_sea_ice_segments_longitude
1692903293,499,timing,elapsed_us,38275,start_us,1692903293562090,stop_us,1692903293600365,-,DmrppArray::read_super_chunks_concurrent() -  name: gt2r_sea_ice_segments_longitude
1692903293,499,timing,elapsed_us,43799,start_us,1692903293601250,stop_us,1692903293645049,-,DmrppArray::read_super_chunks_concurrent() -  name: gt2r_sea_ice_segments_latitude
1692903294,499,timing,elapsed_us,104352,start_us,1692903294760799,stop_us,1692903294865151,-,DmrppArray::read_super_chunks_concurrent() -  name: gt3l_sea_ice_segments_delta_time
1692903294,499,timing,elapsed_us,126956,start_us,1692903294562679,stop_us,1692903294689635,-,DmrppArray::read_super_chunks_concurrent() -  name: gt2l_sea_ice_segments_delta_time
1692903294,499,timing,elapsed_us,17154,start_us,1692903294947868,stop_us,1692903294965022,-,DmrppArray::read_contiguous() -  name: orbit_info_crossing_time
1692903294,499,timing,elapsed_us,1857647,start_us,1692903293107579,stop_us,1692903294965226,-,BESDapResponseBuilder::serialize_dap4_data() - Timer
1692903294,499,timing,elapsed_us,1858037,start_us,1692903293107203,stop_us,1692903294965240,http-nio-8080-exec-4:32[bes_client:/-1],get dap for d1 return as dap2; transmitting
1692903294,499,timing,elapsed_us,237968,start_us,1692903294221325,stop_us,1692903294459293,-,DmrppArray::read_super_chunks_concurrent() -  name: gt3r_sea_ice_segments_latitude
1692903294,499,timing,elapsed_us,240,start_us,1692903294967580,stop_us,1692903294967820,-,BESInterface::execute_request
1692903294,499,timing,elapsed_us,270,start_us,1692903294967576,stop_us,1692903294967846,-,BESServerHandler::execute
1692903294,499,timing,elapsed_us,39744,start_us,1692903294460420,stop_us,1692903294500164,-,DmrppArray::read_super_chunks_concurrent() -  name: gt1l_sea_ice_segments_delta_time
1692903294,499,timing,elapsed_us,43385,start_us,1692903294054891,stop_us,1692903294098276,-,DmrppArray::read_super_chunks_concurrent() -  name: gt2l_sea_ice_segments_longitude
1692903294,499,timing,elapsed_us,4404499,start_us,1692903290560748,stop_us,1692903294965247,-,BESInterface::execute_request
1692903294,499,timing,elapsed_us,4406841,start_us,1692903290560713,stop_us,1692903294967554,-,BESServerHandler::execute
1692903294,499,timing,elapsed_us,59761,start_us,1692903294099091,stop_us,1692903294158852,-,DmrppArray::read_super_chunks_concurrent() -  name: gt2l_sea_ice_segments_latitude
1692903294,499,timing,elapsed_us,59952,start_us,1692903294160140,stop_us,1692903294220092,-,DmrppArray::read_super_chunks_concurrent() -  name: gt3r_sea_ice_segments_longitude
1692903294,499,timing,elapsed_us,60592,start_us,1692903294501227,stop_us,1692903294561819,-,DmrppArray::read_super_chunks_concurrent() -  name: gt1r_sea_ice_segments_delta_time
1692903294,499,timing,elapsed_us,69108,start_us,1692903294690596,stop_us,1692903294759704,-,DmrppArray::read_super_chunks_concurrent() -  name: gt2r_sea_ice_segments_delta_time
1692903294,499,timing,elapsed_us,7,start_us,1692903294967805,stop_us,1692903294967812,client: /-1:113,show status; transmitting
1692903294,499,timing,elapsed_us,76535,start_us,1692903293977339,stop_us,1692903294053874,-,DmrppArray::read_super_chunks_concurrent() -  name: gt3l_sea_ice_segments_latitude
1692903294,499,timing,elapsed_us,81405,start_us,1692903294866319,stop_us,1692903294947724,-,DmrppArray::read_super_chunks_concurrent() -  name: gt3r_sea_ice_segments_delta_time
1692903327,499,timing,elapsed_us,344200,start_us,1692903327145100,stop_us,1692903327489300,-,RemoteResource::get_url() - source url: https://cmr.uat.earthdata.nasa.gov/search/granules.umm_json_v1_4?collection_concept_id=C1241426907-NSIDC_CUAT&granule_ur=ATL08_20200101145654_00900605_005_01.h5
1692903327,499,timing,elapsed_us,5,start_us,1692903327490121,stop_us,1692903327490126,http-nio-8080-exec-2:30[bes_client:/-1],define d1 in default as ngapContainer with ngapContainer.dap4constraint="/orbit_info_rgt;/orbit_info_crossing_time;/gt3r_land_segments_latitude[0:64:];/gt3r_land_segments_longitude[0:64:];/gt3r_land_segments_delta_time[0:64:];/gt3l_land_segments_latitude[0:64:];/gt3l_land_segments_longitude[0:64:];/gt3l_land_segments_delta_time[0:64:];/gt2r_land_segments_latitude[0:64:];/gt2r_land_segments_longitude[0:64:];/gt2r_land_segments_delta_time[0:64:];/gt2l_land_segments_latitude[0:64:];/gt2l_land_segments_longitude[0:64:];/gt2l_land_segments_delta_time[0:64:];/gt1r_land_segments_latitude[0:64:];/gt1r_land_segments_longitude[0:64:];/gt1r_land_segments_delta_time[0:64:];/gt1l_land_segments_latitude[0:64:];/gt1l_land_segments_longitude[0:64:];/gt1l_land_segments_delta_time[0:64:]"; transmitting
1692903327,499,timing,elapsed_us,6,start_us,1692903327489771,stop_us,1692903327489777,http-nio-8080-exec-2:30[bes_client:/-1],set container in ngap values ngapContainer,collections/C1241426907-NSIDC_CUAT/granules/ATL08_20200101145654_00900605_005_01.h5; transmitting
1692903329,499,timing,elapsed_us,2303030,start_us,1692903327490975,stop_us,1692903329794005,-,RemoteResource::get_url() - source url: https://data.nsidc.uat.earthdatacloud.nasa.gov/nsidc-cumulus-uat-protected/ATLAS/ATL08/005/2020/01/01/ATL08_20200101145654_00900605_005_01.h5.dmrpp
1692903332,499,timing,elapsed_us,14349,start_us,1692903332164681,stop_us,1692903332179030,-,DmrppArray::read_contiguous() -  name: gt1r_land_segments_delta_time
1692903332,499,timing,elapsed_us,14377,start_us,1692903332301463,stop_us,1692903332315840,-,DmrppArray::read_contiguous() -  name: gt1r_land_segments_longitude
1692903332,499,timing,elapsed_us,15156,start_us,1692903332248407,stop_us,1692903332263563,-,DmrppArray::read_contiguous() -  name: gt3r_land_segments_delta_time
1692903332,499,timing,elapsed_us,15509,start_us,1692903332354050,stop_us,1692903332369559,-,DmrppArray::read_contiguous() -  name: gt2r_land_segments_latitude
1692903332,499,timing,elapsed_us,15575,start_us,1692903332197785,stop_us,1692903332213360,-,DmrppArray::read_contiguous() -  name: gt2r_land_segments_delta_time
1692903332,499,timing,elapsed_us,16047,start_us,1692903332463074,stop_us,1692903332479121,-,DmrppArray::read_contiguous() -  name: gt2l_land_segments_longitude
1692903332,499,timing,elapsed_us,16251,start_us,1692903332446726,stop_us,1692903332462977,-,DmrppArray::read_contiguous() -  name: gt3l_land_segments_latitude
1692903332,499,timing,elapsed_us,16752,start_us,1692903332337137,stop_us,1692903332353889,-,DmrppArray::read_contiguous() -  name: gt2r_land_segments_longitude
1692903332,499,timing,elapsed_us,16761,start_us,1692903332479288,stop_us,1692903332496049,-,DmrppArray::read_contiguous() -  name: gt2l_land_segments_latitude
1692903332,499,timing,elapsed_us,17000,start_us,1692903332411621,stop_us,1692903332428621,-,DmrppArray::read_contiguous() -  name: gt1l_land_segments_latitude
1692903332,499,timing,elapsed_us,17085,start_us,1692903332496146,stop_us,1692903332513231,-,DmrppArray::read_contiguous() -  name: gt3r_land_segments_longitude
1692903332,499,timing,elapsed_us,17792,start_us,1692903332263642,stop_us,1692903332281434,-,DmrppArray::read_contiguous() -  name: orbit_info_crossing_time
1692903332,499,timing,elapsed_us,17931,start_us,1692903332428697,stop_us,1692903332446628,-,DmrppArray::read_contiguous() -  name: gt3l_land_segments_longitude
1692903332,499,timing,elapsed_us,18596,start_us,1692903332179114,stop_us,1692903332197710,-,DmrppArray::read_contiguous() -  name: gt2l_land_segments_delta_time
1692903332,499,timing,elapsed_us,18764,start_us,1692903332513387,stop_us,1692903332532151,-,DmrppArray::read_contiguous() -  name: gt3r_land_segments_latitude
1692903332,499,timing,elapsed_us,19762,start_us,1692903332281552,stop_us,1692903332301314,-,DmrppArray::read_contiguous() -  name: orbit_info_rgt
1692903332,499,timing,elapsed_us,21019,start_us,1692903332315969,stop_us,1692903332336988,-,DmrppArray::read_contiguous() -  name: gt1r_land_segments_latitude
1692903332,499,timing,elapsed_us,2290553,start_us,1692903329815776,stop_us,1692903332106329,-,CurlUtils::retrieve_effective_url() -  Following Redirects Starting With: https://data.nsidc.uat.earthdatacloud.nasa.gov/nsidc-cumulus-uat-protected/ATLAS/ATL08/005/2020/01/01/ATL08_20200101145654_00900605_005_01.h5
1692903332,499,timing,elapsed_us,230,start_us,1692903332533873,stop_us,1692903332534103,-,BESInterface::execute_request
1692903332,499,timing,elapsed_us,2348843,start_us,1692903329815724,stop_us,1692903332164567,-,DmrppArray::read_contiguous() -  name: gt1l_land_segments_delta_time
1692903332,499,timing,elapsed_us,259,start_us,1692903332533869,stop_us,1692903332534128,-,BESServerHandler::execute
1692903332,499,timing,elapsed_us,2717946,start_us,1692903329814421,stop_us,1692903332532367,-,BESDapResponseBuilder::serialize_dap4_data() - Timer
1692903332,499,timing,elapsed_us,2718218,start_us,1692903329814173,stop_us,1692903332532391,http-nio-8080-exec-2:30[bes_client:/-1],get dap for d1 return as dap2; transmitting
1692903332,499,timing,elapsed_us,34734,start_us,1692903332213510,stop_us,1692903332248244,-,DmrppArray::read_contiguous() -  name: gt3l_land_segments_delta_time
1692903332,499,timing,elapsed_us,41924,start_us,1692903332369623,stop_us,1692903332411547,-,DmrppArray::read_contiguous() -  name: gt1l_land_segments_longitude
1692903332,499,timing,elapsed_us,5391629,start_us,1692903327140775,stop_us,1692903332532404,-,BESInterface::execute_request
1692903332,499,timing,elapsed_us,5393104,start_us,1692903327140743,stop_us,1692903332533847,-,BESServerHandler::execute
1692903332,499,timing,elapsed_us,6,start_us,1692903332534090,stop_us,1692903332534096,client: /-1:115,show status; transmitting
1692903348,499,timing,elapsed_us,214473,start_us,1692903347881721,stop_us,1692903348096194,-,RemoteResource::get_url() - source url: https://cmr.uat.earthdata.nasa.gov/search/granules.umm_json_v1_4?collection_concept_id=C1241426907-NSIDC_CUAT&granule_ur=ATL08_20200101145654_00900605_005_01.h5
1692903348,499,timing,elapsed_us,7,start_us,1692903348097060,stop_us,1692903348097067,http-nio-8080-exec-2:30[bes_client:/-1],define d1 in default as ngapContainer with ngapContainer.dap4constraint="/orbit_info_rgt;/orbit_info_crossing_time;/gt3r_land_segments_latitude[0:64:];/gt3r_land_segments_longitude[0:64:];/gt3r_land_segments_delta_time[0:64:];/gt3l_land_segments_latitude[0:64:];/gt3l_land_segments_longitude[0:64:];/gt3l_land_segments_delta_time[0:64:];/gt2r_land_segments_latitude[0:64:];/gt2r_land_segments_longitude[0:64:];/gt2r_land_segments_delta_time[0:64:];/gt2l_land_segments_latitude[0:64:];/gt2l_land_segments_longitude[0:64:];/gt2l_land_segments_delta_time[0:64:];/gt1r_land_segments_latitude[0:64:];/gt1r_land_segments_longitude[0:64:];/gt1r_land_segments_delta_time[0:64:];/gt1l_land_segments_latitude[0:64:];/gt1l_land_segments_longitude[0:64:];/gt1l_land_segments_delta_time[0:64:]"; transmitting
1692903348,499,timing,elapsed_us,8,start_us,1692903348096685,stop_us,1692903348096693,http-nio-8080-exec-2:30[bes_client:/-1],set container in ngap values ngapContainer,collections/C1241426907-NSIDC_CUAT/granules/ATL08_20200101145654_00900605_005_01.h5; transmitting
1692903350,499,timing,elapsed_us,14335,start_us,1692903350604293,stop_us,1692903350618628,-,DmrppArray::read_contiguous() -  name: orbit_info_crossing_time
1692903350,499,timing,elapsed_us,14449,start_us,1692903350697302,stop_us,1692903350711751,-,DmrppArray::read_contiguous() -  name: gt2r_land_segments_longitude
1692903350,499,timing,elapsed_us,15016,start_us,1692903350727301,stop_us,1692903350742317,-,DmrppArray::read_contiguous() -  name: gt1l_land_segments_longitude
1692903350,499,timing,elapsed_us,15323,start_us,1692903350711907,stop_us,1692903350727230,-,DmrppArray::read_contiguous() -  name: gt2r_land_segments_latitude
1692903350,499,timing,elapsed_us,15570,start_us,1692903350779386,stop_us,1692903350794956,-,DmrppArray::read_contiguous() -  name: gt3l_land_segments_latitude
1692903350,499,timing,elapsed_us,16023,start_us,1692903350571235,stop_us,1692903350587258,-,DmrppArray::read_contiguous() -  name: gt3l_land_segments_delta_time
1692903350,499,timing,elapsed_us,16869,start_us,1692903350587341,stop_us,1692903350604210,-,DmrppArray::read_contiguous() -  name: gt3r_land_segments_delta_time
1692903350,499,timing,elapsed_us,17291,start_us,1692903350795021,stop_us,1692903350812312,-,DmrppArray::read_contiguous() -  name: gt2l_land_segments_longitude
1692903350,499,timing,elapsed_us,17496,start_us,1692903350761780,stop_us,1692903350779276,-,DmrppArray::read_contiguous() -  name: gt3l_land_segments_longitude
1692903350,499,timing,elapsed_us,17878,start_us,1692903350850253,stop_us,1692903350868131,-,DmrppArray::read_contiguous() -  name: gt3r_land_segments_latitude
1692903350,499,timing,elapsed_us,18822,start_us,1692903350812390,stop_us,1692903350831212,-,DmrppArray::read_contiguous() -  name: gt2l_land_segments_latitude
1692903350,499,timing,elapsed_us,18903,start_us,1692903350831286,stop_us,1692903350850189,-,DmrppArray::read_contiguous() -  name: gt3r_land_segments_longitude
1692903350,499,timing,elapsed_us,19177,start_us,1692903350657864,stop_us,1692903350677041,-,DmrppArray::read_contiguous() -  name: gt1r_land_segments_longitude
1692903350,499,timing,elapsed_us,19196,start_us,1692903350742416,stop_us,1692903350761612,-,DmrppArray::read_contiguous() -  name: gt1l_land_segments_latitude
1692903350,499,timing,elapsed_us,19409,start_us,1692903350519504,stop_us,1692903350538913,-,DmrppArray::read_contiguous() -  name: gt2l_land_segments_delta_time
1692903350,499,timing,elapsed_us,20026,start_us,1692903350677201,stop_us,1692903350697227,-,DmrppArray::read_contiguous() -  name: gt1r_land_segments_latitude
1692903350,499,timing,elapsed_us,225,start_us,1692903350869313,stop_us,1692903350869538,-,BESInterface::execute_request
1692903350,499,timing,elapsed_us,2319604,start_us,1692903348097911,stop_us,1692903350417515,-,RemoteResource::get_url() - source url: https://data.nsidc.uat.earthdatacloud.nasa.gov/nsidc-cumulus-uat-protected/ATLAS/ATL08/005/2020/01/01/ATL08_20200101145654_00900605_005_01.h5.dmrpp
1692903350,499,timing,elapsed_us,24294,start_us,1692903350495135,stop_us,1692903350519429,-,DmrppArray::read_contiguous() -  name: gt1r_land_segments_delta_time
1692903350,499,timing,elapsed_us,253,start_us,1692903350869309,stop_us,1692903350869562,-,BESServerHandler::execute
1692903350,499,timing,elapsed_us,2991485,start_us,1692903347876768,stop_us,1692903350868253,-,BESInterface::execute_request
1692903350,499,timing,elapsed_us,2992549,start_us,1692903347876739,stop_us,1692903350869288,-,BESServerHandler::execute
1692903350,499,timing,elapsed_us,32009,start_us,1692903350539074,stop_us,1692903350571083,-,DmrppArray::read_contiguous() -  name: gt2r_land_segments_delta_time
1692903350,499,timing,elapsed_us,38932,start_us,1692903350618780,stop_us,1692903350657712,-,DmrppArray::read_contiguous() -  name: orbit_info_rgt
1692903350,499,timing,elapsed_us,432580,start_us,1692903350435655,stop_us,1692903350868235,-,BESDapResponseBuilder::serialize_dap4_data() - Timer
1692903350,499,timing,elapsed_us,432839,start_us,1692903350435407,stop_us,1692903350868246,http-nio-8080-exec-2:30[bes_client:/-1],get dap for d1 return as dap2; transmitting
1692903350,499,timing,elapsed_us,57953,start_us,1692903350437022,stop_us,1692903350494975,-,DmrppArray::read_contiguous() -  name: gt1l_land_segments_delta_time
1692903350,499,timing,elapsed_us,6,start_us,1692903350869525,stop_us,1692903350869531,client: /-1:117,show status; transmitting
1692903397,499,timing,elapsed_us,227742,start_us,1692903396985437,stop_us,1692903397213179,-,RemoteResource::get_url() - source url: https://cmr.uat.earthdata.nasa.gov/search/granules.umm_json_v1_4?collection_concept_id=C1241426907-NSIDC_CUAT&granule_ur=ATL08_20200101145654_00900605_005_01.h5
1692903397,499,timing,elapsed_us,6,start_us,1692903397213893,stop_us,1692903397213899,http-nio-8080-exec-7:35[bes_client:/-1],define d1 in default as ngapContainer with ngapContainer.dap4constraint="/orbit_info_rgt;/orbit_info_crossing_time;/gt3r_land_segments_latitude[0:64:];/gt3r_land_segments_longitude[0:64:];/gt3r_land_segments_delta_time[0:64:];/gt3l_land_segments_latitude[0:64:];/gt3l_land_segments_longitude[0:64:];/gt3l_land_segments_delta_time[0:64:];/gt2r_land_segments_latitude[0:64:];/gt2r_land_segments_longitude[0:64:];/gt2r_land_segments_delta_time[0:64:];/gt2l_land_segments_latitude[0:64:];/gt2l_land_segments_longitude[0:64:];/gt2l_land_segments_delta_time[0:64:];/gt1r_land_segments_latitude[0:64:];/gt1r_land_segments_longitude[0:64:];/gt1r_land_segments_delta_time[0:64:];/gt1l_land_segments_latitude[0:64:];/gt1l_land_segments_longitude[0:64:];/gt1l_land_segments_delta_time[0:64:]"; transmitting
1692903397,499,timing,elapsed_us,7,start_us,1692903397213531,stop_us,1692903397213538,http-nio-8080-exec-7:35[bes_client:/-1],set container in ngap values ngapContainer,collections/C1241426907-NSIDC_CUAT/granules/ATL08_20200101145654_00900605_005_01.h5; transmitting
1692903399,499,timing,elapsed_us,153877,start_us,1692903399561197,stop_us,1692903399715074,-,DmrppArray::read_contiguous() -  name: gt1l_land_segments_delta_time
1692903399,499,timing,elapsed_us,2324107,start_us,1692903397214750,stop_us,1692903399538857,-,RemoteResource::get_url() - source url: https://data.nsidc.uat.earthdatacloud.nasa.gov/nsidc-cumulus-uat-protected/ATLAS/ATL08/005/2020/01/01/ATL08_20200101145654_00900605_005_01.h5.dmrpp
1692903399,499,timing,elapsed_us,24648,start_us,1692903399715166,stop_us,1692903399739814,-,DmrppArray::read_contiguous() -  name: gt1r_land_segments_delta_time
1692903399,499,timing,elapsed_us,33187,start_us,1692903399828958,stop_us,1692903399862145,-,DmrppArray::read_contiguous() -  name: gt2r_land_segments_delta_time
1692903399,499,timing,elapsed_us,57053,start_us,1692903399920003,stop_us,1692903399977056,-,DmrppArray::read_contiguous() -  name: gt3r_land_segments_delta_time
1692903399,499,timing,elapsed_us,57600,start_us,1692903399862223,stop_us,1692903399919823,-,DmrppArray::read_contiguous() -  name: gt3l_land_segments_delta_time
1692903399,499,timing,elapsed_us,88882,start_us,1692903399739998,stop_us,1692903399828880,-,DmrppArray::read_contiguous() -  name: gt2l_land_segments_delta_time
1692903400,499,timing,elapsed_us,16309,start_us,1692903400337363,stop_us,1692903400353672,-,DmrppArray::read_contiguous() -  name: gt1l_land_segments_longitude
1692903400,499,timing,elapsed_us,167187,start_us,1692903400008227,stop_us,1692903400175414,-,DmrppArray::read_contiguous() -  name: orbit_info_rgt
1692903400,499,timing,elapsed_us,17316,start_us,1692903400372774,stop_us,1692903400390090,-,DmrppArray::read_contiguous() -  name: gt3l_land_segments_longitude
1692903400,499,timing,elapsed_us,17984,start_us,1692903400446029,stop_us,1692903400464013,-,DmrppArray::read_contiguous() -  name: gt3r_land_segments_longitude
1692903400,499,timing,elapsed_us,17992,start_us,1692903400409107,stop_us,1692903400427099,-,DmrppArray::read_contiguous() -  name: gt2l_land_segments_longitude
1692903400,499,timing,elapsed_us,18691,start_us,1692903400427163,stop_us,1692903400445854,-,DmrppArray::read_contiguous() -  name: gt2l_land_segments_latitude
1692903400,499,timing,elapsed_us,18716,start_us,1692903400318530,stop_us,1692903400337246,-,DmrppArray::read_contiguous() -  name: gt2r_land_segments_latitude
1692903400,499,timing,elapsed_us,18727,start_us,1692903400353847,stop_us,1692903400372574,-,DmrppArray::read_contiguous() -  name: gt1l_land_segments_latitude
1692903400,499,timing,elapsed_us,18817,start_us,1692903400390164,stop_us,1692903400408981,-,DmrppArray::read_contiguous() -  name: gt3l_land_segments_latitude
1692903400,499,timing,elapsed_us,19365,start_us,1692903400299046,stop_us,1692903400318411,-,DmrppArray::read_contiguous() -  name: gt2r_land_segments_longitude
1692903400,499,timing,elapsed_us,200,start_us,1692903400486329,stop_us,1692903400486529,-,BESInterface::execute_request
1692903400,499,timing,elapsed_us,20715,start_us,1692903400464145,stop_us,1692903400484860,-,DmrppArray::read_contiguous() -  name: gt3r_land_segments_latitude
1692903400,499,timing,elapsed_us,232,start_us,1692903400486325,stop_us,1692903400486557,-,BESServerHandler::execute
1692903400,499,timing,elapsed_us,30589,start_us,1692903400268325,stop_us,1692903400298914,-,DmrppArray::read_contiguous() -  name: gt1r_land_segments_latitude
1692903400,499,timing,elapsed_us,30954,start_us,1692903399977140,stop_us,1692903400008094,-,DmrppArray::read_contiguous() -  name: orbit_info_crossing_time
1692903400,499,timing,elapsed_us,3504303,start_us,1692903396980795,stop_us,1692903400485098,-,BESInterface::execute_request
1692903400,499,timing,elapsed_us,3505546,start_us,1692903396980760,stop_us,1692903400486306,-,BESServerHandler::execute
1692903400,499,timing,elapsed_us,6,start_us,1692903400486516,stop_us,1692903400486522,client: /-1:119,show status; transmitting
1692903400,499,timing,elapsed_us,925245,start_us,1692903399559818,stop_us,1692903400485063,-,BESDapResponseBuilder::serialize_dap4_data() - Timer
1692903400,499,timing,elapsed_us,925529,start_us,1692903399559559,stop_us,1692903400485088,http-nio-8080-exec-7:35[bes_client:/-1],get dap for d1 return as dap2; transmitting
1692903400,499,timing,elapsed_us,92656,start_us,1692903400175593,stop_us,1692903400268249,-,DmrppArray::read_contiguous() -  name: gt1r_land_segments_longitude
1692903465,499,timing,elapsed_us,287345,start_us,1692903465053364,stop_us,1692903465340709,-,RemoteResource::get_url() - source url: https://cmr.uat.earthdata.nasa.gov/search/granules.umm_json_v1_4?collection_concept_id=C1241426950-NSIDC_CUAT&granule_ur=ATL10-01_20200101002212_00810601_005_02.h5
1692903465,499,timing,elapsed_us,7,start_us,1692903465341161,stop_us,1692903465341168,http-nio-8080-exec-1:29[bes_client:/-1],set container in ngap values ngapContainer,collections/C1241426950-NSIDC_CUAT/granules/ATL10-01_20200101002212_00810601_005_02.h5; transmitting
1692903465,499,timing,elapsed_us,8,start_us,1692903465341536,stop_us,1692903465341544,http-nio-8080-exec-1:29[bes_client:/-1],define d1 in default as ngapContainer with ngapContainer.dap4constraint="/orbit_info_rgt;/orbit_info_crossing_time;/gt3r_freeboard_beam_segment_beam_freeboard_latitude[0:2048:];/gt3r_freeboard_beam_segment_beam_freeboard_longitude[0:2048:];/gt3r_freeboard_beam_segment_beam_freeboard_delta_time[0:2048:];/gt3l_freeboard_beam_segment_beam_freeboard_latitude[0:2048:];/gt3l_freeboard_beam_segment_beam_freeboard_longitude[0:2048:];/gt3l_freeboard_beam_segment_beam_freeboard_delta_time[0:2048:];/gt2r_freeboard_beam_segment_beam_freeboard_latitude[0:2048:];/gt2r_freeboard_beam_segment_beam_freeboard_longitude[0:2048:];/gt2r_freeboard_beam_segment_beam_freeboard_delta_time[0:2048:];/gt2l_freeboard_beam_segment_beam_freeboard_latitude[0:2048:];/gt2l_freeboard_beam_segment_beam_freeboard_longitude[0:2048:];/gt2l_freeboard_beam_segment_beam_freeboard_delta_time[0:2048:];/gt1r_freeboard_beam_segment_beam_freeboard_latitude[0:2048:];/gt1r_freeboard_beam_segment_beam_freeboard_longitude[0:2048:];/gt1r_freeboard_beam_segment_beam_freeboard_delta_time[0:2048:];/gt1l_freeboard_beam_segment_beam_freeboard_latitude[0:2048:];/gt1l_freeboard_beam_segment_beam_freeboard_longitude[0:2048:];/gt1l_freeboard_beam_segment_beam_freeboard_delta_time[0:2048:]"; transmitting
1692903467,499,timing,elapsed_us,2300578,start_us,1692903465342419,stop_us,1692903467642997,-,RemoteResource::get_url() - source url: https://data.nsidc.uat.earthdatacloud.nasa.gov/nsidc-cumulus-uat-protected/ATLAS/ATL10/005/2020/01/01/ATL10-01_20200101002212_00810601_005_02.h5.dmrpp
1692903469,499,timing,elapsed_us,2312758,start_us,1692903467656710,stop_us,1692903469969468,-,CurlUtils::retrieve_effective_url() -  Following Redirects Starting With: https://data.nsidc.uat.earthdatacloud.nasa.gov/nsidc-cumulus-uat-protected/ATLAS/ATL10/005/2020/01/01/ATL10-01_20200101002212_00810601_005_02.h5
1692903470,499,timing,elapsed_us,17001,start_us,1692903470203655,stop_us,1692903470220656,-,DmrppArray::read_contiguous() -  name: orbit_info_crossing_time
1692903470,499,timing,elapsed_us,18735,start_us,1692903470220781,stop_us,1692903470239516,-,DmrppArray::read_contiguous() -  name: orbit_info_rgt
1692903470,499,timing,elapsed_us,190,start_us,1692903470790004,stop_us,1692903470790194,-,BESInterface::execute_request
1692903470,499,timing,elapsed_us,219,start_us,1692903470790000,stop_us,1692903470790219,-,BESServerHandler::execute
1692903470,499,timing,elapsed_us,26282,start_us,1692903470112299,stop_us,1692903470138581,-,DmrppArray::read_super_chunks_concurrent() -  name: gt2r_freeboard_beam_segment_beam_freeboard_delta_time
1692903470,499,timing,elapsed_us,26907,start_us,1692903470084664,stop_us,1692903470111571,-,DmrppArray::read_super_chunks_concurrent() -  name: gt2l_freeboard_beam_segment_beam_freeboard_delta_time
1692903470,499,timing,elapsed_us,30354,start_us,1692903470053684,stop_us,1692903470084038,-,DmrppArray::read_super_chunks_concurrent() -  name: gt1r_freeboard_beam_segment_beam_freeboard_delta_time
1692903470,499,timing,elapsed_us,31320,start_us,1692903470139286,stop_us,1692903470170606,-,DmrppArray::read_super_chunks_concurrent() -  name: gt3l_freeboard_beam_segment_beam_freeboard_delta_time
1692903470,499,timing,elapsed_us,3132737,start_us,1692903467655400,stop_us,1692903470788137,-,BESDapResponseBuilder::serialize_dap4_data() - Timer
1692903470,499,timing,elapsed_us,3132995,start_us,1692903467655162,stop_us,1692903470788157,http-nio-8080-exec-1:29[bes_client:/-1],get dap for d1 return as dap2; transmitting
1692903470,499,timing,elapsed_us,32235,start_us,1692903470171319,stop_us,1692903470203554,-,DmrppArray::read_super_chunks_concurrent() -  name: gt3r_freeboard_beam_segment_beam_freeboard_delta_time
1692903470,499,timing,elapsed_us,36120,start_us,1692903470359848,stop_us,1692903470395968,-,DmrppArray::read_super_chunks_concurrent() -  name: gt2r_freeboard_beam_segment_beam_freeboard_longitude
1692903470,499,timing,elapsed_us,38456,start_us,1692903470524258,stop_us,1692903470562714,-,DmrppArray::read_super_chunks_concurrent() -  name: gt3l_freeboard_beam_segment_beam_freeboard_longitude
1692903470,499,timing,elapsed_us,38802,start_us,1692903470622125,stop_us,1692903470660927,-,DmrppArray::read_super_chunks_concurrent() -  name: gt2l_freeboard_beam_segment_beam_freeboard_longitude
1692903470,499,timing,elapsed_us,39846,start_us,1692903470661513,stop_us,1692903470701359,-,DmrppArray::read_super_chunks_concurrent() -  name: gt2l_freeboard_beam_segment_beam_freeboard_latitude
1692903470,499,timing,elapsed_us,40523,start_us,1692903470438913,stop_us,1692903470479436,-,DmrppArray::read_super_chunks_concurrent() -  name: gt1l_freeboard_beam_segment_beam_freeboard_longitude
1692903470,499,timing,elapsed_us,41388,start_us,1692903470746595,stop_us,1692903470787983,-,DmrppArray::read_super_chunks_concurrent() -  name: gt3r_freeboard_beam_segment_beam_freeboard_latitude
1692903470,499,timing,elapsed_us,41639,start_us,1692903470396567,stop_us,1692903470438206,-,DmrppArray::read_super_chunks_concurrent() -  name: gt2r_freeboard_beam_segment_beam_freeboard_latitude
1692903470,499,timing,elapsed_us,43207,start_us,1692903470480253,stop_us,1692903470523460,-,DmrppArray::read_super_chunks_concurrent() -  name: gt1l_freeboard_beam_segment_beam_freeboard_latitude
1692903470,499,timing,elapsed_us,43831,start_us,1692903470702086,stop_us,1692903470745917,-,DmrppArray::read_super_chunks_concurrent() -  name: gt3r_freeboard_beam_segment_beam_freeboard_longitude
1692903470,499,timing,elapsed_us,44050,start_us,1692903470315217,stop_us,1692903470359267,-,DmrppArray::read_super_chunks_concurrent() -  name: gt1r_freeboard_beam_segment_beam_freeboard_latitude
1692903470,499,timing,elapsed_us,5739394,start_us,1692903465048776,stop_us,1692903470788170,-,BESInterface::execute_request
1692903470,499,timing,elapsed_us,5741239,start_us,1692903465048737,stop_us,1692903470789976,-,BESServerHandler::execute
1692903470,499,timing,elapsed_us,58019,start_us,1692903470563550,stop_us,1692903470621569,-,DmrppArray::read_super_chunks_concurrent() -  name: gt3l_freeboard_beam_segment_beam_freeboard_latitude
1692903470,499,timing,elapsed_us,6,start_us,1692903470790180,stop_us,1692903470790186,client: /-1:121,show status; transmitting
1692903470,499,timing,elapsed_us,74197,start_us,1692903470240332,stop_us,1692903470314529,-,DmrppArray::read_super_chunks_concurrent() -  name: gt1r_freeboard_beam_segment_beam_freeboard_longitude
1692903470,499,timing,elapsed_us,80836,start_us,1692903469972007,stop_us,1692903470052843,-,DmrppArray::read_super_chunks_concurrent() -  name: gt1l_freeboard_beam_segment_beam_freeboard_delta_time
1692903507,499,timing,elapsed_us,10,start_us,1692903507190140,stop_us,1692903507190150,http-nio-8080-exec-5:33[bes_client:/-1],define d1 in default as ngapContainer with ngapContainer.dap4constraint="/orbit_info_rgt;/orbit_info_crossing_time;/gt3r_freeboard_beam_segment_beam_freeboard_latitude[0:2048:];/gt3r_freeboard_beam_segment_beam_freeboard_longitude[0:2048:];/gt3r_freeboard_beam_segment_beam_freeboard_delta_time[0:2048:];/gt3l_freeboard_beam_segment_beam_freeboard_latitude[0:2048:];/gt3l_freeboard_beam_segment_beam_freeboard_longitude[0:2048:];/gt3l_freeboard_beam_segment_beam_freeboard_delta_time[0:2048:];/gt2r_freeboard_beam_segment_beam_freeboard_latitude[0:2048:];/gt2r_freeboard_beam_segment_beam_freeboard_longitude[0:2048:];/gt2r_freeboard_beam_segment_beam_freeboard_delta_time[0:2048:];/gt2l_freeboard_beam_segment_beam_freeboard_latitude[0:2048:];/gt2l_freeboard_beam_segment_beam_freeboard_longitude[0:2048:];/gt2l_freeboard_beam_segment_beam_freeboard_delta_time[0:2048:];/gt1r_freeboard_beam_segment_beam_freeboard_latitude[0:2048:];/gt1r_freeboard_beam_segment_beam_freeboard_longitude[0:2048:];/gt1r_freeboard_beam_segment_beam_freeboard_delta_time[0:2048:];/gt1l_freeboard_beam_segment_beam_freeboard_latitude[0:2048:];/gt1l_freeboard_beam_segment_beam_freeboard_longitude[0:2048:];/gt1l_freeboard_beam_segment_beam_freeboard_delta_time[0:2048:]"; transmitting
1692903507,499,timing,elapsed_us,192078,start_us,1692903506997335,stop_us,1692903507189413,-,RemoteResource::get_url() - source url: https://cmr.uat.earthdata.nasa.gov/search/granules.umm_json_v1_4?collection_concept_id=C1241426950-NSIDC_CUAT&granule_ur=ATL10-01_20200101002212_00810601_005_02.h5
1692903507,499,timing,elapsed_us,7,start_us,1692903507189842,stop_us,1692903507189849,http-nio-8080-exec-5:33[bes_client:/-1],set container in ngap values ngapContainer,collections/C1241426950-NSIDC_CUAT/granules/ATL10-01_20200101002212_00810601_005_02.h5; transmitting
1692903509,499,timing,elapsed_us,2288537,start_us,1692903507191036,stop_us,1692903509479573,-,RemoteResource::get_url() - source url: https://data.nsidc.uat.earthdatacloud.nasa.gov/nsidc-cumulus-uat-protected/ATLAS/ATL10/005/2020/01/01/ATL10-01_20200101002212_00810601_005_02.h5.dmrpp
1692903509,499,timing,elapsed_us,25737,start_us,1692903509618731,stop_us,1692903509644468,-,DmrppArray::read_super_chunks_concurrent() -  name: gt2r_freeboard_beam_segment_beam_freeboard_delta_time
1692903509,499,timing,elapsed_us,29475,start_us,1692903509676867,stop_us,1692903509706342,-,DmrppArray::read_super_chunks_concurrent() -  name: gt3r_freeboard_beam_segment_beam_freeboard_delta_time
1692903509,499,timing,elapsed_us,29886,start_us,1692903509588249,stop_us,1692903509618135,-,DmrppArray::read_super_chunks_concurrent() -  name: gt2l_freeboard_beam_segment_beam_freeboard_delta_time
1692903509,499,timing,elapsed_us,30479,start_us,1692903509557200,stop_us,1692903509587679,-,DmrppArray::read_super_chunks_concurrent() -  name: gt1r_freeboard_beam_segment_beam_freeboard_delta_time
1692903509,499,timing,elapsed_us,30793,start_us,1692903509645302,stop_us,1692903509676095,-,DmrppArray::read_super_chunks_concurrent() -  name: gt3l_freeboard_beam_segment_beam_freeboard_delta_time
1692903509,499,timing,elapsed_us,32245,start_us,1692903509706419,stop_us,1692903509738664,-,DmrppArray::read_contiguous() -  name: orbit_info_crossing_time
1692903509,499,timing,elapsed_us,33818,start_us,1692903509738839,stop_us,1692903509772657,-,DmrppArray::read_contiguous() -  name: orbit_info_rgt
1692903509,499,timing,elapsed_us,37972,start_us,1692903509860923,stop_us,1692903509898895,-,DmrppArray::read_super_chunks_concurrent() -  name: gt2r_freeboard_beam_segment_beam_freeboard_longitude
1692903509,499,timing,elapsed_us,38449,start_us,1692903509899495,stop_us,1692903509937944,-,DmrppArray::read_super_chunks_concurrent() -  name: gt2r_freeboard_beam_segment_beam_freeboard_latitude
1692903509,499,timing,elapsed_us,41424,start_us,1692903509773654,stop_us,1692903509815078,-,DmrppArray::read_super_chunks_concurrent() -  name: gt1r_freeboard_beam_segment_beam_freeboard_longitude
1692903509,499,timing,elapsed_us,43234,start_us,1692903509938766,stop_us,1692903509982000,-,DmrppArray::read_super_chunks_concurrent() -  name: gt1l_freeboard_beam_segment_beam_freeboard_longitude
1692903509,499,timing,elapsed_us,44360,start_us,1692903509815931,stop_us,1692903509860291,-,DmrppArray::read_super_chunks_concurrent() -  name: gt1r_freeboard_beam_segment_beam_freeboard_latitude
1692903509,499,timing,elapsed_us,63194,start_us,1692903509493058,stop_us,1692903509556252,-,DmrppArray::read_super_chunks_concurrent() -  name: gt1l_freeboard_beam_segment_beam_freeboard_delta_time
1692903510,499,timing,elapsed_us,129340,start_us,1692903509982844,stop_us,1692903510112184,-,DmrppArray::read_super_chunks_concurrent() -  name: gt1l_freeboard_beam_segment_beam_freeboard_latitude
1692903510,499,timing,elapsed_us,209,start_us,1692903510445630,stop_us,1692903510445839,-,BESInterface::execute_request
1692903510,499,timing,elapsed_us,240,start_us,1692903510445625,stop_us,1692903510445865,-,BESServerHandler::execute
1692903510,499,timing,elapsed_us,33683,start_us,1692903510332859,stop_us,1692903510366542,-,DmrppArray::read_super_chunks_concurrent() -  name: gt2l_freeboard_beam_segment_beam_freeboard_latitude
1692903510,499,timing,elapsed_us,3450889,start_us,1692903506992776,stop_us,1692903510443665,-,BESInterface::execute_request
1692903510,499,timing,elapsed_us,3452861,start_us,1692903506992739,stop_us,1692903510445600,-,BESServerHandler::execute
1692903510,499,timing,elapsed_us,35660,start_us,1692903510367240,stop_us,1692903510402900,-,DmrppArray::read_super_chunks_concurrent() -  name: gt3r_freeboard_beam_segment_beam_freeboard_longitude
1692903510,499,timing,elapsed_us,39887,start_us,1692903510403574,stop_us,1692903510443461,-,DmrppArray::read_super_chunks_concurrent() -  name: gt3r_freeboard_beam_segment_beam_freeboard_latitude
1692903510,499,timing,elapsed_us,57342,start_us,1692903510274878,stop_us,1692903510332220,-,DmrppArray::read_super_chunks_concurrent() -  name: gt2l_freeboard_beam_segment_beam_freeboard_longitude
1692903510,499,timing,elapsed_us,6,start_us,1692903510445825,stop_us,1692903510445831,client: /-1:123,show status; transmitting
1692903510,499,timing,elapsed_us,66556,start_us,1692903510207768,stop_us,1692903510274324,-,DmrppArray::read_super_chunks_concurrent() -  name: gt3l_freeboard_beam_segment_beam_freeboard_latitude
1692903510,499,timing,elapsed_us,94151,start_us,1692903510112905,stop_us,1692903510207056,-,DmrppArray::read_super_chunks_concurrent() -  name: gt3l_freeboard_beam_segment_beam_freeboard_longitude
1692903510,499,timing,elapsed_us,952461,start_us,1692903509491172,stop_us,1692903510443633,-,BESDapResponseBuilder::serialize_dap4_data() - Timer
1692903510,499,timing,elapsed_us,952712,start_us,1692903509490941,stop_us,1692903510443653,http-nio-8080-exec-5:33[bes_client:/-1],get dap for d1 return as dap2; transmitting
1692903532,499,timing,elapsed_us,217301,start_us,1692903532221012,stop_us,1692903532438313,-,RemoteResource::get_url() - source url: https://cmr.uat.earthdata.nasa.gov/search/granules.umm_json_v1_4?collection_concept_id=C1241426950-NSIDC_CUAT&granule_ur=ATL10-01_20200101002212_00810601_005_02.h5
1692903532,499,timing,elapsed_us,6,start_us,1692903532438738,stop_us,1692903532438744,http-nio-8080-exec-5:33[bes_client:/-1],set container in ngap values ngapContainer,collections/C1241426950-NSIDC_CUAT/granules/ATL10-01_20200101002212_00810601_005_02.h5; transmitting
1692903532,499,timing,elapsed_us,9,start_us,1692903532439042,stop_us,1692903532439051,http-nio-8080-exec-5:33[bes_client:/-1],define d1 in default as ngapContainer with ngapContainer.dap4constraint="/orbit_info_rgt;/orbit_info_crossing_time;/gt3r_freeboard_beam_segment_beam_freeboard_latitude[0:2048:];/gt3r_freeboard_beam_segment_beam_freeboard_longitude[0:2048:];/gt3r_freeboard_beam_segment_beam_freeboard_delta_time[0:2048:];/gt3l_freeboard_beam_segment_beam_freeboard_latitude[0:2048:];/gt3l_freeboard_beam_segment_beam_freeboard_longitude[0:2048:];/gt3l_freeboard_beam_segment_beam_freeboard_delta_time[0:2048:];/gt2r_freeboard_beam_segment_beam_freeboard_latitude[0:2048:];/gt2r_freeboard_beam_segment_beam_freeboard_longitude[0:2048:];/gt2r_freeboard_beam_segment_beam_freeboard_delta_time[0:2048:];/gt2l_freeboard_beam_segment_beam_freeboard_latitude[0:2048:];/gt2l_freeboard_beam_segment_beam_freeboard_longitude[0:2048:];/gt2l_freeboard_beam_segment_beam_freeboard_delta_time[0:2048:];/gt1r_freeboard_beam_segment_beam_freeboard_latitude[0:2048:];/gt1r_freeboard_beam_segment_beam_freeboard_longitude[0:2048:];/gt1r_freeboard_beam_segment_beam_freeboard_delta_time[0:2048:];/gt1l_freeboard_beam_segment_beam_freeboard_latitude[0:2048:];/gt1l_freeboard_beam_segment_beam_freeboard_longitude[0:2048:];/gt1l_freeboard_beam_segment_beam_freeboard_delta_time[0:2048:]"; transmitting
1692903534,499,timing,elapsed_us,2375072,start_us,1692903532440196,stop_us,1692903534815268,-,RemoteResource::get_url() - source url: https://data.nsidc.uat.earthdatacloud.nasa.gov/nsidc-cumulus-uat-protected/ATLAS/ATL10/005/2020/01/01/ATL10-01_20200101002212_00810601_005_02.h5.dmrpp
1692903534,499,timing,elapsed_us,28514,start_us,1692903534951066,stop_us,1692903534979580,-,DmrppArray::read_super_chunks_concurrent() -  name: gt2l_freeboard_beam_segment_beam_freeboard_delta_time
1692903534,499,timing,elapsed_us,32779,start_us,1692903534917710,stop_us,1692903534950489,-,DmrppArray::read_super_chunks_concurrent() -  name: gt1r_freeboard_beam_segment_beam_freeboard_delta_time
1692903534,499,timing,elapsed_us,89390,start_us,1692903534827558,stop_us,1692903534916948,-,DmrppArray::read_super_chunks_concurrent() -  name: gt1l_freeboard_beam_segment_beam_freeboard_delta_time
1692903535,499,timing,elapsed_us,16916,start_us,1692903535075361,stop_us,1692903535092277,-,DmrppArray::read_contiguous() -  name: orbit_info_crossing_time
1692903535,499,timing,elapsed_us,190,start_us,1692903535721211,stop_us,1692903535721401,-,BESInterface::execute_request
1692903535,499,timing,elapsed_us,19317,start_us,1692903535092434,stop_us,1692903535111751,-,DmrppArray::read_contiguous() -  name: orbit_info_rgt
1692903535,499,timing,elapsed_us,222,start_us,1692903535721207,stop_us,1692903535721429,-,BESServerHandler::execute
1692903535,499,timing,elapsed_us,28712,start_us,1692903534980165,stop_us,1692903535008877,-,DmrppArray::read_super_chunks_concurrent() -  name: gt2r_freeboard_beam_segment_beam_freeboard_delta_time
1692903535,499,timing,elapsed_us,31883,start_us,1692903535009568,stop_us,1692903535041451,-,DmrppArray::read_super_chunks_concurrent() -  name: gt3l_freeboard_beam_segment_beam_freeboard_delta_time
1692903535,499,timing,elapsed_us,33123,start_us,1692903535042149,stop_us,1692903535075272,-,DmrppArray::read_super_chunks_concurrent() -  name: gt3r_freeboard_beam_segment_beam_freeboard_delta_time
1692903535,499,timing,elapsed_us,33366,start_us,1692903535255264,stop_us,1692903535288630,-,DmrppArray::read_super_chunks_concurrent() -  name: gt2r_freeboard_beam_segment_beam_freeboard_latitude
1692903535,499,timing,elapsed_us,3502653,start_us,1692903532216767,stop_us,1692903535719420,-,BESInterface::execute_request
1692903535,499,timing,elapsed_us,3504442,start_us,1692903532216736,stop_us,1692903535721178,-,BESServerHandler::execute
1692903535,499,timing,elapsed_us,35149,start_us,1692903535219550,stop_us,1692903535254699,-,DmrppArray::read_super_chunks_concurrent() -  name: gt2r_freeboard_beam_segment_beam_freeboard_longitude
1692903535,499,timing,elapsed_us,42014,start_us,1692903535677202,stop_us,1692903535719216,-,DmrppArray::read_super_chunks_concurrent() -  name: gt3r_freeboard_beam_segment_beam_freeboard_latitude
1692903535,499,timing,elapsed_us,42477,start_us,1692903535402176,stop_us,1692903535444653,-,DmrppArray::read_super_chunks_concurrent() -  name: gt3l_freeboard_beam_segment_beam_freeboard_longitude
1692903535,499,timing,elapsed_us,42760,start_us,1692903535289319,stop_us,1692903535332079,-,DmrppArray::read_super_chunks_concurrent() -  name: gt1l_freeboard_beam_segment_beam_freeboard_longitude
1692903535,499,timing,elapsed_us,46782,start_us,1692903535578205,stop_us,1692903535624987,-,DmrppArray::read_super_chunks_concurrent() -  name: gt2l_freeboard_beam_segment_beam_freeboard_latitude
1692903535,499,timing,elapsed_us,50689,start_us,1692903535625818,stop_us,1692903535676507,-,DmrppArray::read_super_chunks_concurrent() -  name: gt3r_freeboard_beam_segment_beam_freeboard_longitude
1692903535,499,timing,elapsed_us,51501,start_us,1692903535167352,stop_us,1692903535218853,-,DmrppArray::read_super_chunks_concurrent() -  name: gt1r_freeboard_beam_segment_beam_freeboard_latitude
1692903535,499,timing,elapsed_us,53948,start_us,1692903535112700,stop_us,1692903535166648,-,DmrppArray::read_super_chunks_concurrent() -  name: gt1r_freeboard_beam_segment_beam_freeboard_longitude
1692903535,499,timing,elapsed_us,6,start_us,1692903535721388,stop_us,1692903535721394,client: /-1:125,show status; transmitting
1692903535,499,timing,elapsed_us,61290,start_us,1692903535445321,stop_us,1692903535506611,-,DmrppArray::read_super_chunks_concurrent() -  name: gt3l_freeboard_beam_segment_beam_freeboard_latitude
1692903535,499,timing,elapsed_us,68694,start_us,1692903535332814,stop_us,1692903535401508,-,DmrppArray::read_super_chunks_concurrent() -  name: gt1l_freeboard_beam_segment_beam_freeboard_latitude
1692903535,499,timing,elapsed_us,70442,start_us,1692903535507183,stop_us,1692903535577625,-,DmrppArray::read_super_chunks_concurrent() -  name: gt2l_freeboard_beam_segment_beam_freeboard_longitude
1692903535,499,timing,elapsed_us,893680,start_us,1692903534825705,stop_us,1692903535719385,-,BESDapResponseBuilder::serialize_dap4_data() - Timer
1692903535,499,timing,elapsed_us,893933,start_us,1692903534825476,stop_us,1692903535719409,http-nio-8080-exec-5:33[bes_client:/-1],get dap for d1 return as dap2; transmitting
1692903590,499,timing,elapsed_us,249796,start_us,1692903590629017,stop_us,1692903590878813,-,RemoteResource::get_url() - source url: https://cmr.uat.earthdata.nasa.gov/search/granules.umm_json_v1_4?collection_concept_id=C1241426998-NSIDC_CUAT&granule_ur=ATL12_20200101002212_00810601_005_02.h5
1692903590,499,timing,elapsed_us,5,start_us,1692903590879661,stop_us,1692903590879666,http-nio-8080-exec-5:33[bes_client:/-1],define d1 in default as ngapContainer with ngapContainer.dap4constraint="/orbit_info_rgt;/orbit_info_crossing_time;/gt3r_ssh_segments_latitude[0:8:];/gt3r_ssh_segments_longitude[0:8:];/gt3r_ssh_segments_delta_time[0:8:];/gt3l_ssh_segments_latitude[0:8:];/gt3l_ssh_segments_longitude[0:8:];/gt3l_ssh_segments_delta_time[0:8:];/gt2r_ssh_segments_latitude[0:8:];/gt2r_ssh_segments_longitude[0:8:];/gt2r_ssh_segments_delta_time[0:8:];/gt2l_ssh_segments_latitude[0:8:];/gt2l_ssh_segments_longitude[0:8:];/gt2l_ssh_segments_delta_time[0:8:];/gt1r_ssh_segments_latitude[0:8:];/gt1r_ssh_segments_longitude[0:8:];/gt1r_ssh_segments_delta_time[0:8:];/gt1l_ssh_segments_latitude[0:8:];/gt1l_ssh_segments_longitude[0:8:];/gt1l_ssh_segments_delta_time[0:8:]"; transmitting
1692903590,499,timing,elapsed_us,8,start_us,1692903590879382,stop_us,1692903590879390,http-nio-8080-exec-5:33[bes_client:/-1],set container in ngap values ngapContainer,collections/C1241426998-NSIDC_CUAT/granules/ATL12_20200101002212_00810601_005_02.h5; transmitting
1692903593,499,timing,elapsed_us,2297024,start_us,1692903590880467,stop_us,1692903593177491,-,RemoteResource::get_url() - source url: https://data.nsidc.uat.earthdatacloud.nasa.gov/nsidc-cumulus-uat-protected/ATLAS/ATL12/005/2020/01/ATL12_20200101002212_00810601_005_02.h5.dmrpp
1692903595,499,timing,elapsed_us,136236,start_us,1692903595854373,stop_us,1692903595990609,-,DmrppArray::read_contiguous() -  name: gt3l_ssh_segments_latitude
1692903595,499,timing,elapsed_us,16815,start_us,1692903595837446,stop_us,1692903595854261,-,DmrppArray::read_contiguous() -  name: gt1l_ssh_segments_longitude
1692903595,499,timing,elapsed_us,2296235,start_us,1692903593188244,stop_us,1692903595484479,-,CurlUtils::retrieve_effective_url() -  Following Redirects Starting With: https://data.nsidc.uat.earthdatacloud.nasa.gov/nsidc-cumulus-uat-protected/ATLAS/ATL12/005/2020/01/ATL12_20200101002212_00810601_005_02.h5
1692903595,499,timing,elapsed_us,2371467,start_us,1692903593188197,stop_us,1692903595559664,-,DmrppArray::read_contiguous() -  name: orbit_info_rgt
1692903595,499,timing,elapsed_us,25554,start_us,1692903595811709,stop_us,1692903595837263,-,DmrppArray::read_contiguous() -  name: gt1l_ssh_segments_latitude
1692903595,499,timing,elapsed_us,31541,start_us,1692903595645998,stop_us,1692903595677539,-,DmrppArray::read_super_chunks_concurrent() -  name: gt1r_ssh_segments_longitude
1692903595,499,timing,elapsed_us,66703,start_us,1692903595677748,stop_us,1692903595744451,-,DmrppArray::read_super_chunks_concurrent() -  name: gt2r_ssh_segments_latitude
1692903595,499,timing,elapsed_us,66829,start_us,1692903595744726,stop_us,1692903595811555,-,DmrppArray::read_super_chunks_concurrent() -  name: gt2r_ssh_segments_longitude
1692903595,499,timing,elapsed_us,85504,start_us,1692903595560185,stop_us,1692903595645689,-,DmrppArray::read_super_chunks_concurrent() -  name: gt1r_ssh_segments_latitude
1692903596,499,timing,elapsed_us,158339,start_us,1692903596155218,stop_us,1692903596313557,-,DmrppArray::read_super_chunks_concurrent() -  name: gt3r_ssh_segments_longitude
1692903596,499,timing,elapsed_us,18268,start_us,1692903596568692,stop_us,1692903596586960,-,DmrppArray::read_contiguous() -  name: orbit_info_crossing_time
1692903596,499,timing,elapsed_us,19337,start_us,1692903596479964,stop_us,1692903596499301,-,DmrppArray::read_contiguous() -  name: gt3l_ssh_segments_delta_time
1692903596,499,timing,elapsed_us,234,start_us,1692903596588692,stop_us,1692903596588926,-,BESInterface::execute_request
1692903596,499,timing,elapsed_us,262,start_us,1692903596588688,stop_us,1692903596588950,-,BESServerHandler::execute
1692903596,499,timing,elapsed_us,30407,start_us,1692903596406350,stop_us,1692903596436757,-,DmrppArray::read_contiguous() -  name: gt2l_ssh_segments_delta_time
1692903596,499,timing,elapsed_us,31945,start_us,1692903596084610,stop_us,1692903596116555,-,DmrppArray::read_contiguous() -  name: gt2l_ssh_segments_longitude
1692903596,499,timing,elapsed_us,3400565,start_us,1692903593186649,stop_us,1692903596587214,-,BESDapResponseBuilder::serialize_dap4_data() - Timer
1692903596,499,timing,elapsed_us,3400935,start_us,1692903593186307,stop_us,1692903596587242,http-nio-8080-exec-5:33[bes_client:/-1],get dap for d1 return as dap2; transmitting
1692903596,499,timing,elapsed_us,38152,start_us,1692903596116757,stop_us,1692903596154909,-,DmrppArray::read_super_chunks_concurrent() -  name: gt3r_ssh_segments_latitude
1692903596,499,timing,elapsed_us,39438,start_us,1692903596366749,stop_us,1692903596406187,-,DmrppArray::read_super_chunks_concurrent() -  name: gt1r_ssh_segments_delta_time
1692903596,499,timing,elapsed_us,41069,start_us,1692903596043450,stop_us,1692903596084519,-,DmrppArray::read_contiguous() -  name: gt2l_ssh_segments_latitude
1692903596,499,timing,elapsed_us,42895,start_us,1692903596436911,stop_us,1692903596479806,-,DmrppArray::read_super_chunks_concurrent() -  name: gt2r_ssh_segments_delta_time
1692903596,499,timing,elapsed_us,52664,start_us,1692903595990700,stop_us,1692903596043364,-,DmrppArray::read_contiguous() -  name: gt3l_ssh_segments_longitude
1692903596,499,timing,elapsed_us,52822,start_us,1692903596313723,stop_us,1692903596366545,-,DmrppArray::read_contiguous() -  name: gt1l_ssh_segments_delta_time
1692903596,499,timing,elapsed_us,5962503,start_us,1692903590624765,stop_us,1692903596587268,-,BESInterface::execute_request
1692903596,499,timing,elapsed_us,5963936,start_us,1692903590624729,stop_us,1692903596588665,-,BESServerHandler::execute
1692903596,499,timing,elapsed_us,68897,start_us,1692903596499626,stop_us,1692903596568523,-,DmrppArray::read_super_chunks_concurrent() -  name: gt3r_ssh_segments_delta_time
1692903596,499,timing,elapsed_us,8,start_us,1692903596588910,stop_us,1692903596588918,client: /-1:127,show status; transmitting
1692903640,499,timing,elapsed_us,228737,start_us,1692903639840755,stop_us,1692903640069492,-,RemoteResource::get_url() - source url: https://cmr.uat.earthdata.nasa.gov/search/granules.umm_json_v1_4?collection_concept_id=C1241426998-NSIDC_CUAT&granule_ur=ATL12_20200101002212_00810601_005_02.h5
1692903640,499,timing,elapsed_us,5,start_us,1692903640070210,stop_us,1692903640070215,http-nio-8080-exec-5:33[bes_client:/-1],define d1 in default as ngapContainer with ngapContainer.dap4constraint="/orbit_info_rgt;/orbit_info_crossing_time;/gt3r_ssh_segments_latitude[0:8:];/gt3r_ssh_segments_longitude[0:8:];/gt3r_ssh_segments_delta_time[0:8:];/gt3l_ssh_segments_latitude[0:8:];/gt3l_ssh_segments_longitude[0:8:];/gt3l_ssh_segments_delta_time[0:8:];/gt2r_ssh_segments_latitude[0:8:];/gt2r_ssh_segments_longitude[0:8:];/gt2r_ssh_segments_delta_time[0:8:];/gt2l_ssh_segments_latitude[0:8:];/gt2l_ssh_segments_longitude[0:8:];/gt2l_ssh_segments_delta_time[0:8:];/gt1r_ssh_segments_latitude[0:8:];/gt1r_ssh_segments_longitude[0:8:];/gt1r_ssh_segments_delta_time[0:8:];/gt1l_ssh_segments_latitude[0:8:];/gt1l_ssh_segments_longitude[0:8:];/gt1l_ssh_segments_delta_time[0:8:]"; transmitting
1692903640,499,timing,elapsed_us,7,start_us,1692903640070029,stop_us,1692903640070036,http-nio-8080-exec-5:33[bes_client:/-1],set container in ngap values ngapContainer,collections/C1241426998-NSIDC_CUAT/granules/ATL12_20200101002212_00810601_005_02.h5; transmitting
1692903642,499,timing,elapsed_us,101498,start_us,1692903642459381,stop_us,1692903642560879,-,DmrppArray::read_super_chunks_concurrent() -  name: gt1r_ssh_segments_latitude
1692903642,499,timing,elapsed_us,22266,start_us,1692903642741243,stop_us,1692903642763509,-,DmrppArray::read_contiguous() -  name: gt1l_ssh_segments_longitude
1692903642,499,timing,elapsed_us,2299732,start_us,1692903640071044,stop_us,1692903642370776,-,RemoteResource::get_url() - source url: https://data.nsidc.uat.earthdatacloud.nasa.gov/nsidc-cumulus-uat-protected/ATLAS/ATL12/005/2020/01/ATL12_20200101002212_00810601_005_02.h5.dmrpp
1692903642,499,timing,elapsed_us,23891,start_us,1692903642683191,stop_us,1692903642707082,-,DmrppArray::read_super_chunks_concurrent() -  name: gt2r_ssh_segments_longitude
1692903642,499,timing,elapsed_us,28760,start_us,1692903642926419,stop_us,1692903642955179,-,DmrppArray::read_contiguous() -  name: gt2l_ssh_segments_longitude
1692903642,499,timing,elapsed_us,29633,start_us,1692903642561191,stop_us,1692903642590824,-,DmrppArray::read_super_chunks_concurrent() -  name: gt1r_ssh_segments_longitude
1692903642,499,timing,elapsed_us,33832,start_us,1692903642707227,stop_us,1692903642741059,-,DmrppArray::read_contiguous() -  name: gt1l_ssh_segments_latitude
1692903642,499,timing,elapsed_us,35737,start_us,1692903642763592,stop_us,1692903642799329,-,DmrppArray::read_contiguous() -  name: gt3l_ssh_segments_latitude
1692903642,499,timing,elapsed_us,46032,start_us,1692903642880308,stop_us,1692903642926340,-,DmrppArray::read_contiguous() -  name: gt2l_ssh_segments_latitude
1692903642,499,timing,elapsed_us,77551,start_us,1692903642381483,stop_us,1692903642459034,-,DmrppArray::read_contiguous() -  name: orbit_info_rgt
1692903642,499,timing,elapsed_us,80731,start_us,1692903642799423,stop_us,1692903642880154,-,DmrppArray::read_contiguous() -  name: gt3l_ssh_segments_longitude
1692903642,499,timing,elapsed_us,91658,start_us,1692903642591075,stop_us,1692903642682733,-,DmrppArray::read_super_chunks_concurrent() -  name: gt2r_ssh_segments_latitude
1692903643,499,timing,elapsed_us,105384,start_us,1692903643118894,stop_us,1692903643224278,-,DmrppArray::read_super_chunks_concurrent() -  name: gt3r_ssh_segments_longitude
1692903643,499,timing,elapsed_us,1141646,start_us,1692903642379932,stop_us,1692903643521578,-,BESDapResponseBuilder::serialize_dap4_data() - Timer
1692903643,499,timing,elapsed_us,1142017,start_us,1692903642379590,stop_us,1692903643521607,http-nio-8080-exec-5:33[bes_client:/-1],get dap for d1 return as dap2; transmitting
1692903643,499,timing,elapsed_us,118910,start_us,1692903643375003,stop_us,1692903643493913,-,DmrppArray::read_super_chunks_concurrent() -  name: gt3r_ssh_segments_delta_time
1692903643,499,timing,elapsed_us,163128,start_us,1692903642955456,stop_us,1692903643118584,-,DmrppArray::read_super_chunks_concurrent() -  name: gt3r_ssh_segments_latitude
1692903643,499,timing,elapsed_us,17998,start_us,1692903643287395,stop_us,1692903643305393,-,DmrppArray::read_contiguous() -  name: gt2l_ssh_segments_delta_time
1692903643,499,timing,elapsed_us,188,start_us,1692903643523043,stop_us,1692903643523231,-,BESInterface::execute_request
1692903643,499,timing,elapsed_us,19206,start_us,1692903643224447,stop_us,1692903643243653,-,DmrppArray::read_contiguous() -  name: gt1l_ssh_segments_delta_time
1692903643,499,timing,elapsed_us,217,start_us,1692903643523039,stop_us,1692903643523256,-,BESServerHandler::execute
1692903643,499,timing,elapsed_us,21836,start_us,1692903643305544,stop_us,1692903643327380,-,DmrppArray::read_super_chunks_concurrent() -  name: gt2r_ssh_segments_delta_time
1692903643,499,timing,elapsed_us,27260,start_us,1692903643494081,stop_us,1692903643521341,-,DmrppArray::read_contiguous() -  name: orbit_info_crossing_time
1692903643,499,timing,elapsed_us,3684945,start_us,1692903639836689,stop_us,1692903643521634,-,BESInterface::execute_request
1692903643,499,timing,elapsed_us,3686352,start_us,1692903639836666,stop_us,1692903643523018,-,BESServerHandler::execute
1692903643,499,timing,elapsed_us,43096,start_us,1692903643244021,stop_us,1692903643287117,-,DmrppArray::read_super_chunks_concurrent() -  name: gt1r_ssh_segments_delta_time
1692903643,499,timing,elapsed_us,47224,start_us,1692903643327531,stop_us,1692903643374755,-,DmrppArray::read_contiguous() -  name: gt3l_ssh_segments_delta_time
1692903643,499,timing,elapsed_us,6,start_us,1692903643523214,stop_us,1692903643523220,client: /-1:129,show status; transmitting
1692903669,499,timing,elapsed_us,225143,start_us,1692903668877062,stop_us,1692903669102205,-,RemoteResource::get_url() - source url: https://cmr.uat.earthdata.nasa.gov/search/granules.umm_json_v1_4?collection_concept_id=C1241426998-NSIDC_CUAT&granule_ur=ATL12_20200101002212_00810601_005_02.h5
1692903669,499,timing,elapsed_us,6,start_us,1692903669102981,stop_us,1692903669102987,http-nio-8080-exec-2:30[bes_client:/-1],define d1 in default as ngapContainer with ngapContainer.dap4constraint="/orbit_info_rgt;/orbit_info_crossing_time;/gt3r_ssh_segments_latitude[0:8:];/gt3r_ssh_segments_longitude[0:8:];/gt3r_ssh_segments_delta_time[0:8:];/gt3l_ssh_segments_latitude[0:8:];/gt3l_ssh_segments_longitude[0:8:];/gt3l_ssh_segments_delta_time[0:8:];/gt2r_ssh_segments_latitude[0:8:];/gt2r_ssh_segments_longitude[0:8:];/gt2r_ssh_segments_delta_time[0:8:];/gt2l_ssh_segments_latitude[0:8:];/gt2l_ssh_segments_longitude[0:8:];/gt2l_ssh_segments_delta_time[0:8:];/gt1r_ssh_segments_latitude[0:8:];/gt1r_ssh_segments_longitude[0:8:];/gt1r_ssh_segments_delta_time[0:8:];/gt1l_ssh_segments_latitude[0:8:];/gt1l_ssh_segments_longitude[0:8:];/gt1l_ssh_segments_delta_time[0:8:]"; transmitting
1692903669,499,timing,elapsed_us,7,start_us,1692903669102796,stop_us,1692903669102803,http-nio-8080-exec-2:30[bes_client:/-1],set container in ngap values ngapContainer,collections/C1241426998-NSIDC_CUAT/granules/ATL12_20200101002212_00810601_005_02.h5; transmitting
1692903671,499,timing,elapsed_us,19033,start_us,1692903671983309,stop_us,1692903672002342,-,DmrppArray::read_contiguous() -  name: gt1l_ssh_segments_latitude
1692903671,499,timing,elapsed_us,2292622,start_us,1692903669103807,stop_us,1692903671396429,-,RemoteResource::get_url() - source url: https://data.nsidc.uat.earthdatacloud.nasa.gov/nsidc-cumulus-uat-protected/ATLAS/ATL12/005/2020/01/ATL12_20200101002212_00810601_005_02.h5.dmrpp
1692903671,499,timing,elapsed_us,277948,start_us,1692903671616640,stop_us,1692903671894588,-,DmrppArray::read_super_chunks_concurrent() -  name: gt2r_ssh_segments_latitude
1692903671,499,timing,elapsed_us,55412,start_us,1692903671560908,stop_us,1692903671616320,-,DmrppArray::read_super_chunks_concurrent() -  name: gt1r_ssh_segments_longitude
1692903671,499,timing,elapsed_us,65390,start_us,1692903671406377,stop_us,1692903671471767,-,DmrppArray::read_contiguous() -  name: orbit_info_rgt
1692903671,499,timing,elapsed_us,88066,start_us,1692903671895069,stop_us,1692903671983135,-,DmrppArray::read_super_chunks_concurrent() -  name: gt2r_ssh_segments_longitude
1692903671,499,timing,elapsed_us,88344,start_us,1692903671472231,stop_us,1692903671560575,-,DmrppArray::read_super_chunks_concurrent() -  name: gt1r_ssh_segments_latitude
1692903672,499,timing,elapsed_us,101231,start_us,1692903672095591,stop_us,1692903672196822,-,DmrppArray::read_contiguous() -  name: gt3l_ssh_segments_longitude
1692903672,499,timing,elapsed_us,1474769,start_us,1692903671404839,stop_us,1692903672879608,-,BESDapResponseBuilder::serialize_dap4_data() - Timer
1692903672,499,timing,elapsed_us,1475137,start_us,1692903671404486,stop_us,1692903672879623,http-nio-8080-exec-2:30[bes_client:/-1],get dap for d1 return as dap2; transmitting
1692903672,499,timing,elapsed_us,147620,start_us,1692903672625876,stop_us,1692903672773496,-,DmrppArray::read_contiguous() -  name: gt3l_ssh_segments_delta_time
1692903672,499,timing,elapsed_us,18946,start_us,1692903672860482,stop_us,1692903672879428,-,DmrppArray::read_contiguous() -  name: orbit_info_crossing_time
1692903672,499,timing,elapsed_us,192,start_us,1692903672880854,stop_us,1692903672881046,-,BESInterface::execute_request
1692903672,499,timing,elapsed_us,220,start_us,1692903672880850,stop_us,1692903672881070,-,BESServerHandler::execute
1692903672,499,timing,elapsed_us,27115,start_us,1692903672598615,stop_us,1692903672625730,-,DmrppArray::read_super_chunks_concurrent() -  name: gt2r_ssh_segments_delta_time
1692903672,499,timing,elapsed_us,30210,start_us,1692903672065303,stop_us,1692903672095513,-,DmrppArray::read_contiguous() -  name: gt3l_ssh_segments_latitude
1692903672,499,timing,elapsed_us,37981,start_us,1692903672499662,stop_us,1692903672537643,-,DmrppArray::read_super_chunks_concurrent() -  name: gt1r_ssh_segments_delta_time
1692903672,499,timing,elapsed_us,38868,start_us,1692903672460590,stop_us,1692903672499458,-,DmrppArray::read_contiguous() -  name: gt1l_ssh_segments_delta_time
1692903672,499,timing,elapsed_us,4006885,start_us,1692903668872747,stop_us,1692903672879632,-,BESInterface::execute_request
1692903672,499,timing,elapsed_us,4008116,start_us,1692903668872713,stop_us,1692903672880829,-,BESServerHandler::execute
1692903672,499,timing,elapsed_us,50171,start_us,1692903672410226,stop_us,1692903672460397,-,DmrppArray::read_super_chunks_concurrent() -  name: gt3r_ssh_segments_longitude
1692903672,499,timing,elapsed_us,6,start_us,1692903672881033,stop_us,1692903672881039,client: /-1:131,show status; transmitting
1692903672,499,timing,elapsed_us,60660,start_us,1692903672537801,stop_us,1692903672598461,-,DmrppArray::read_contiguous() -  name: gt2l_ssh_segments_delta_time
1692903672,499,timing,elapsed_us,62699,start_us,1692903672002420,stop_us,1692903672065119,-,DmrppArray::read_contiguous() -  name: gt1l_ssh_segments_longitude
1692903672,499,timing,elapsed_us,64765,start_us,1692903672277531,stop_us,1692903672342296,-,DmrppArray::read_contiguous() -  name: gt2l_ssh_segments_longitude
1692903672,499,timing,elapsed_us,67352,start_us,1692903672342577,stop_us,1692903672409929,-,DmrppArray::read_super_chunks_concurrent() -  name: gt3r_ssh_segments_latitude
1692903672,499,timing,elapsed_us,80534,start_us,1692903672196913,stop_us,1692903672277447,-,DmrppArray::read_contiguous() -  name: gt2l_ssh_segments_latitude
1692903672,499,timing,elapsed_us,86625,start_us,1692903672773707,stop_us,1692903672860332,-,DmrppArray::read_super_chunks_concurrent() -  name: gt3r_ssh_segments_delta_time
1692903734,499,timing,elapsed_us,210259,start_us,1692903734741354,stop_us,1692903734951613,-,RemoteResource::get_url() - source url: https://cmr.uat.earthdata.nasa.gov/search/granules.umm_json_v1_4?collection_concept_id=C1241427013-NSIDC_CUAT&granule_ur=ATL13_20200101002212_00810601_005_01.h5
1692903734,499,timing,elapsed_us,6,start_us,1692903734952235,stop_us,1692903734952241,http-nio-8080-exec-5:33[bes_client:/-1],define d1 in default as ngapContainer with ngapContainer.dap4constraint="/orbit_info_rgt;/orbit_info_crossing_time;/gt3r_segment_lat[0:256:];/gt3r_segment_lon[0:256:];/gt3r_delta_time[0:256:];/gt3l_segment_lat[0:256:];/gt3l_segment_lon[0:256:];/gt3l_delta_time[0:256:];/gt2r_segment_lat[0:256:];/gt2r_segment_lon[0:256:];/gt2r_delta_time[0:256:];/gt2l_segment_lat[0:256:];/gt2l_segment_lon[0:256:];/gt2l_delta_time[0:256:];/gt1r_segment_lat[0:256:];/gt1r_segment_lon[0:256:];/gt1r_delta_time[0:256:];/gt1l_segment_lat[0:256:];/gt1l_segment_lon[0:256:];/gt1l_delta_time[0:256:]"; transmitting
1692903734,499,timing,elapsed_us,9,start_us,1692903734952051,stop_us,1692903734952060,http-nio-8080-exec-5:33[bes_client:/-1],set container in ngap values ngapContainer,collections/C1241427013-NSIDC_CUAT/granules/ATL13_20200101002212_00810601_005_01.h5; transmitting
1692903737,499,timing,elapsed_us,2289842,start_us,1692903734953079,stop_us,1692903737242921,-,RemoteResource::get_url() - source url: https://data.nsidc.uat.earthdatacloud.nasa.gov/nsidc-cumulus-uat-protected/ATLAS/ATL13/005/2020/01/ATL13_20200101002212_00810601_005_01.h5.dmrpp
1692903739,499,timing,elapsed_us,2317889,start_us,1692903737254773,stop_us,1692903739572662,-,CurlUtils::retrieve_effective_url() -  Following Redirects Starting With: https://data.nsidc.uat.earthdatacloud.nasa.gov/nsidc-cumulus-uat-protected/ATLAS/ATL13/005/2020/01/ATL13_20200101002212_00810601_005_01.h5
1692903739,499,timing,elapsed_us,2416800,start_us,1692903737254726,stop_us,1692903739671526,-,DmrppArray::read_contiguous() -  name: orbit_info_rgt
1692903739,499,timing,elapsed_us,274682,start_us,1692903739672316,stop_us,1692903739946998,-,DmrppArray::read_super_chunks_concurrent() -  name: gt1r_segment_lon
1692903739,499,timing,elapsed_us,52115,start_us,1692903739947749,stop_us,1692903739999864,-,DmrppArray::read_super_chunks_concurrent() -  name: gt1r_segment_lat
1692903740,499,timing,elapsed_us,109464,start_us,1692903740470976,stop_us,1692903740580440,-,DmrppArray::read_super_chunks_concurrent() -  name: gt3r_segment_lat
1692903740,499,timing,elapsed_us,26166,start_us,1692903740268893,stop_us,1692903740295059,-,DmrppArray::read_super_chunks_concurrent() -  name: gt3l_segment_lat
1692903740,499,timing,elapsed_us,27782,start_us,1692903740612407,stop_us,1692903740640189,-,DmrppArray::read_super_chunks_concurrent() -  name: gt1r_delta_time
1692903740,499,timing,elapsed_us,28915,start_us,1692903740705593,stop_us,1692903740734508,-,DmrppArray::read_super_chunks_concurrent() -  name: gt3l_delta_time
1692903740,499,timing,elapsed_us,29783,start_us,1692903740675505,stop_us,1692903740705288,-,DmrppArray::read_super_chunks_concurrent() -  name: gt2r_delta_time
1692903740,499,timing,elapsed_us,299,start_us,1692903740869838,stop_us,1692903740870137,-,BESInterface::execute_request
1692903740,499,timing,elapsed_us,30541,start_us,1692903740363629,stop_us,1692903740394170,-,DmrppArray::read_super_chunks_concurrent() -  name: gt2l_segment_lat
1692903740,499,timing,elapsed_us,30965,start_us,1692903740580784,stop_us,1692903740611749,-,DmrppArray::read_super_chunks_concurrent() -  name: gt1l_delta_time
1692903740,499,timing,elapsed_us,31411,start_us,1692903740237204,stop_us,1692903740268615,-,DmrppArray::read_super_chunks_concurrent() -  name: gt3l_segment_lon
1692903740,499,timing,elapsed_us,328,start_us,1692903740869834,stop_us,1692903740870162,-,BESServerHandler::execute
1692903740,499,timing,elapsed_us,34464,start_us,1692903740640449,stop_us,1692903740674913,-,DmrppArray::read_super_chunks_concurrent() -  name: gt2l_delta_time
1692903740,499,timing,elapsed_us,3614361,start_us,1692903737253254,stop_us,1692903740867615,-,BESDapResponseBuilder::serialize_dap4_data() - Timer
1692903740,499,timing,elapsed_us,3614736,start_us,1692903737252909,stop_us,1692903740867645,http-nio-8080-exec-5:33[bes_client:/-1],get dap for d1 return as dap2; transmitting
1692903740,499,timing,elapsed_us,48574,start_us,1692903740000500,stop_us,1692903740049074,-,DmrppArray::read_super_chunks_concurrent() -  name: gt2r_segment_lon
1692903740,499,timing,elapsed_us,51346,start_us,1692903740131423,stop_us,1692903740182769,-,DmrppArray::read_super_chunks_concurrent() -  name: gt1l_segment_lon
1692903740,499,timing,elapsed_us,53744,start_us,1692903740183186,stop_us,1692903740236930,-,DmrppArray::read_super_chunks_concurrent() -  name: gt1l_segment_lat
1692903740,499,timing,elapsed_us,58568,start_us,1692903740808750,stop_us,1692903740867318,-,DmrppArray::read_contiguous() -  name: orbit_info_crossing_time
1692903740,499,timing,elapsed_us,6130900,start_us,1692903734736772,stop_us,1692903740867672,-,BESInterface::execute_request
1692903740,499,timing,elapsed_us,6133074,start_us,1692903734736733,stop_us,1692903740869807,-,BESServerHandler::execute
1692903740,499,timing,elapsed_us,68101,start_us,1692903740295284,stop_us,1692903740363385,-,DmrppArray::read_super_chunks_concurrent() -  name: gt2l_segment_lon
1692903740,499,timing,elapsed_us,73467,start_us,1692903740735123,stop_us,1692903740808590,-,DmrppArray::read_super_chunks_concurrent() -  name: gt3r_delta_time
1692903740,499,timing,elapsed_us,75419,start_us,1692903740394835,stop_us,1692903740470254,-,DmrppArray::read_super_chunks_concurrent() -  name: gt3r_segment_lon
1692903740,499,timing,elapsed_us,8,start_us,1692903740870120,stop_us,1692903740870128,client: /-1:133,show status; transmitting
1692903740,499,timing,elapsed_us,81365,start_us,1692903740049714,stop_us,1692903740131079,-,DmrppArray::read_super_chunks_concurrent() -  name: gt2r_segment_lat
1692903810,499,timing,elapsed_us,232250,start_us,1692903810232910,stop_us,1692903810465160,-,RemoteResource::get_url() - source url: https://cmr.uat.earthdata.nasa.gov/search/granules.umm_json_v1_4?collection_concept_id=C1241427013-NSIDC_CUAT&granule_ur=ATL13_20200101002212_00810601_005_01.h5
1692903810,499,timing,elapsed_us,6,start_us,1692903810465902,stop_us,1692903810465908,http-nio-8080-exec-8:36[bes_client:/-1],define d1 in default as ngapContainer with ngapContainer.dap4constraint="/orbit_info_rgt;/orbit_info_crossing_time;/gt3r_segment_lat[0:256:];/gt3r_segment_lon[0:256:];/gt3r_delta_time[0:256:];/gt3l_segment_lat[0:256:];/gt3l_segment_lon[0:256:];/gt3l_delta_time[0:256:];/gt2r_segment_lat[0:256:];/gt2r_segment_lon[0:256:];/gt2r_delta_time[0:256:];/gt2l_segment_lat[0:256:];/gt2l_segment_lon[0:256:];/gt2l_delta_time[0:256:];/gt1r_segment_lat[0:256:];/gt1r_segment_lon[0:256:];/gt1r_delta_time[0:256:];/gt1l_segment_lat[0:256:];/gt1l_segment_lon[0:256:];/gt1l_delta_time[0:256:]"; transmitting
1692903810,499,timing,elapsed_us,7,start_us,1692903810465669,stop_us,1692903810465676,http-nio-8080-exec-8:36[bes_client:/-1],set container in ngap values ngapContainer,collections/C1241427013-NSIDC_CUAT/granules/ATL13_20200101002212_00810601_005_01.h5; transmitting
1692903812,499,timing,elapsed_us,143198,start_us,1692903812834921,stop_us,1692903812978119,-,DmrppArray::read_super_chunks_concurrent() -  name: gt1r_segment_lon
1692903812,499,timing,elapsed_us,2295223,start_us,1692903810466737,stop_us,1692903812761960,-,RemoteResource::get_url() - source url: https://data.nsidc.uat.earthdatacloud.nasa.gov/nsidc-cumulus-uat-protected/ATLAS/ATL13/005/2020/01/ATL13_20200101002212_00810601_005_01.h5.dmrpp
1692903812,499,timing,elapsed_us,60175,start_us,1692903812773749,stop_us,1692903812833924,-,DmrppArray::read_contiguous() -  name: orbit_info_rgt
1692903813,499,timing,elapsed_us,118221,start_us,1692903813399755,stop_us,1692903813517976,-,DmrppArray::read_super_chunks_concurrent() -  name: gt3r_segment_lat
1692903813,499,timing,elapsed_us,20435,start_us,1692903813665026,stop_us,1692903813685461,-,DmrppArray::read_super_chunks_concurrent() -  name: gt3l_delta_time
1692903813,499,timing,elapsed_us,20848,start_us,1692903813351938,stop_us,1692903813372786,-,DmrppArray::read_super_chunks_concurrent() -  name: gt2l_segment_lat
1692903813,499,timing,elapsed_us,22337,start_us,1692903813329325,stop_us,1692903813351662,-,DmrppArray::read_super_chunks_concurrent() -  name: gt2l_segment_lon
1692903813,499,timing,elapsed_us,24309,start_us,1692903813640465,stop_us,1692903813664774,-,DmrppArray::read_super_chunks_concurrent() -  name: gt2r_delta_time
1692903813,499,timing,elapsed_us,25717,start_us,1692903813373331,stop_us,1692903813399048,-,DmrppArray::read_super_chunks_concurrent() -  name: gt3r_segment_lon
1692903813,499,timing,elapsed_us,293,start_us,1692903813768558,stop_us,1692903813768851,-,BESInterface::execute_request
1692903813,499,timing,elapsed_us,31393,start_us,1692903813083631,stop_us,1692903813115024,-,DmrppArray::read_super_chunks_concurrent() -  name: gt2r_segment_lat
1692903813,499,timing,elapsed_us,34819,start_us,1692903813605069,stop_us,1692903813639888,-,DmrppArray::read_super_chunks_concurrent() -  name: gt2l_delta_time
1692903813,499,timing,elapsed_us,3537840,start_us,1692903810228701,stop_us,1692903813766541,-,BESInterface::execute_request
1692903813,499,timing,elapsed_us,3539856,start_us,1692903810228675,stop_us,1692903813768531,-,BESServerHandler::execute
1692903813,499,timing,elapsed_us,357,start_us,1692903813768554,stop_us,1692903813768911,-,BESServerHandler::execute
1692903813,499,timing,elapsed_us,38639,start_us,1692903813566168,stop_us,1692903813604807,-,DmrppArray::read_super_chunks_concurrent() -  name: gt1r_delta_time
1692903813,499,timing,elapsed_us,39336,start_us,1692903813726903,stop_us,1692903813766239,-,DmrppArray::read_contiguous() -  name: orbit_info_crossing_time
1692903813,499,timing,elapsed_us,40725,start_us,1692903813686044,stop_us,1692903813726769,-,DmrppArray::read_super_chunks_concurrent() -  name: gt3r_delta_time
1692903813,499,timing,elapsed_us,41224,start_us,1692903812978819,stop_us,1692903813020043,-,DmrppArray::read_super_chunks_concurrent() -  name: gt1r_segment_lat
1692903813,499,timing,elapsed_us,47163,start_us,1692903813518302,stop_us,1692903813565465,-,DmrppArray::read_super_chunks_concurrent() -  name: gt1l_delta_time
1692903813,499,timing,elapsed_us,49259,start_us,1692903813165810,stop_us,1692903813215069,-,DmrppArray::read_super_chunks_concurrent() -  name: gt1l_segment_lat
1692903813,499,timing,elapsed_us,50275,start_us,1692903813115277,stop_us,1692903813165552,-,DmrppArray::read_super_chunks_concurrent() -  name: gt1l_segment_lon
1692903813,499,timing,elapsed_us,50582,start_us,1692903813215381,stop_us,1692903813265963,-,DmrppArray::read_super_chunks_concurrent() -  name: gt3l_segment_lon
1692903813,499,timing,elapsed_us,62263,start_us,1692903813020721,stop_us,1692903813082984,-,DmrppArray::read_super_chunks_concurrent() -  name: gt2r_segment_lon
1692903813,499,timing,elapsed_us,62884,start_us,1692903813266198,stop_us,1692903813329082,-,DmrppArray::read_super_chunks_concurrent() -  name: gt3l_segment_lat
1692903813,499,timing,elapsed_us,9,start_us,1692903813768830,stop_us,1692903813768839,client: /-1:135,show status; transmitting
1692903813,499,timing,elapsed_us,994253,start_us,1692903812772234,stop_us,1692903813766487,-,BESDapResponseBuilder::serialize_dap4_data() - Timer
1692903813,499,timing,elapsed_us,994627,start_us,1692903812771888,stop_us,1692903813766515,http-nio-8080-exec-8:36[bes_client:/-1],get dap for d1 return as dap2; transmitting
1692903854,499,timing,elapsed_us,210596,start_us,1692903854564794,stop_us,1692903854775390,-,RemoteResource::get_url() - source url: https://cmr.uat.earthdata.nasa.gov/search/granules.umm_json_v1_4?collection_concept_id=C1241426907-NSIDC_CUAT&granule_ur=ATL08_20200101145654_00900605_005_01.h5
1692903854,499,timing,elapsed_us,7,start_us,1692903854775867,stop_us,1692903854775874,http-nio-8080-exec-8:36[bes_client:/-1],set container in ngap values ngapContainer,collections/C1241426907-NSIDC_CUAT/granules/ATL08_20200101145654_00900605_005_01.h5; transmitting
1692903854,499,timing,elapsed_us,8,start_us,1692903854776096,stop_us,1692903854776104,http-nio-8080-exec-8:36[bes_client:/-1],define d1 in default as ngapContainer with ngapContainer.dap4constraint="/orbit_info_rgt;/orbit_info_crossing_time;/gt3r_land_segments_latitude[0:8:];/gt3r_land_segments_longitude[0:8:];/gt3r_land_segments_terrain_h_te_best_fit[0:8:];/gt3r_land_segments_canopy_h_canopy[0:8:];/gt3r_land_segments_delta_time[0:8:];/gt3l_land_segments_latitude[0:8:];/gt3l_land_segments_longitude[0:8:];/gt3l_land_segments_terrain_h_te_best_fit[0:8:];/gt3l_land_segments_canopy_h_canopy[0:8:];/gt3l_land_segments_delta_time[0:8:];/gt2r_land_segments_latitude[0:8:];/gt2r_land_segments_longitude[0:8:];/gt2r_land_segments_terrain_h_te_best_fit[0:8:];/gt2r_land_segments_canopy_h_canopy[0:8:];/gt2r_land_segments_delta_time[0:8:];/gt2l_land_segments_latitude[0:8:];/gt2l_land_segments_longitude[0:8:];/gt2l_land_segments_terrain_h_te_best_fit[0:8:];/gt2l_land_segments_canopy_h_canopy[0:8:];/gt2l_land_segments_delta_time[0:8:];/gt1r_land_segments_latitude[0:8:];/gt1r_land_segments_longitude[0:8:];/gt1r_land_segments_terrain_h_te_best_fit[0:8:];/gt1r_land_segments_canopy_h_canopy[0:8:];/gt1r_land_segments_delta_time[0:8:];/gt1l_land_segments_latitude[0:8:];/gt1l_land_segments_longitude[0:8:];/gt1l_land_segments_terrain_h_te_best_fit[0:8:];/gt1l_land_segments_canopy_h_canopy[0:8:];/gt1l_land_segments_delta_time[0:8:]"; transmitting
1692903857,499,timing,elapsed_us,13595,start_us,1692903857751665,stop_us,1692903857765260,-,DmrppArray::read_contiguous() -  name: gt3l_land_segments_terrain_h_te_best_fit
1692903857,499,timing,elapsed_us,13829,start_us,1692903857866984,stop_us,1692903857880813,-,DmrppArray::read_contiguous() -  name: gt3r_land_segments_canopy_h_canopy
1692903857,499,timing,elapsed_us,13901,start_us,1692903857254286,stop_us,1692903857268187,-,DmrppArray::read_contiguous() -  name: gt2l_land_segments_delta_time
1692903857,499,timing,elapsed_us,14455,start_us,1692903857518002,stop_us,1692903857532457,-,DmrppArray::read_contiguous() -  name: gt2r_land_segments_terrain_h_te_best_fit
1692903857,499,timing,elapsed_us,14697,start_us,1692903857765350,stop_us,1692903857780047,-,DmrppArray::read_contiguous() -  name: gt3l_land_segments_longitude
1692903857,499,timing,elapsed_us,14906,start_us,1692903857348965,stop_us,1692903857363871,-,DmrppArray::read_contiguous() -  name: gt1r_land_segments_canopy_h_canopy
1692903857,499,timing,elapsed_us,15154,start_us,1692903857656344,stop_us,1692903857671498,-,DmrppArray::read_contiguous() -  name: gt1l_land_segments_terrain_h_te_best_fit
1692903857,499,timing,elapsed_us,15159,start_us,1692903857301947,stop_us,1692903857317106,-,DmrppArray::read_contiguous() -  name: gt3r_land_segments_delta_time
1692903857,499,timing,elapsed_us,15270,start_us,1692903857835387,stop_us,1692903857850657,-,DmrppArray::read_contiguous() -  name: gt2l_land_segments_longitude
1692903857,499,timing,elapsed_us,15283,start_us,1692903857912951,stop_us,1692903857928234,-,DmrppArray::read_contiguous() -  name: gt3r_land_segments_longitude
1692903857,499,timing,elapsed_us,15313,start_us,1692903857286538,stop_us,1692903857301851,-,DmrppArray::read_contiguous() -  name: gt3l_land_segments_delta_time
1692903857,499,timing,elapsed_us,15319,start_us,1692903857317325,stop_us,1692903857332644,-,DmrppArray::read_contiguous() -  name: orbit_info_crossing_time
1692903857,499,timing,elapsed_us,15603,start_us,1692903857238589,stop_us,1692903857254192,-,DmrppArray::read_contiguous() -  name: gt1r_land_segments_delta_time
1692903857,499,timing,elapsed_us,15989,start_us,1692903857850804,stop_us,1692903857866793,-,DmrppArray::read_contiguous() -  name: gt2l_land_segments_latitude
1692903857,499,timing,elapsed_us,16032,start_us,1692903857332789,stop_us,1692903857348821,-,DmrppArray::read_contiguous() -  name: orbit_info_rgt
1692903857,499,timing,elapsed_us,16062,start_us,1692903857928410,stop_us,1692903857944472,-,DmrppArray::read_contiguous() -  name: gt3r_land_segments_latitude
1692903857,499,timing,elapsed_us,17253,start_us,1692903857799198,stop_us,1692903857816451,-,DmrppArray::read_contiguous() -  name: gt2l_land_segments_canopy_h_canopy
1692903857,499,timing,elapsed_us,18078,start_us,1692903857268373,stop_us,1692903857286451,-,DmrppArray::read_contiguous() -  name: gt2r_land_segments_delta_time
1692903857,499,timing,elapsed_us,18578,start_us,1692903857671587,stop_us,1692903857690165,-,DmrppArray::read_contiguous() -  name: gt1l_land_segments_longitude
1692903857,499,timing,elapsed_us,18677,start_us,1692903857816531,stop_us,1692903857835208,-,DmrppArray::read_contiguous() -  name: gt2l_land_segments_terrain_h_te_best_fit
1692903857,499,timing,elapsed_us,18835,start_us,1692903857780202,stop_us,1692903857799037,-,DmrppArray::read_contiguous() -  name: gt3l_land_segments_latitude
1692903857,499,timing,elapsed_us,19909,start_us,1692903857364039,stop_us,1692903857383948,-,DmrppArray::read_contiguous() -  name: gt1r_land_segments_terrain_h_te_best_fit
1692903857,499,timing,elapsed_us,204,start_us,1692903857945800,stop_us,1692903857946004,-,BESInterface::execute_request
1692903857,499,timing,elapsed_us,20808,start_us,1692903857635438,stop_us,1692903857656246,-,DmrppArray::read_contiguous() -  name: gt1l_land_segments_canopy_h_canopy
1692903857,499,timing,elapsed_us,22991,start_us,1692903857728529,stop_us,1692903857751520,-,DmrppArray::read_contiguous() -  name: gt3l_land_segments_canopy_h_canopy
1692903857,499,timing,elapsed_us,230,start_us,1692903857945796,stop_us,1692903857946026,-,BESServerHandler::execute
1692903857,499,timing,elapsed_us,2378131,start_us,1692903854776983,stop_us,1692903857155114,-,RemoteResource::get_url() - source url: https://data.nsidc.uat.earthdatacloud.nasa.gov/nsidc-cumulus-uat-protected/ATLAS/ATL08/005/2020/01/01/ATL08_20200101145654_00900605_005_01.h5.dmrpp
1692903857,499,timing,elapsed_us,27859,start_us,1692903857607386,stop_us,1692903857635245,-,DmrppArray::read_contiguous() -  name: gt2r_land_segments_latitude
1692903857,499,timing,elapsed_us,31871,start_us,1692903857881001,stop_us,1692903857912872,-,DmrppArray::read_contiguous() -  name: gt3r_land_segments_terrain_h_te_best_fit
1692903857,499,timing,elapsed_us,3383953,start_us,1692903854560688,stop_us,1692903857944641,-,BESInterface::execute_request
1692903857,499,timing,elapsed_us,3385114,start_us,1692903854560664,stop_us,1692903857945778,-,BESServerHandler::execute
1692903857,499,timing,elapsed_us,37574,start_us,1692903857480242,stop_us,1692903857517816,-,DmrppArray::read_contiguous() -  name: gt2r_land_segments_canopy_h_canopy
1692903857,499,timing,elapsed_us,38145,start_us,1692903857690302,stop_us,1692903857728447,-,DmrppArray::read_contiguous() -  name: gt1l_land_segments_latitude
1692903857,499,timing,elapsed_us,43548,start_us,1692903857436513,stop_us,1692903857480061,-,DmrppArray::read_contiguous() -  name: gt1r_land_segments_latitude
1692903857,499,timing,elapsed_us,52277,start_us,1692903857384144,stop_us,1692903857436421,-,DmrppArray::read_contiguous() -  name: gt1r_land_segments_longitude
1692903857,499,timing,elapsed_us,6,start_us,1692903857945990,stop_us,1692903857945996,client: /-1:137,show status; transmitting
1692903857,499,timing,elapsed_us,62981,start_us,1692903857175496,stop_us,1692903857238477,-,DmrppArray::read_contiguous() -  name: gt1l_land_segments_delta_time
1692903857,499,timing,elapsed_us,74661,start_us,1692903857532529,stop_us,1692903857607190,-,DmrppArray::read_contiguous() -  name: gt2r_land_segments_longitude
1692903857,499,timing,elapsed_us,770613,start_us,1692903857174006,stop_us,1692903857944619,-,BESDapResponseBuilder::serialize_dap4_data() - Timer
1692903857,499,timing,elapsed_us,771023,start_us,1692903857173610,stop_us,1692903857944633,http-nio-8080-exec-8:36[bes_client:/-1],get dap for d1 return as dap2; transmitting
1692903898,499,timing,elapsed_us,10,start_us,1692903898284858,stop_us,1692903898284868,http-nio-8080-exec-9:37[bes_client:/-1],define d1 in default as ngapContainer with ngapContainer.dap4constraint="/orbit_info_rgt;/orbit_info_crossing_time;/gt3r_land_segments_latitude[0:8:];/gt3r_land_segments_longitude[0:8:];/gt3r_land_segments_terrain_h_te_best_fit[0:8:];/gt3r_land_segments_canopy_h_canopy[0:8:];/gt3r_land_segments_delta_time[0:8:];/gt3l_land_segments_latitude[0:8:];/gt3l_land_segments_longitude[0:8:];/gt3l_land_segments_terrain_h_te_best_fit[0:8:];/gt3l_land_segments_canopy_h_canopy[0:8:];/gt3l_land_segments_delta_time[0:8:];/gt2r_land_segments_latitude[0:8:];/gt2r_land_segments_longitude[0:8:];/gt2r_land_segments_terrain_h_te_best_fit[0:8:];/gt2r_land_segments_canopy_h_canopy[0:8:];/gt2r_land_segments_delta_time[0:8:];/gt2l_land_segments_latitude[0:8:];/gt2l_land_segments_longitude[0:8:];/gt2l_land_segments_terrain_h_te_best_fit[0:8:];/gt2l_land_segments_canopy_h_canopy[0:8:];/gt2l_land_segments_delta_time[0:8:];/gt1r_land_segments_latitude[0:8:];/gt1r_land_segments_longitude[0:8:];/gt1r_land_segments_terrain_h_te_best_fit[0:8:];/gt1r_land_segments_canopy_h_canopy[0:8:];/gt1r_land_segments_delta_time[0:8:];/gt1l_land_segments_latitude[0:8:];/gt1l_land_segments_longitude[0:8:];/gt1l_land_segments_terrain_h_te_best_fit[0:8:];/gt1l_land_segments_canopy_h_canopy[0:8:];/gt1l_land_segments_delta_time[0:8:]"; transmitting
1692903898,499,timing,elapsed_us,249868,start_us,1692903898034126,stop_us,1692903898283994,-,RemoteResource::get_url() - source url: https://cmr.uat.earthdata.nasa.gov/search/granules.umm_json_v1_4?collection_concept_id=C1241426907-NSIDC_CUAT&granule_ur=ATL08_20200101145654_00900605_005_01.h5
1692903898,499,timing,elapsed_us,7,start_us,1692903898284460,stop_us,1692903898284467,http-nio-8080-exec-9:37[bes_client:/-1],set container in ngap values ngapContainer,collections/C1241426907-NSIDC_CUAT/granules/ATL08_20200101145654_00900605_005_01.h5; transmitting
1692903900,499,timing,elapsed_us,158536,start_us,1692903900634319,stop_us,1692903900792855,-,DmrppArray::read_contiguous() -  name: gt1l_land_segments_delta_time
1692903900,499,timing,elapsed_us,19808,start_us,1692903900844349,stop_us,1692903900864157,-,DmrppArray::read_contiguous() -  name: gt2r_land_segments_delta_time
1692903900,499,timing,elapsed_us,21590,start_us,1692903900864254,stop_us,1692903900885844,-,DmrppArray::read_contiguous() -  name: gt3l_land_segments_delta_time
1692903900,499,timing,elapsed_us,22109,start_us,1692903900910266,stop_us,1692903900932375,-,DmrppArray::read_contiguous() -  name: orbit_info_crossing_time
1692903900,499,timing,elapsed_us,2328904,start_us,1692903898285709,stop_us,1692903900614613,-,RemoteResource::get_url() - source url: https://data.nsidc.uat.earthdatacloud.nasa.gov/nsidc-cumulus-uat-protected/ATLAS/ATL08/005/2020/01/01/ATL08_20200101145654_00900605_005_01.h5.dmrpp
1692903900,499,timing,elapsed_us,23569,start_us,1692903900932526,stop_us,1692903900956095,-,DmrppArray::read_contiguous() -  name: orbit_info_rgt
1692903900,499,timing,elapsed_us,24058,start_us,1692903900820183,stop_us,1692903900844241,-,DmrppArray::read_contiguous() -  name: gt2l_land_segments_delta_time
1692903900,499,timing,elapsed_us,24112,start_us,1692903900886054,stop_us,1692903900910166,-,DmrppArray::read_contiguous() -  name: gt3r_land_segments_delta_time
1692903900,499,timing,elapsed_us,27008,start_us,1692903900793073,stop_us,1692903900820081,-,DmrppArray::read_contiguous() -  name: gt1r_land_segments_delta_time
1692903900,499,timing,elapsed_us,32286,start_us,1692903900956275,stop_us,1692903900988561,-,DmrppArray::read_contiguous() -  name: gt1r_land_segments_canopy_h_canopy
1692903901,499,timing,elapsed_us,1064261,start_us,1692903900632888,stop_us,1692903901697149,-,BESDapResponseBuilder::serialize_dap4_data() - Timer
1692903901,499,timing,elapsed_us,1064698,start_us,1692903900632465,stop_us,1692903901697163,http-nio-8080-exec-9:37[bes_client:/-1],get dap for d1 return as dap2; transmitting
1692903901,499,timing,elapsed_us,19303,start_us,1692903901147676,stop_us,1692903901166979,-,DmrppArray::read_contiguous() -  name: gt1l_land_segments_canopy_h_canopy
1692903901,499,timing,elapsed_us,19388,start_us,1692903901251880,stop_us,1692903901271268,-,DmrppArray::read_contiguous() -  name: gt3l_land_segments_canopy_h_canopy
1692903901,499,timing,elapsed_us,20033,start_us,1692903901102710,stop_us,1692903901122743,-,DmrppArray::read_contiguous() -  name: gt2r_land_segments_longitude
1692903901,499,timing,elapsed_us,20320,start_us,1692903901271403,stop_us,1692903901291723,-,DmrppArray::read_contiguous() -  name: gt3l_land_segments_terrain_h_te_best_fit
1692903901,499,timing,elapsed_us,20441,start_us,1692903901082111,stop_us,1692903901102552,-,DmrppArray::read_contiguous() -  name: gt2r_land_segments_terrain_h_te_best_fit
1692903901,499,timing,elapsed_us,205,start_us,1692903901698534,stop_us,1692903901698739,-,BESInterface::execute_request
1692903901,499,timing,elapsed_us,20860,start_us,1692903901195034,stop_us,1692903901215894,-,DmrppArray::read_contiguous() -  name: gt1l_land_segments_longitude
1692903901,499,timing,elapsed_us,21821,start_us,1692903901034159,stop_us,1692903901055980,-,DmrppArray::read_contiguous() -  name: gt1r_land_segments_latitude
1692903901,499,timing,elapsed_us,22010,start_us,1692903900988791,stop_us,1692903901010801,-,DmrppArray::read_contiguous() -  name: gt1r_land_segments_terrain_h_te_best_fit
1692903901,499,timing,elapsed_us,22360,start_us,1692903901291911,stop_us,1692903901314271,-,DmrppArray::read_contiguous() -  name: gt3l_land_segments_longitude
1692903901,499,timing,elapsed_us,22360,start_us,1692903901540204,stop_us,1692903901562564,-,DmrppArray::read_contiguous() -  name: gt2l_land_segments_latitude
1692903901,499,timing,elapsed_us,23188,start_us,1692903901010888,stop_us,1692903901034076,-,DmrppArray::read_contiguous() -  name: gt1r_land_segments_longitude
1692903901,499,timing,elapsed_us,232,start_us,1692903901698530,stop_us,1692903901698762,-,BESServerHandler::execute
1692903901,499,timing,elapsed_us,24382,start_us,1692903901637237,stop_us,1692903901661619,-,DmrppArray::read_contiguous() -  name: gt3r_land_segments_longitude
1692903901,499,timing,elapsed_us,24554,start_us,1692903901122930,stop_us,1692903901147484,-,DmrppArray::read_contiguous() -  name: gt2r_land_segments_latitude
1692903901,499,timing,elapsed_us,25859,start_us,1692903901056098,stop_us,1692903901081957,-,DmrppArray::read_contiguous() -  name: gt2r_land_segments_canopy_h_canopy
1692903901,499,timing,elapsed_us,27727,start_us,1692903901167130,stop_us,1692903901194857,-,DmrppArray::read_contiguous() -  name: gt1l_land_segments_terrain_h_te_best_fit
1692903901,499,timing,elapsed_us,35102,start_us,1692903901661782,stop_us,1692903901696884,-,DmrppArray::read_contiguous() -  name: gt3r_land_segments_latitude
1692903901,499,timing,elapsed_us,35749,start_us,1692903901216061,stop_us,1692903901251810,-,DmrppArray::read_contiguous() -  name: gt1l_land_segments_latitude
1692903901,499,timing,elapsed_us,36247,start_us,1692903901562748,stop_us,1692903901598995,-,DmrppArray::read_contiguous() -  name: gt3r_land_segments_canopy_h_canopy
1692903901,499,timing,elapsed_us,3668386,start_us,1692903898028786,stop_us,1692903901697172,-,BESInterface::execute_request
1692903901,499,timing,elapsed_us,3669764,start_us,1692903898028748,stop_us,1692903901698512,-,BESServerHandler::execute
1692903901,499,timing,elapsed_us,38018,start_us,1692903901599136,stop_us,1692903901637154,-,DmrppArray::read_contiguous() -  name: gt3r_land_segments_terrain_h_te_best_fit
1692903901,499,timing,elapsed_us,47277,start_us,1692903901368212,stop_us,1692903901415489,-,DmrppArray::read_contiguous() -  name: gt2l_land_segments_canopy_h_canopy
1692903901,499,timing,elapsed_us,5,start_us,1692903901698726,stop_us,1692903901698731,client: /-1:139,show status; transmitting
1692903901,499,timing,elapsed_us,53745,start_us,1692903901314377,stop_us,1692903901368122,-,DmrppArray::read_contiguous() -  name: gt3l_land_segments_latitude
1692903901,499,timing,elapsed_us,53945,start_us,1692903901486168,stop_us,1692903901540113,-,DmrppArray::read_contiguous() -  name: gt2l_land_segments_longitude
1692903901,499,timing,elapsed_us,70364,start_us,1692903901415681,stop_us,1692903901486045,-,DmrppArray::read_contiguous() -  name: gt2l_land_segments_terrain_h_te_best_fit
1692904093,499,timing,elapsed_us,212005,start_us,1692904093021107,stop_us,1692904093233112,-,RemoteResource::get_url() - source url: https://cmr.uat.earthdata.nasa.gov/search/granules.umm_json_v1_4?collection_concept_id=C1241426826-NSIDC_CUAT&granule_ur=ATL03_20200101145654_00900605_005_01.h5
1692904093,499,timing,elapsed_us,6,start_us,1692904093233768,stop_us,1692904093233774,http-nio-8080-exec-6:34[bes_client:/-1],define d1 in default as ngapContainer with ngapContainer.dap4constraint="/gt3r_geolocation_delta_time;/gt3r_geolocation_reference_photon_lat;/gt3r_geolocation_reference_photon_lon;/gt3r_geolocation_reference_photon_index;/gt3r_geolocation_segment_ph_cnt;/gt3r_geolocation_ph_index_beg;/gt3r_geolocation_segment_id"; transmitting
1692904093,499,timing,elapsed_us,8,start_us,1692904093233397,stop_us,1692904093233405,http-nio-8080-exec-6:34[bes_client:/-1],set container in ngap values ngapContainer,collections/C1241426826-NSIDC_CUAT/granules/ATL03_20200101145654_00900605_005_01.h5; transmitting
1692904095,499,timing,elapsed_us,2333543,start_us,1692904093234616,stop_us,1692904095568159,-,RemoteResource::get_url() - source url: https://data.nsidc.uat.earthdatacloud.nasa.gov/nsidc-cumulus-uat-protected/ATLAS/ATL03/005/2020/01/01/ATL03_20200101145654_00900605_005_01.h5.dmrpp
1692904097,499,timing,elapsed_us,2322815,start_us,1692904095609845,stop_us,1692904097932660,-,CurlUtils::retrieve_effective_url() -  Following Redirects Starting With: https://data.nsidc.uat.earthdatacloud.nasa.gov/nsidc-cumulus-uat-protected/ATLAS/ATL03/005/2020/01/01/ATL03_20200101145654_00900605_005_01.h5
1692904097,499,timing,elapsed_us,66185,start_us,1692904097934756,stop_us,1692904098000941,-,DmrppArray::read_super_chunks_unconstrained_concurrent() -  name: gt3r_geolocation_segment_ph_cnt
1692904098,499,timing,elapsed_us,20581,start_us,1692904098123152,stop_us,1692904098143733,-,DmrppArray::read_super_chunks_unconstrained_concurrent() -  name: gt3r_geolocation_reference_photon_index
1692904098,499,timing,elapsed_us,21369,start_us,1692904098035384,stop_us,1692904098056753,-,DmrppArray::read_super_chunks_unconstrained_concurrent() -  name: gt3r_geolocation_ph_index_beg
1692904098,499,timing,elapsed_us,23548,start_us,1692904098145326,stop_us,1692904098168874,-,DmrppArray::read_super_chunks_unconstrained_concurrent() -  name: gt3r_geolocation_delta_time
1692904098,499,timing,elapsed_us,2563702,start_us,1692904095608007,stop_us,1692904098171709,-,BESDapResponseBuilder::serialize_dap4_data() - Timer
1692904098,499,timing,elapsed_us,2564046,start_us,1692904095607681,stop_us,1692904098171727,http-nio-8080-exec-6:34[bes_client:/-1],get dap for d1 return as dap2; transmitting
1692904098,499,timing,elapsed_us,264,start_us,1692904098173810,stop_us,1692904098174074,-,BESInterface::execute_request
1692904098,499,timing,elapsed_us,26722,start_us,1692904098093658,stop_us,1692904098120380,-,DmrppArray::read_super_chunks_unconstrained_concurrent() -  name: gt3r_geolocation_reference_photon_lat
1692904098,499,timing,elapsed_us,293,start_us,1692904098173806,stop_us,1692904098174099,-,BESServerHandler::execute
1692904098,499,timing,elapsed_us,29882,start_us,1692904098002793,stop_us,1692904098032675,-,DmrppArray::read_super_chunks_unconstrained_concurrent() -  name: gt3r_geolocation_reference_photon_lon
1692904098,499,timing,elapsed_us,32545,start_us,1692904098059301,stop_us,1692904098091846,-,DmrppArray::read_super_chunks_unconstrained_concurrent() -  name: gt3r_geolocation_segment_id
1692904098,499,timing,elapsed_us,5154957,start_us,1692904093016779,stop_us,1692904098171736,-,BESInterface::execute_request
1692904098,499,timing,elapsed_us,5157042,start_us,1692904093016740,stop_us,1692904098173782,-,BESServerHandler::execute
1692904098,499,timing,elapsed_us,6,start_us,1692904098174060,stop_us,1692904098174066,client: /-1:141,show status; transmitting
1692904170,499,timing,elapsed_us,390911,start_us,1692904169964805,stop_us,1692904170355716,-,RemoteResource::get_url() - source url: https://cmr.uat.earthdata.nasa.gov/search/granules.umm_json_v1_4?collection_concept_id=C1241426826-NSIDC_CUAT&granule_ur=ATL03_20200101145654_00900605_005_01.h5
1692904170,499,timing,elapsed_us,7,start_us,1692904170355974,stop_us,1692904170355981,http-nio-8080-exec-8:36[bes_client:/-1],set container in ngap values ngapContainer,collections/C1241426826-NSIDC_CUAT/granules/ATL03_20200101145654_00900605_005_01.h5; transmitting
1692904170,499,timing,elapsed_us,7,start_us,1692904170356807,stop_us,1692904170356814,http-nio-8080-exec-8:36[bes_client:/-1],define d1 in default as ngapContainer with ngapContainer.dap4constraint="/gt3r_geolocation_delta_time;/gt3r_geolocation_reference_photon_lat;/gt3r_geolocation_reference_photon_lon;/gt3r_geolocation_reference_photon_index;/gt3r_geolocation_segment_ph_cnt;/gt3r_geolocation_ph_index_beg;/gt3r_geolocation_segment_id"; transmitting
1692904172,499,timing,elapsed_us,16997,start_us,1692904172872041,stop_us,1692904172889038,-,DmrppArray::read_super_chunks_unconstrained_concurrent() -  name: gt3r_geolocation_segment_id
1692904172,499,timing,elapsed_us,17933,start_us,1692904172851566,stop_us,1692904172869499,-,DmrppArray::read_super_chunks_unconstrained_concurrent() -  name: gt3r_geolocation_ph_index_beg
1692904172,499,timing,elapsed_us,215307,start_us,1692904172761202,stop_us,1692904172976509,-,BESDapResponseBuilder::serialize_dap4_data() - Timer
1692904172,499,timing,elapsed_us,215656,start_us,1692904172760870,stop_us,1692904172976526,http-nio-8080-exec-8:36[bes_client:/-1],get dap for d1 return as dap2; transmitting
1692904172,499,timing,elapsed_us,22551,start_us,1692904172951148,stop_us,1692904172973699,-,DmrppArray::read_super_chunks_unconstrained_concurrent() -  name: gt3r_geolocation_delta_time
1692904172,499,timing,elapsed_us,231,start_us,1692904172978332,stop_us,1692904172978563,-,BESInterface::execute_request
1692904172,499,timing,elapsed_us,23367,start_us,1692904172890836,stop_us,1692904172914203,-,DmrppArray::read_super_chunks_unconstrained_concurrent() -  name: gt3r_geolocation_reference_photon_lat
1692904172,499,timing,elapsed_us,2363516,start_us,1692904170357667,stop_us,1692904172721183,-,RemoteResource::get_url() - source url: https://data.nsidc.uat.earthdatacloud.nasa.gov/nsidc-cumulus-uat-protected/ATLAS/ATL03/005/2020/01/01/ATL03_20200101145654_00900605_005_01.h5.dmrpp
1692904172,499,timing,elapsed_us,24264,start_us,1692904172824660,stop_us,1692904172848924,-,DmrppArray::read_super_chunks_unconstrained_concurrent() -  name: gt3r_geolocation_reference_photon_lon
1692904172,499,timing,elapsed_us,260,start_us,1692904172978327,stop_us,1692904172978587,-,BESServerHandler::execute
1692904172,499,timing,elapsed_us,3015818,start_us,1692904169960717,stop_us,1692904172976535,-,BESInterface::execute_request
1692904172,499,timing,elapsed_us,3017615,start_us,1692904169960690,stop_us,1692904172978305,-,BESServerHandler::execute
1692904172,499,timing,elapsed_us,32785,start_us,1692904172916797,stop_us,1692904172949582,-,DmrppArray::read_super_chunks_unconstrained_concurrent() -  name: gt3r_geolocation_reference_photon_index
1692904172,499,timing,elapsed_us,59913,start_us,1692904172763196,stop_us,1692904172823109,-,DmrppArray::read_super_chunks_unconstrained_concurrent() -  name: gt3r_geolocation_segment_ph_cnt
1692904172,499,timing,elapsed_us,7,start_us,1692904172978549,stop_us,1692904172978556,client: /-1:143,show status; transmitting
1692904275,499,timing,elapsed_us,221378,start_us,1692904275385083,stop_us,1692904275606461,-,RemoteResource::get_url() - source url: https://cmr.uat.earthdata.nasa.gov/search/granules.umm_json_v1_4?collection_concept_id=C1241426826-NSIDC_CUAT&granule_ur=ATL03_20200101145654_00900605_005_01.h5
1692904275,499,timing,elapsed_us,6,start_us,1692904275606916,stop_us,1692904275606922,http-nio-8080-exec-8:36[bes_client:/-1],set container in ngap values ngapContainer,collections/C1241426826-NSIDC_CUAT/granules/ATL03_20200101145654_00900605_005_01.h5; transmitting
1692904275,499,timing,elapsed_us,7,start_us,1692904275607719,stop_us,1692904275607726,http-nio-8080-exec-8:36[bes_client:/-1],define d1 in default as ngapContainer with ngapContainer.dap4constraint="/gt3r_heights_delta_time[6710118:149:8209976];/gt3r_heights_lat_ph[6710118:149:8209976];/gt3r_heights_lon_ph[6710118:149:8209976];/gt3r_heights_h_ph[6710118:149:8209976];/gt3r_heights_signal_conf_ph[6710118:149:8209976][0:1:4]"; transmitting
1692904278,499,timing,elapsed_us,138865,start_us,1692904278051947,stop_us,1692904278190812,-,DmrppArray::read_super_chunks_concurrent() -  name: gt3r_heights_lat_ph
1692904278,499,timing,elapsed_us,231,start_us,1692904278442516,stop_us,1692904278442747,-,BESInterface::execute_request
1692904278,499,timing,elapsed_us,2397338,start_us,1692904275608588,stop_us,1692904278005926,-,RemoteResource::get_url() - source url: https://data.nsidc.uat.earthdatacloud.nasa.gov/nsidc-cumulus-uat-protected/ATLAS/ATL03/005/2020/01/01/ATL03_20200101145654_00900605_005_01.h5.dmrpp
1692904278,499,timing,elapsed_us,25985,start_us,1692904278194606,stop_us,1692904278220591,-,DmrppArray::read_super_chunks_concurrent() -  name: gt3r_heights_signal_conf_ph
1692904278,499,timing,elapsed_us,260,start_us,1692904278442512,stop_us,1692904278442772,-,BESServerHandler::execute
1692904278,499,timing,elapsed_us,3059142,start_us,1692904275380776,stop_us,1692904278439918,-,BESInterface::execute_request
1692904278,499,timing,elapsed_us,3061748,start_us,1692904275380738,stop_us,1692904278442486,-,BESServerHandler::execute
1692904278,499,timing,elapsed_us,32642,start_us,1692904278406820,stop_us,1692904278439462,-,DmrppArray::read_super_chunks_concurrent() -  name: gt3r_heights_delta_time
1692904278,499,timing,elapsed_us,393064,start_us,1692904278046825,stop_us,1692904278439889,-,BESDapResponseBuilder::serialize_dap4_data() - Timer
1692904278,499,timing,elapsed_us,393382,start_us,1692904278046527,stop_us,1692904278439909,http-nio-8080-exec-8:36[bes_client:/-1],get dap for d1 return as dap2; transmitting
1692904278,499,timing,elapsed_us,6,start_us,1692904278442733,stop_us,1692904278442739,client: /-1:145,show status; transmitting
1692904278,499,timing,elapsed_us,82348,start_us,1692904278224164,stop_us,1692904278306512,-,DmrppArray::read_super_chunks_concurrent() -  name: gt3r_heights_h_ph
1692904278,499,timing,elapsed_us,92994,start_us,1692904278310097,stop_us,1692904278403091,-,DmrppArray::read_super_chunks_concurrent() -  name: gt3r_heights_lon_ph
1692904322,499,timing,elapsed_us,346950,start_us,1692904322273320,stop_us,1692904322620270,-,RemoteResource::get_url() - source url: https://cmr.uat.earthdata.nasa.gov/search/granules.umm_json_v1_4?collection_concept_id=C1241426826-NSIDC_CUAT&granule_ur=ATL03_20200101145654_00900605_005_01.h5
1692904322,499,timing,elapsed_us,6,start_us,1692904322621600,stop_us,1692904322621606,http-nio-8080-exec-3:31[bes_client:/-1],define d1 in default as ngapContainer with ngapContainer.dap4constraint="/gt3r_heights_delta_time[6710118:149:8209976];/gt3r_heights_lat_ph[6710118:149:8209976];/gt3r_heights_lon_ph[6710118:149:8209976];/gt3r_heights_h_ph[6710118:149:8209976];/gt3r_heights_signal_conf_ph[6710118:149:8209976][0:1:4]"; transmitting
1692904322,499,timing,elapsed_us,8,start_us,1692904322620784,stop_us,1692904322620792,http-nio-8080-exec-3:31[bes_client:/-1],set container in ngap values ngapContainer,collections/C1241426826-NSIDC_CUAT/granules/ATL03_20200101145654_00900605_005_01.h5; transmitting
1692904325,499,timing,elapsed_us,164011,start_us,1692904325064356,stop_us,1692904325228367,-,DmrppArray::read_super_chunks_concurrent() -  name: gt3r_heights_lat_ph
1692904325,499,timing,elapsed_us,228,start_us,1692904325491548,stop_us,1692904325491776,-,BESInterface::execute_request
1692904325,499,timing,elapsed_us,2397200,start_us,1692904322622476,stop_us,1692904325019676,-,RemoteResource::get_url() - source url: https://data.nsidc.uat.earthdatacloud.nasa.gov/nsidc-cumulus-uat-protected/ATLAS/ATL03/005/2020/01/01/ATL03_20200101145654_00900605_005_01.h5.dmrpp
1692904325,499,timing,elapsed_us,257,start_us,1692904325491544,stop_us,1692904325491801,-,BESServerHandler::execute
1692904325,499,timing,elapsed_us,28048,start_us,1692904325460423,stop_us,1692904325488471,-,DmrppArray::read_super_chunks_concurrent() -  name: gt3r_heights_delta_time
1692904325,499,timing,elapsed_us,3220319,start_us,1692904322268701,stop_us,1692904325489020,-,BESInterface::execute_request
1692904325,499,timing,elapsed_us,3222844,start_us,1692904322268678,stop_us,1692904325491522,-,BESServerHandler::execute
1692904325,499,timing,elapsed_us,429757,start_us,1692904325059232,stop_us,1692904325488989,-,BESDapResponseBuilder::serialize_dap4_data() - Timer
1692904325,499,timing,elapsed_us,430063,start_us,1692904325058946,stop_us,1692904325489009,http-nio-8080-exec-3:31[bes_client:/-1],get dap for d1 return as dap2; transmitting
1692904325,499,timing,elapsed_us,43786,start_us,1692904325232246,stop_us,1692904325276032,-,DmrppArray::read_super_chunks_concurrent() -  name: gt3r_heights_signal_conf_ph
1692904325,499,timing,elapsed_us,6,start_us,1692904325491763,stop_us,1692904325491769,client: /-1:147,show status; transmitting
1692904325,499,timing,elapsed_us,77261,start_us,1692904325279640,stop_us,1692904325356901,-,DmrppArray::read_super_chunks_concurrent() -  name: gt3r_heights_h_ph
1692904325,499,timing,elapsed_us,96280,start_us,1692904325360456,stop_us,1692904325456736,-,DmrppArray::read_super_chunks_concurrent() -  name: gt3r_heights_lon_ph
1692827183,1556,error,CredentialsManager::load_credentials() - CredentialsManager config file /etc/bes/credentials.conf was specified but is not present.1692827183,1557,error,CredentialsManager::load_credentials() - CredentialsManager config file /etc/bes/credentials.conf was specified but is not present.1692827183,499,timing,elapsed_us,294503,start_us,1692827183480982,stop_us,1692827183775485,-,RemoteResource::get_url() - source url: https://cmr.uat.earthdata.nasa.gov/search/granules.umm_json_v1_4?collection_concept_id=C1241426907-NSIDC_CUAT&granule_ur=ATL08_20200101020331_00820602_005_01.h5
1692827183,1556,timing,elapsed_us,449468,start_us,1692827183545056,stop_us,1692827183994524,-,RemoteResource::get_url() - source url: https://cmr.uat.earthdata.nasa.gov/search/granules.umm_json_v1_4?collection_concept_id=C1241426872-NSIDC_CUAT&granule_ur=ATL06_20200101020331_00820602_005_01.h5
1692827183,1556,timing,elapsed_us,5,start_us,1692827183994953,stop_us,1692827183994958,http-nio-8080-exec-2:30[bes_client:/-2],define d1 in default as ngapContainer with ngapContainer.dap4constraint="/orbit_info_rgt;/orbit_info_crossing_time;/gt3r_land_ice_segments_latitude[0:1:];/gt3r_land_ice_segments_longitude[0:1:];/gt3r_land_ice_segments_h_li[0:1:];/gt3r_land_ice_segments_delta_time[0:1:];/gt3l_land_ice_segments_latitude[0:1:];/gt3l_land_ice_segments_longitude[0:1:];/gt3l_land_ice_segments_h_li[0:1:];/gt3l_land_ice_segments_delta_time[0:1:];/gt2r_land_ice_segments_latitude[0:1:];/gt2r_land_ice_segments_longitude[0:1:];/gt2r_land_ice_segments_h_li[0:1:];/gt2r_land_ice_segments_delta_time[0:1:];/gt2l_land_ice_segments_latitude[0:1:];/gt2l_land_ice_segments_longitude[0:1:];/gt2l_land_ice_segments_h_li[0:1:];/gt2l_land_ice_segments_delta_time[0:1:];/gt1r_land_ice_segments_latitude[0:1:];/gt1r_land_ice_segments_longitude[0:1:];/gt1r_land_ice_segments_h_li[0:1:];/gt1r_land_ice_segments_delta_time[0:1:];/gt1l_land_ice_segments_latitude[0:1:];/gt1l_land_ice_segments_longitude[0:1:];/gt1l_land_ice_segments_h_li[0:1:];/gt1l_land_ice_segments_delta_time[0:1:]"; transmitting
1692827183,1556,timing,elapsed_us,7,start_us,1692827183994926,stop_us,1692827183994933,http-nio-8080-exec-2:30[bes_client:/-2],set container in ngap values ngapContainer,collections/C1241426872-NSIDC_CUAT/granules/ATL06_20200101020331_00820602_005_01.h5; transmitting
1692827190,1556,timing,elapsed_us,6575722,start_us,1692827183995816,stop_us,1692827190571538,-,RemoteResource::get_url() - source url: https://data.nsidc.uat.earthdatacloud.nasa.gov/nsidc-cumulus-uat-protected/ATLAS/ATL06/005/2020/01/01/ATL06_20200101020331_00820602_005_01.h5.dmrpp
1692827192,1556,timing,elapsed_us,2279635,start_us,1692827190583315,stop_us,1692827192862950,-,CurlUtils::retrieve_effective_url() -  Following Redirects Starting With: https://data.nsidc.uat.earthdatacloud.nasa.gov/nsidc-cumulus-uat-protected/ATLAS/ATL06/005/2020/01/01/ATL06_20200101020331_00820602_005_01.h5
1692827192,1556,timing,elapsed_us,2357650,start_us,1692827190583264,stop_us,1692827192940914,-,DmrppArray::read_contiguous() -  name: orbit_info_rgt
1692827193,1556,timing,elapsed_us,10325181,start_us,1692827183540761,stop_us,1692827193865942,-,BESInterface::execute_request
1692827193,1556,timing,elapsed_us,10326309,start_us,1692827183540686,stop_us,1692827193866995,-,BESServerHandler::execute
1692827193,1556,timing,elapsed_us,115025,start_us,1692827193478606,stop_us,1692827193593631,-,DmrppArray::read_super_chunks_unconstrained_concurrent() -  name: gt3r_land_ice_segments_latitude
1692827193,1556,timing,elapsed_us,152,start_us,1692827193997556,stop_us,1692827193997708,-,BESInterface::execute_request
1692827193,1556,timing,elapsed_us,17864,start_us,1692827193847849,stop_us,1692827193865713,-,DmrppArray::read_contiguous() -  name: orbit_info_crossing_time
1692827193,1556,timing,elapsed_us,18283,start_us,1692827193230951,stop_us,1692827193249234,-,DmrppArray::read_super_chunks_unconstrained_concurrent() -  name: gt3l_land_ice_segments_latitude
1692827193,1556,timing,elapsed_us,189,start_us,1692827193997546,stop_us,1692827193997735,-,BESServerHandler::execute
1692827193,1556,timing,elapsed_us,19057,start_us,1692827193100948,stop_us,1692827193120005,-,DmrppArray::read_super_chunks_unconstrained_concurrent() -  name: gt2r_land_ice_segments_h_li
1692827193,1556,timing,elapsed_us,19478,start_us,1692827193827966,stop_us,1692827193847444,-,DmrppArray::read_super_chunks_unconstrained_concurrent() -  name: gt3r_land_ice_segments_delta_time
1692827193,1556,timing,elapsed_us,20169,start_us,1692827193012505,stop_us,1692827193032674,-,DmrppArray::read_super_chunks_unconstrained_concurrent() -  name: gt1r_land_ice_segments_latitude
1692827193,1556,timing,elapsed_us,20331,start_us,1692827193055337,stop_us,1692827193075668,-,DmrppArray::read_super_chunks_unconstrained_concurrent() -  name: gt2r_land_ice_segments_longitude
1692827193,1556,timing,elapsed_us,20577,start_us,1692827193142122,stop_us,1692827193162699,-,DmrppArray::read_super_chunks_unconstrained_concurrent() -  name: gt1l_land_ice_segments_latitude
1692827193,1556,timing,elapsed_us,20923,start_us,1692827193249655,stop_us,1692827193270578,-,DmrppArray::read_super_chunks_unconstrained_concurrent() -  name: gt3l_land_ice_segments_h_li
1692827193,1556,timing,elapsed_us,21385,start_us,1692827193120285,stop_us,1692827193141670,-,DmrppArray::read_super_chunks_unconstrained_concurrent() -  name: gt1l_land_ice_segments_longitude
1692827193,1556,timing,elapsed_us,21772,start_us,1692827193033147,stop_us,1692827193054919,-,DmrppArray::read_super_chunks_unconstrained_concurrent() -  name: gt1r_land_ice_segments_h_li
1692827193,1556,timing,elapsed_us,21814,start_us,1692827193351826,stop_us,1692827193373640,-,DmrppArray::read_super_chunks_unconstrained_concurrent() -  name: gt2l_land_ice_segments_latitude
1692827193,1556,timing,elapsed_us,22271,start_us,1692827193805170,stop_us,1692827193827441,-,DmrppArray::read_super_chunks_unconstrained_concurrent() -  name: gt3l_land_ice_segments_delta_time
1692827193,1556,timing,elapsed_us,23252,start_us,1692827193696230,stop_us,1692827193719482,-,DmrppArray::read_super_chunks_unconstrained_concurrent() -  name: gt1r_land_ice_segments_delta_time
1692827193,1556,timing,elapsed_us,24241,start_us,1692827193076162,stop_us,1692827193100403,-,DmrppArray::read_super_chunks_unconstrained_concurrent() -  name: gt2r_land_ice_segments_latitude
1692827193,1556,timing,elapsed_us,29929,start_us,1692827193200478,stop_us,1692827193230407,-,DmrppArray::read_super_chunks_unconstrained_concurrent() -  name: gt3l_land_ice_segments_longitude
1692827193,1556,timing,elapsed_us,3284250,start_us,1692827190581664,stop_us,1692827193865914,-,BESDapResponseBuilder::serialize_dap4_data() - Timer
1692827193,1556,timing,elapsed_us,3284663,start_us,1692827190581268,stop_us,1692827193865931,http-nio-8080-exec-2:30[bes_client:/-2],get dap for d1 return as dap2; transmitting
1692827193,1556,timing,elapsed_us,37042,start_us,1692827193163164,stop_us,1692827193200206,-,DmrppArray::read_super_chunks_unconstrained_concurrent() -  name: gt1l_land_ice_segments_h_li
1692827193,1556,timing,elapsed_us,40100,start_us,1692827193438028,stop_us,1692827193478128,-,DmrppArray::read_super_chunks_unconstrained_concurrent() -  name: gt3r_land_ice_segments_longitude
1692827193,1556,timing,elapsed_us,41541,start_us,1692827193719972,stop_us,1692827193761513,-,DmrppArray::read_super_chunks_unconstrained_concurrent() -  name: gt2l_land_ice_segments_delta_time
1692827193,1556,timing,elapsed_us,42668,start_us,1692827193762040,stop_us,1692827193804708,-,DmrppArray::read_super_chunks_unconstrained_concurrent() -  name: gt2r_land_ice_segments_delta_time
1692827193,1556,timing,elapsed_us,44443,start_us,1692827193651252,stop_us,1692827193695695,-,DmrppArray::read_super_chunks_unconstrained_concurrent() -  name: gt1l_land_ice_segments_delta_time
1692827193,1556,timing,elapsed_us,56717,start_us,1692827193594180,stop_us,1692827193650897,-,DmrppArray::read_super_chunks_unconstrained_concurrent() -  name: gt3r_land_ice_segments_h_li
1692827193,1556,timing,elapsed_us,6,start_us,1692827193997689,stop_us,1692827193997695,client: /-2:1,show status; transmitting
1692827193,1556,timing,elapsed_us,63530,start_us,1692827193374160,stop_us,1692827193437690,-,DmrppArray::read_super_chunks_unconstrained_concurrent() -  name: gt2l_land_ice_segments_h_li
1692827193,1556,timing,elapsed_us,70449,start_us,1692827192941292,stop_us,1692827193011741,-,DmrppArray::read_super_chunks_unconstrained_concurrent() -  name: gt1r_land_ice_segments_longitude
1692827193,1556,timing,elapsed_us,80269,start_us,1692827193270959,stop_us,1692827193351228,-,DmrppArray::read_super_chunks_unconstrained_concurrent() -  name: gt2l_land_ice_segments_longitude
1692827201,1556,timing,elapsed_us,304423,start_us,1692827200746135,stop_us,1692827201050558,-,RemoteResource::get_url() - source url: https://cmr.uat.earthdata.nasa.gov/search/granules.umm_json_v1_4?collection_concept_id=C1241426872-NSIDC_CUAT&granule_ur=ATL06_20200101145654_00900605_005_01.h5
1692827201,1556,timing,elapsed_us,8,start_us,1692827201050993,stop_us,1692827201051001,http-nio-8080-exec-3:31[bes_client:/-2],set container in ngap values ngapContainer,collections/C1241426872-NSIDC_CUAT/granules/ATL06_20200101145654_00900605_005_01.h5; transmitting
1692827201,1556,timing,elapsed_us,8,start_us,1692827201051146,stop_us,1692827201051154,http-nio-8080-exec-3:31[bes_client:/-2],define d1 in default as ngapContainer with ngapContainer.dap4constraint="/orbit_info_rgt;/orbit_info_crossing_time;/gt3r_land_ice_segments_latitude[0:1:];/gt3r_land_ice_segments_longitude[0:1:];/gt3r_land_ice_segments_h_li[0:1:];/gt3r_land_ice_segments_delta_time[0:1:];/gt3l_land_ice_segments_latitude[0:1:];/gt3l_land_ice_segments_longitude[0:1:];/gt3l_land_ice_segments_h_li[0:1:];/gt3l_land_ice_segments_delta_time[0:1:];/gt2r_land_ice_segments_latitude[0:1:];/gt2r_land_ice_segments_longitude[0:1:];/gt2r_land_ice_segments_h_li[0:1:];/gt2r_land_ice_segments_delta_time[0:1:];/gt2l_land_ice_segments_latitude[0:1:];/gt2l_land_ice_segments_longitude[0:1:];/gt2l_land_ice_segments_h_li[0:1:];/gt2l_land_ice_segments_delta_time[0:1:];/gt1r_land_ice_segments_latitude[0:1:];/gt1r_land_ice_segments_longitude[0:1:];/gt1r_land_ice_segments_h_li[0:1:];/gt1r_land_ice_segments_delta_time[0:1:];/gt1l_land_ice_segments_latitude[0:1:];/gt1l_land_ice_segments_longitude[0:1:];/gt1l_land_ice_segments_h_li[0:1:];/gt1l_land_ice_segments_delta_time[0:1:]"; transmitting
1692827203,1556,timing,elapsed_us,2282302,start_us,1692827201052012,stop_us,1692827203334314,-,RemoteResource::get_url() - source url: https://data.nsidc.uat.earthdatacloud.nasa.gov/nsidc-cumulus-uat-protected/ATLAS/ATL06/005/2020/01/01/ATL06_20200101145654_00900605_005_01.h5.dmrpp
1692827205,1556,timing,elapsed_us,21999,start_us,1692827205891820,stop_us,1692827205913819,-,DmrppArray::read_super_chunks_unconstrained_concurrent() -  name: gt1r_land_ice_segments_h_li
1692827205,1556,timing,elapsed_us,2352252,start_us,1692827203344463,stop_us,1692827205696715,-,CurlUtils::retrieve_effective_url() -  Following Redirects Starting With: https://data.nsidc.uat.earthdatacloud.nasa.gov/nsidc-cumulus-uat-protected/ATLAS/ATL06/005/2020/01/01/ATL06_20200101145654_00900605_005_01.h5
1692827205,1556,timing,elapsed_us,23948,start_us,1692827205866661,stop_us,1692827205890609,-,DmrppArray::read_super_chunks_unconstrained_concurrent() -  name: gt1r_land_ice_segments_latitude
1692827205,1556,timing,elapsed_us,2435257,start_us,1692827203344422,stop_us,1692827205779679,-,DmrppArray::read_contiguous() -  name: orbit_info_rgt
1692827205,1556,timing,elapsed_us,29860,start_us,1692827205954151,stop_us,1692827205984011,-,DmrppArray::read_super_chunks_unconstrained_concurrent() -  name: gt2r_land_ice_segments_latitude
1692827205,1556,timing,elapsed_us,38442,start_us,1692827205914555,stop_us,1692827205952997,-,DmrppArray::read_super_chunks_unconstrained_concurrent() -  name: gt2r_land_ice_segments_longitude
1692827205,1556,timing,elapsed_us,85577,start_us,1692827205780034,stop_us,1692827205865611,-,DmrppArray::read_super_chunks_unconstrained_concurrent() -  name: gt1r_land_ice_segments_longitude
1692827206,1556,timing,elapsed_us,171,start_us,1692827206857655,stop_us,1692827206857826,-,BESInterface::execute_request
1692827206,1556,timing,elapsed_us,18305,start_us,1692827206732062,stop_us,1692827206750367,-,DmrppArray::read_contiguous() -  name: orbit_info_crossing_time
1692827206,1556,timing,elapsed_us,19610,start_us,1692827205985168,stop_us,1692827206004778,-,DmrppArray::read_super_chunks_unconstrained_concurrent() -  name: gt2r_land_ice_segments_h_li
1692827206,1556,timing,elapsed_us,211,start_us,1692827206857644,stop_us,1692827206857855,-,BESServerHandler::execute
1692827206,1556,timing,elapsed_us,22102,start_us,1692827206624994,stop_us,1692827206647096,-,DmrppArray::read_super_chunks_unconstrained_concurrent() -  name: gt2r_land_ice_segments_delta_time
1692827206,1556,timing,elapsed_us,23359,start_us,1692827206180342,stop_us,1692827206203701,-,DmrppArray::read_super_chunks_unconstrained_concurrent() -  name: gt3l_land_ice_segments_h_li
1692827206,1556,timing,elapsed_us,24051,start_us,1692827206005516,stop_us,1692827206029567,-,DmrppArray::read_super_chunks_unconstrained_concurrent() -  name: gt1l_land_ice_segments_longitude
1692827206,1556,timing,elapsed_us,24449,start_us,1692827206154676,stop_us,1692827206179125,-,DmrppArray::read_super_chunks_unconstrained_concurrent() -  name: gt3l_land_ice_segments_latitude
1692827206,1556,timing,elapsed_us,26968,start_us,1692827206288477,stop_us,1692827206315445,-,DmrppArray::read_super_chunks_unconstrained_concurrent() -  name: gt2l_land_ice_segments_h_li
1692827206,1556,timing,elapsed_us,3407692,start_us,1692827203342935,stop_us,1692827206750627,-,BESDapResponseBuilder::serialize_dap4_data() - Timer
1692827206,1556,timing,elapsed_us,3408104,start_us,1692827203342549,stop_us,1692827206750653,http-nio-8080-exec-3:31[bes_client:/-2],get dap for d1 return as dap2; transmitting
1692827206,1556,timing,elapsed_us,36138,start_us,1692827206540456,stop_us,1692827206576594,-,DmrppArray::read_super_chunks_unconstrained_concurrent() -  name: gt1r_land_ice_segments_delta_time
1692827206,1556,timing,elapsed_us,36882,start_us,1692827206072063,stop_us,1692827206108945,-,DmrppArray::read_super_chunks_unconstrained_concurrent() -  name: gt1l_land_ice_segments_h_li
1692827206,1556,timing,elapsed_us,39086,start_us,1692827206691923,stop_us,1692827206731009,-,DmrppArray::read_super_chunks_unconstrained_concurrent() -  name: gt3r_land_ice_segments_delta_time
1692827206,1556,timing,elapsed_us,40174,start_us,1692827206030633,stop_us,1692827206070807,-,DmrppArray::read_super_chunks_unconstrained_concurrent() -  name: gt1l_land_ice_segments_latitude
1692827206,1556,timing,elapsed_us,40355,start_us,1692827206316303,stop_us,1692827206356658,-,DmrppArray::read_super_chunks_unconstrained_concurrent() -  name: gt3r_land_ice_segments_longitude
1692827206,1556,timing,elapsed_us,40803,start_us,1692827206204472,stop_us,1692827206245275,-,DmrppArray::read_super_chunks_unconstrained_concurrent() -  name: gt2l_land_ice_segments_longitude
1692827206,1556,timing,elapsed_us,40994,start_us,1692827206246390,stop_us,1692827206287384,-,DmrppArray::read_super_chunks_unconstrained_concurrent() -  name: gt2l_land_ice_segments_latitude
1692827206,1556,timing,elapsed_us,42392,start_us,1692827206648259,stop_us,1692827206690651,-,DmrppArray::read_super_chunks_unconstrained_concurrent() -  name: gt3l_land_ice_segments_delta_time
1692827206,1556,timing,elapsed_us,42977,start_us,1692827206496303,stop_us,1692827206539280,-,DmrppArray::read_super_chunks_unconstrained_concurrent() -  name: gt1l_land_ice_segments_delta_time
1692827206,1556,timing,elapsed_us,43251,start_us,1692827206109721,stop_us,1692827206152972,-,DmrppArray::read_super_chunks_unconstrained_concurrent() -  name: gt3l_land_ice_segments_longitude
1692827206,1556,timing,elapsed_us,45569,start_us,1692827206578212,stop_us,1692827206623781,-,DmrppArray::read_super_chunks_unconstrained_concurrent() -  name: gt2l_land_ice_segments_delta_time
1692827206,1556,timing,elapsed_us,59869,start_us,1692827206435480,stop_us,1692827206495349,-,DmrppArray::read_super_chunks_unconstrained_concurrent() -  name: gt3r_land_ice_segments_h_li
1692827206,1556,timing,elapsed_us,6009897,start_us,1692827200740779,stop_us,1692827206750676,-,BESInterface::execute_request
1692827206,1556,timing,elapsed_us,6011305,start_us,1692827200740752,stop_us,1692827206752057,-,BESServerHandler::execute
1692827206,1556,timing,elapsed_us,76603,start_us,1692827206357722,stop_us,1692827206434325,-,DmrppArray::read_super_chunks_unconstrained_concurrent() -  name: gt3r_land_ice_segments_latitude
1692827206,1556,timing,elapsed_us,8,start_us,1692827206857804,stop_us,1692827206857812,client: /-2:3,show status; transmitting
1692827216,1556,timing,elapsed_us,11,start_us,1692827216762032,stop_us,1692827216762043,http-nio-8080-exec-2:30[bes_client:/-2],set container in ngap values ngapContainer,collections/C1241427013-NSIDC_CUAT/granules/ATL13_20200101125631_00890601_005_01.h5; transmitting
1692827216,1556,timing,elapsed_us,247962,start_us,1692827216512976,stop_us,1692827216760938,-,RemoteResource::get_url() - source url: https://cmr.uat.earthdata.nasa.gov/search/granules.umm_json_v1_4?collection_concept_id=C1241427013-NSIDC_CUAT&granule_ur=ATL13_20200101125631_00890601_005_01.h5
1692827216,1556,timing,elapsed_us,5,start_us,1692827216762222,stop_us,1692827216762227,http-nio-8080-exec-2:30[bes_client:/-2],define d1 in default as ngapContainer with ngapContainer.dap4constraint="/gt3r_rgt[0:1:];/gt3r_segment_lat[0:1:];/gt3r_segment_lon[0:1:];/gt3r_ht_ortho[0:1:];/gt3r_ht_water_surf[0:1:];/gt3l_rgt[0:1:];/gt3l_segment_lat[0:1:];/gt3l_segment_lon[0:1:];/gt3l_ht_ortho[0:1:];/gt3l_ht_water_surf[0:1:];/gt2r_rgt[0:1:];/gt2r_segment_lat[0:1:];/gt2r_segment_lon[0:1:];/gt2r_ht_ortho[0:1:];/gt2r_ht_water_surf[0:1:];/gt2l_rgt[0:1:];/gt2l_segment_lat[0:1:];/gt2l_segment_lon[0:1:];/gt2l_ht_ortho[0:1:];/gt2l_ht_water_surf[0:1:];/gt1r_rgt[0:1:];/gt1r_segment_lat[0:1:];/gt1r_segment_lon[0:1:];/gt1r_ht_ortho[0:1:];/gt1r_ht_water_surf[0:1:];/gt1l_rgt[0:1:];/gt1l_segment_lat[0:1:];/gt1l_segment_lon[0:1:];/gt1l_ht_ortho[0:1:];/gt1l_ht_water_surf[0:1:]"; transmitting
1692827219,1556,timing,elapsed_us,2351615,start_us,1692827216763052,stop_us,1692827219114667,-,RemoteResource::get_url() - source url: https://data.nsidc.uat.earthdatacloud.nasa.gov/nsidc-cumulus-uat-protected/ATLAS/ATL13/005/2020/01/ATL13_20200101125631_00890601_005_01.h5.dmrpp
1692827221,1556,timing,elapsed_us,2548232,start_us,1692827219126428,stop_us,1692827221674660,-,CurlUtils::retrieve_effective_url() -  Following Redirects Starting With: https://data.nsidc.uat.earthdatacloud.nasa.gov/nsidc-cumulus-uat-protected/ATLAS/ATL13/005/2020/01/ATL13_20200101125631_00890601_005_01.h5
1692827222,1556,timing,elapsed_us,124817,start_us,1692827222543265,stop_us,1692827222668082,-,DmrppArray::read_super_chunks_unconstrained_concurrent() -  name: gt1r_segment_lat
1692827222,1556,timing,elapsed_us,188946,start_us,1692827222765686,stop_us,1692827222954632,-,DmrppArray::read_super_chunks_unconstrained_concurrent() -  name: gt2r_rgt
1692827222,1556,timing,elapsed_us,198360,start_us,1692827222129318,stop_us,1692827222327678,-,DmrppArray::read_super_chunks_unconstrained_concurrent() -  name: gt1r_segment_lon
1692827222,1556,timing,elapsed_us,210770,start_us,1692827222330806,stop_us,1692827222541576,-,DmrppArray::read_super_chunks_unconstrained_concurrent() -  name: gt1r_ht_ortho
1692827222,1556,timing,elapsed_us,450732,start_us,1692827221677021,stop_us,1692827222127753,-,DmrppArray::read_super_chunks_unconstrained_concurrent() -  name: gt1r_rgt
1692827222,1556,timing,elapsed_us,92767,start_us,1692827222670852,stop_us,1692827222763619,-,DmrppArray::read_super_chunks_unconstrained_concurrent() -  name: gt1r_ht_water_surf
1692827223,1556,timing,elapsed_us,121034,start_us,1692827223591065,stop_us,1692827223712099,-,DmrppArray::read_super_chunks_unconstrained_concurrent() -  name: gt1l_ht_water_surf
1692827223,1556,timing,elapsed_us,126363,start_us,1692827223463918,stop_us,1692827223590281,-,DmrppArray::read_super_chunks_unconstrained_concurrent() -  name: gt1l_segment_lat
1692827223,1556,timing,elapsed_us,138347,start_us,1692827223152029,stop_us,1692827223290376,-,DmrppArray::read_super_chunks_unconstrained_concurrent() -  name: gt2r_ht_ortho
1692827223,1556,timing,elapsed_us,194026,start_us,1692827222955659,stop_us,1692827223149685,-,DmrppArray::read_super_chunks_unconstrained_concurrent() -  name: gt2r_segment_lon
1692827223,1556,timing,elapsed_us,22642,start_us,1692827223337998,stop_us,1692827223360640,-,DmrppArray::read_super_chunks_unconstrained_concurrent() -  name: gt2r_ht_water_surf
1692827223,1556,timing,elapsed_us,25507,start_us,1692827223361977,stop_us,1692827223387484,-,DmrppArray::read_super_chunks_unconstrained_concurrent() -  name: gt1l_rgt
1692827223,1556,timing,elapsed_us,36619,start_us,1692827223387876,stop_us,1692827223424495,-,DmrppArray::read_super_chunks_unconstrained_concurrent() -  name: gt1l_segment_lon
1692827223,1556,timing,elapsed_us,37916,start_us,1692827223425424,stop_us,1692827223463340,-,DmrppArray::read_super_chunks_unconstrained_concurrent() -  name: gt1l_ht_ortho
1692827223,1556,timing,elapsed_us,43809,start_us,1692827223291850,stop_us,1692827223335659,-,DmrppArray::read_super_chunks_unconstrained_concurrent() -  name: gt2r_segment_lat
1692827223,1556,timing,elapsed_us,92755,start_us,1692827223812866,stop_us,1692827223905621,-,DmrppArray::read_super_chunks_unconstrained_concurrent() -  name: gt3l_segment_lon
1692827223,1556,timing,elapsed_us,99685,start_us,1692827223712653,stop_us,1692827223812338,-,DmrppArray::read_super_chunks_unconstrained_concurrent() -  name: gt3l_rgt
1692827224,1556,timing,elapsed_us,128171,start_us,1692827224417581,stop_us,1692827224545752,-,DmrppArray::read_super_chunks_unconstrained_concurrent() -  name: gt2l_ht_ortho
1692827224,1556,timing,elapsed_us,136258,start_us,1692827223906493,stop_us,1692827224042751,-,DmrppArray::read_super_chunks_unconstrained_concurrent() -  name: gt3l_ht_ortho
1692827224,1556,timing,elapsed_us,157743,start_us,1692827224750956,stop_us,1692827224908699,-,DmrppArray::read_super_chunks_unconstrained_concurrent() -  name: gt3r_segment_lon
1692827224,1556,timing,elapsed_us,229291,start_us,1692827224043187,stop_us,1692827224272478,-,DmrppArray::read_super_chunks_unconstrained_concurrent() -  name: gt3l_segment_lat
1692827224,1556,timing,elapsed_us,40468,start_us,1692827224273371,stop_us,1692827224313839,-,DmrppArray::read_super_chunks_unconstrained_concurrent() -  name: gt3l_ht_water_surf
1692827224,1556,timing,elapsed_us,40882,start_us,1692827224375844,stop_us,1692827224416726,-,DmrppArray::read_super_chunks_unconstrained_concurrent() -  name: gt2l_segment_lon
1692827224,1556,timing,elapsed_us,52073,start_us,1692827224697609,stop_us,1692827224749682,-,DmrppArray::read_super_chunks_unconstrained_concurrent() -  name: gt3r_rgt
1692827224,1556,timing,elapsed_us,58433,start_us,1692827224638301,stop_us,1692827224696734,-,DmrppArray::read_super_chunks_unconstrained_concurrent() -  name: gt2l_ht_water_surf
1692827224,1556,timing,elapsed_us,61173,start_us,1692827224314278,stop_us,1692827224375451,-,DmrppArray::read_super_chunks_unconstrained_concurrent() -  name: gt2l_rgt
1692827224,1556,timing,elapsed_us,91263,start_us,1692827224546195,stop_us,1692827224637458,-,DmrppArray::read_super_chunks_unconstrained_concurrent() -  name: gt2l_segment_lat
1692827225,1556,timing,elapsed_us,10,start_us,1692827225288679,stop_us,1692827225288689,client: /-2:5,show status; transmitting
1692827225,1556,timing,elapsed_us,104515,start_us,1692827224911943,stop_us,1692827225016458,-,DmrppArray::read_super_chunks_unconstrained_concurrent() -  name: gt3r_ht_ortho
1692827225,1556,timing,elapsed_us,238,start_us,1692827225288474,stop_us,1692827225288712,-,BESInterface::execute_request
1692827225,1556,timing,elapsed_us,294,start_us,1692827225288451,stop_us,1692827225288745,-,BESServerHandler::execute
1692827225,1556,timing,elapsed_us,41368,start_us,1692827225119397,stop_us,1692827225160765,-,DmrppArray::read_super_chunks_unconstrained_concurrent() -  name: gt3r_ht_water_surf
1692827225,1556,timing,elapsed_us,6037229,start_us,1692827219124858,stop_us,1692827225162087,-,BESDapResponseBuilder::serialize_dap4_data() - Timer
1692827225,1556,timing,elapsed_us,6037618,start_us,1692827219124483,stop_us,1692827225162101,http-nio-8080-exec-2:30[bes_client:/-2],get dap for d1 return as dap2; transmitting
1692827225,1556,timing,elapsed_us,8653361,start_us,1692827216508747,stop_us,1692827225162108,-,BESInterface::execute_request
1692827225,1556,timing,elapsed_us,8655074,start_us,1692827216508718,stop_us,1692827225163792,-,BESServerHandler::execute
1692827225,1556,timing,elapsed_us,98432,start_us,1692827225018155,stop_us,1692827225116587,-,DmrppArray::read_super_chunks_unconstrained_concurrent() -  name: gt3r_segment_lat
1692828721,1556,timing,elapsed_us,234614,start_us,1692828721165961,stop_us,1692828721400575,-,RemoteResource::get_url() - source url: https://cmr.uat.earthdata.nasa.gov/search/granules.umm_json_v1_4?collection_concept_id=C1241426887-NSIDC_CUAT&granule_ur=ATL07-01_20200101015629_00820601_005_01.h5
1692828721,1556,timing,elapsed_us,9,start_us,1692828721401027,stop_us,1692828721401036,http-nio-8080-exec-7:35[bes_client:/-2],set container in ngap values ngapContainer,collections/C1241426887-NSIDC_CUAT/granules/ATL07-01_20200101015629_00820601_005_01.h5; transmitting
1692828721,1556,timing,elapsed_us,9,start_us,1692828721401227,stop_us,1692828721401236,http-nio-8080-exec-7:35[bes_client:/-2],define d1 in default as ngapContainer with ngapContainer.dap4constraint="/orbit_info_rgt;/orbit_info_crossing_time;/gt3r_sea_ice_segments_latitude[0:1024:];/gt3r_sea_ice_segments_longitude[0:1024:];/gt3r_sea_ice_segments_delta_time[0:1024:];/gt3l_sea_ice_segments_latitude[0:1024:];/gt3l_sea_ice_segments_longitude[0:1024:];/gt3l_sea_ice_segments_delta_time[0:1024:];/gt2r_sea_ice_segments_latitude[0:1024:];/gt2r_sea_ice_segments_longitude[0:1024:];/gt2r_sea_ice_segments_delta_time[0:1024:];/gt2l_sea_ice_segments_latitude[0:1024:];/gt2l_sea_ice_segments_longitude[0:1024:];/gt2l_sea_ice_segments_delta_time[0:1024:];/gt1r_sea_ice_segments_latitude[0:1024:];/gt1r_sea_ice_segments_longitude[0:1024:];/gt1r_sea_ice_segments_delta_time[0:1024:];/gt1l_sea_ice_segments_latitude[0:1024:];/gt1l_sea_ice_segments_longitude[0:1024:];/gt1l_sea_ice_segments_delta_time[0:1024:]"; transmitting
1692828723,1556,timing,elapsed_us,2318914,start_us,1692828721402115,stop_us,1692828723721029,-,RemoteResource::get_url() - source url: https://data.nsidc.uat.earthdatacloud.nasa.gov/nsidc-cumulus-uat-protected/ATLAS/ATL07/005/2020/01/01/ATL07-01_20200101015629_00820601_005_01.h5.dmrpp
1692828726,1556,timing,elapsed_us,114681,start_us,1692828726386036,stop_us,1692828726500717,-,DmrppArray::read_super_chunks_concurrent() -  name: gt2r_sea_ice_segments_longitude
1692828726,1556,timing,elapsed_us,163347,start_us,1692828726737879,stop_us,1692828726901226,-,DmrppArray::read_super_chunks_concurrent() -  name: gt1l_sea_ice_segments_longitude
1692828726,1556,timing,elapsed_us,173682,start_us,1692828726211465,stop_us,1692828726385147,-,DmrppArray::read_super_chunks_concurrent() -  name: gt1r_sea_ice_segments_latitude
1692828726,1556,timing,elapsed_us,2305741,start_us,1692828723739415,stop_us,1692828726045156,-,CurlUtils::retrieve_effective_url() -  Following Redirects Starting With: https://data.nsidc.uat.earthdatacloud.nasa.gov/nsidc-cumulus-uat-protected/ATLAS/ATL07/005/2020/01/01/ATL07-01_20200101015629_00820601_005_01.h5
1692828726,1556,timing,elapsed_us,235040,start_us,1692828726501730,stop_us,1692828726736770,-,DmrppArray::read_super_chunks_concurrent() -  name: gt2r_sea_ice_segments_latitude
1692828726,1556,timing,elapsed_us,2376984,start_us,1692828723739354,stop_us,1692828726116338,-,DmrppArray::read_contiguous() -  name: orbit_info_rgt
1692828726,1556,timing,elapsed_us,89557,start_us,1692828726902285,stop_us,1692828726991842,-,DmrppArray::read_super_chunks_concurrent() -  name: gt1l_sea_ice_segments_latitude
1692828726,1556,timing,elapsed_us,92846,start_us,1692828726117511,stop_us,1692828726210357,-,DmrppArray::read_super_chunks_concurrent() -  name: gt1r_sea_ice_segments_longitude
1692828727,1556,timing,elapsed_us,116316,start_us,1692828727115563,stop_us,1692828727231879,-,DmrppArray::read_super_chunks_concurrent() -  name: gt3l_sea_ice_segments_latitude
1692828727,1556,timing,elapsed_us,121369,start_us,1692828726993003,stop_us,1692828727114372,-,DmrppArray::read_super_chunks_concurrent() -  name: gt3l_sea_ice_segments_longitude
1692828727,1556,timing,elapsed_us,134,start_us,1692828727800019,stop_us,1692828727800153,-,BESInterface::execute_request
1692828727,1556,timing,elapsed_us,161,start_us,1692828727800015,stop_us,1692828727800176,-,BESServerHandler::execute
1692828727,1556,timing,elapsed_us,19294,start_us,1692828727779216,stop_us,1692828727798510,-,DmrppArray::read_contiguous() -  name: orbit_info_crossing_time
1692828727,1556,timing,elapsed_us,32986,start_us,1692828727597571,stop_us,1692828727630557,-,DmrppArray::read_super_chunks_concurrent() -  name: gt2l_sea_ice_segments_delta_time
1692828727,1556,timing,elapsed_us,35621,start_us,1692828727502901,stop_us,1692828727538522,-,DmrppArray::read_super_chunks_concurrent() -  name: gt1l_sea_ice_segments_delta_time
1692828727,1556,timing,elapsed_us,4060717,start_us,1692828723738038,stop_us,1692828727798755,-,BESDapResponseBuilder::serialize_dap4_data() - Timer
1692828727,1556,timing,elapsed_us,4061116,start_us,1692828723737653,stop_us,1692828727798769,http-nio-8080-exec-7:35[bes_client:/-2],get dap for d1 return as dap2; transmitting
1692828727,1556,timing,elapsed_us,41853,start_us,1692828727676230,stop_us,1692828727718083,-,DmrppArray::read_super_chunks_concurrent() -  name: gt3l_sea_ice_segments_delta_time
1692828727,1556,timing,elapsed_us,43190,start_us,1692828727631656,stop_us,1692828727674846,-,DmrppArray::read_super_chunks_concurrent() -  name: gt2r_sea_ice_segments_delta_time
1692828727,1556,timing,elapsed_us,55124,start_us,1692828727387297,stop_us,1692828727442421,-,DmrppArray::read_super_chunks_concurrent() -  name: gt3r_sea_ice_segments_longitude
1692828727,1556,timing,elapsed_us,57171,start_us,1692828727539531,stop_us,1692828727596702,-,DmrppArray::read_super_chunks_concurrent() -  name: gt1r_sea_ice_segments_delta_time
1692828727,1556,timing,elapsed_us,58055,start_us,1692828727443705,stop_us,1692828727501760,-,DmrppArray::read_super_chunks_concurrent() -  name: gt3r_sea_ice_segments_latitude
1692828727,1556,timing,elapsed_us,59925,start_us,1692828727719187,stop_us,1692828727779112,-,DmrppArray::read_super_chunks_concurrent() -  name: gt3r_sea_ice_segments_delta_time
1692828727,1556,timing,elapsed_us,6638002,start_us,1692828721160775,stop_us,1692828727798777,-,BESInterface::execute_request
1692828727,1556,timing,elapsed_us,6639257,start_us,1692828721160738,stop_us,1692828727799995,-,BESServerHandler::execute
1692828727,1556,timing,elapsed_us,7,start_us,1692828727800139,stop_us,1692828727800146,client: /-2:7,show status; transmitting
1692828727,1556,timing,elapsed_us,71010,start_us,1692828727315191,stop_us,1692828727386201,-,DmrppArray::read_super_chunks_concurrent() -  name: gt2l_sea_ice_segments_latitude
1692828727,1556,timing,elapsed_us,81460,start_us,1692828727232876,stop_us,1692828727314336,-,DmrppArray::read_super_chunks_concurrent() -  name: gt2l_sea_ice_segments_longitude
1692829292,1556,timing,elapsed_us,254204,start_us,1692829292650042,stop_us,1692829292904246,-,RemoteResource::get_url() - source url: https://cmr.uat.earthdata.nasa.gov/search/granules.umm_json_v1_4?collection_concept_id=C1259239346-POCUMULUS&granule_ur=20230821140000-STAR-L2P_GHRSST-SSTsubskin-AHI_H09-ACSPO_V2.90-v02.0-fv01.0
1692829292,1556,timing,elapsed_us,7,start_us,1692829292904571,stop_us,1692829292904578,http-nio-8080-exec-7:35[bes_client:/-2],set container in ngap values ngapContainer,collections/C1259239346-POCUMULUS/granules/20230821140000-STAR-L2P_GHRSST-SSTsubskin-AHI_H09-ACSPO_V2.90-v02.0-fv01.0; transmitting
1692829292,1556,timing,elapsed_us,7,start_us,1692829292904888,stop_us,1692829292904895,http-nio-8080-exec-7:35[bes_client:/-2],define d1 in default as ngapContainer; transmitting
1692829295,1556,timing,elapsed_us,10,start_us,1692829295191366,stop_us,1692829295191376,-,BESDapResponseBuilder::dap4_process_ce_for_intern_data() - Timer
1692829295,1556,timing,elapsed_us,2282473,start_us,1692829292906855,stop_us,1692829295189328,-,RemoteResource::get_url() - source url: https://archive.podaac.sit.earthdata.nasa.gov/podaac-sit-cumulus-protected/H09-AHI-L2P-ACSPO-v2.90/20230821140000-STAR-L2P_GHRSST-SSTsubskin-AHI_H09-ACSPO_V2.90-v02.0-fv01.0.nc.dmrpp
1692829297,1556,timing,elapsed_us,134271,start_us,1692829297630448,stop_us,1692829297764719,-,DmrppArray::read_super_chunks_unconstrained_concurrent() -  name: brightness_temperature_11um2
1692829297,1556,timing,elapsed_us,16441,start_us,1692829297613273,stop_us,1692829297629714,-,DmrppArray::read_contiguous() -  name: ni
1692829297,1556,timing,elapsed_us,22500,start_us,1692829297590649,stop_us,1692829297613149,-,DmrppArray::read_contiguous() -  name: time
1692829297,1556,timing,elapsed_us,2324285,start_us,1692829295199997,stop_us,1692829297524282,-,CurlUtils::retrieve_effective_url() -  Following Redirects Starting With: https://archive.podaac.sit.earthdata.nasa.gov/podaac-sit-cumulus-protected/H09-AHI-L2P-ACSPO-v2.90/20230821140000-STAR-L2P_GHRSST-SSTsubskin-AHI_H09-ACSPO_V2.90-v02.0-fv01.0.nc
1692829297,1556,timing,elapsed_us,2390568,start_us,1692829295199888,stop_us,1692829297590456,-,DmrppArray::read_contiguous() -  name: nj
1692829298,1556,timing,elapsed_us,103362,start_us,1692829298458744,stop_us,1692829298562106,-,DmrppArray::read_super_chunks_unconstrained_concurrent() -  name: brightness_temperature_08um6
1692829299,1556,timing,elapsed_us,115392,start_us,1692829299256748,stop_us,1692829299372140,-,DmrppArray::read_super_chunks_unconstrained_concurrent() -  name: sst_dtime
1692829300,1556,timing,elapsed_us,115147,start_us,1692829300861340,stop_us,1692829300976487,-,DmrppArray::read_super_chunks_unconstrained_concurrent() -  name: sea_surface_temperature
1692829300,1556,timing,elapsed_us,159106,start_us,1692829299933746,stop_us,1692829300092852,-,DmrppArray::read_super_chunks_unconstrained_concurrent() -  name: sst_front_position
1692829300,1556,timing,elapsed_us,51456,start_us,1692829300265646,stop_us,1692829300317102,-,DmrppArray::read_super_chunks_unconstrained_concurrent() -  name: l2p_flags
1692829301,1556,timing,elapsed_us,97259,start_us,1692829301668740,stop_us,1692829301765999,-,DmrppArray::read_super_chunks_unconstrained_concurrent() -  name: quality_level
1692829302,1556,timing,elapsed_us,101658,start_us,1692829301968662,stop_us,1692829302070320,-,DmrppArray::read_super_chunks_unconstrained_concurrent() -  name: dt_analysis
1692829302,1556,timing,elapsed_us,107756,start_us,1692829302762892,stop_us,1692829302870648,-,DmrppArray::read_super_chunks_unconstrained_concurrent() -  name: brightness_temperature_12um3
1692829303,1556,timing,elapsed_us,110778,start_us,1692829303561592,stop_us,1692829303672370,-,DmrppArray::read_super_chunks_unconstrained_concurrent() -  name: satellite_zenith_angle
1692829304,1556,timing,elapsed_us,39458,start_us,1692829304376763,stop_us,1692829304416221,-,DmrppArray::read_super_chunks_unconstrained_concurrent() -  name: sst_gradient_magnitude
1692829305,1556,timing,elapsed_us,110571,start_us,1692829305300678,stop_us,1692829305411249,-,DmrppArray::read_super_chunks_unconstrained_concurrent() -  name: brightness_temperature_10um4
1692829305,1556,timing,elapsed_us,91822,start_us,1692829304947366,stop_us,1692829305039188,-,DmrppArray::read_super_chunks_unconstrained_concurrent() -  name: wind_speed
1692829306,1556,timing,elapsed_us,60554,start_us,1692829306430156,stop_us,1692829306490710,-,DmrppArray::read_super_chunks_unconstrained_concurrent() -  name: sses_standard_deviation
1692829306,1556,timing,elapsed_us,64104,start_us,1692829306103440,stop_us,1692829306167544,-,DmrppArray::read_super_chunks_unconstrained_concurrent() -  name: sses_bias
1692829310,1556,timing,elapsed_us,15024398,start_us,1692829295191263,stop_us,1692829310215661,http-nio-8080-exec-7:35[bes_client:/-2],get dap for d1 return as netcdf-4; transmitting
1692829310,1556,timing,elapsed_us,17574931,start_us,1692829292640770,stop_us,1692829310215701,-,BESInterface::execute_request
1692829310,1556,timing,elapsed_us,17574996,start_us,1692829292640733,stop_us,1692829310215729,-,BESServerHandler::execute
1692829310,1556,timing,elapsed_us,253,start_us,1692829310640807,stop_us,1692829310641060,-,BESInterface::execute_request
1692829310,1556,timing,elapsed_us,311,start_us,1692829310640794,stop_us,1692829310641105,-,BESServerHandler::execute
1692829310,1556,timing,elapsed_us,8,start_us,1692829310641036,stop_us,1692829310641044,client: /-2:9,show status; transmitting
1692829359,1556,timing,elapsed_us,213734,start_us,1692829359009336,stop_us,1692829359223070,-,RemoteResource::get_url() - source url: https://cmr.uat.earthdata.nasa.gov/search/granules.umm_json_v1_4?collection_concept_id=C1241426887-NSIDC_CUAT&granule_ur=ATL07-01_20200101015629_00820601_005_01.h5
1692829359,1556,timing,elapsed_us,7,start_us,1692829359223512,stop_us,1692829359223519,http-nio-8080-exec-6:34[bes_client:/-2],set container in ngap values ngapContainer,collections/C1241426887-NSIDC_CUAT/granules/ATL07-01_20200101015629_00820601_005_01.h5; transmitting
1692829359,1556,timing,elapsed_us,8,start_us,1692829359223588,stop_us,1692829359223596,http-nio-8080-exec-6:34[bes_client:/-2],define d1 in default as ngapContainer with ngapContainer.dap4constraint="/orbit_info_rgt;/orbit_info_crossing_time;/gt3r_sea_ice_segments_latitude[0:1024:];/gt3r_sea_ice_segments_longitude[0:1024:];/gt3r_sea_ice_segments_delta_time[0:1024:];/gt3l_sea_ice_segments_latitude[0:1024:];/gt3l_sea_ice_segments_longitude[0:1024:];/gt3l_sea_ice_segments_delta_time[0:1024:];/gt2r_sea_ice_segments_latitude[0:1024:];/gt2r_sea_ice_segments_longitude[0:1024:];/gt2r_sea_ice_segments_delta_time[0:1024:];/gt2l_sea_ice_segments_latitude[0:1024:];/gt2l_sea_ice_segments_longitude[0:1024:];/gt2l_sea_ice_segments_delta_time[0:1024:];/gt1r_sea_ice_segments_latitude[0:1024:];/gt1r_sea_ice_segments_longitude[0:1024:];/gt1r_sea_ice_segments_delta_time[0:1024:];/gt1l_sea_ice_segments_latitude[0:1024:];/gt1l_sea_ice_segments_longitude[0:1024:];/gt1l_sea_ice_segments_delta_time[0:1024:]"; transmitting
1692829361,1556,timing,elapsed_us,115536,start_us,1692829361641677,stop_us,1692829361757213,-,DmrppArray::read_super_chunks_concurrent() -  name: gt1r_sea_ice_segments_longitude
1692829361,1556,timing,elapsed_us,2317892,start_us,1692829359224494,stop_us,1692829361542386,-,RemoteResource::get_url() - source url: https://data.nsidc.uat.earthdatacloud.nasa.gov/nsidc-cumulus-uat-protected/ATLAS/ATL07/005/2020/01/01/ATL07-01_20200101015629_00820601_005_01.h5.dmrpp
1692829361,1556,timing,elapsed_us,40319,start_us,1692829361808125,stop_us,1692829361848444,-,DmrppArray::read_super_chunks_concurrent() -  name: gt2r_sea_ice_segments_longitude
1692829361,1556,timing,elapsed_us,42972,start_us,1692829361849366,stop_us,1692829361892338,-,DmrppArray::read_super_chunks_concurrent() -  name: gt2r_sea_ice_segments_latitude
1692829361,1556,timing,elapsed_us,43314,start_us,1692829361893404,stop_us,1692829361936718,-,DmrppArray::read_super_chunks_concurrent() -  name: gt1l_sea_ice_segments_longitude
1692829361,1556,timing,elapsed_us,43482,start_us,1692829361937693,stop_us,1692829361981175,-,DmrppArray::read_super_chunks_concurrent() -  name: gt1l_sea_ice_segments_latitude
1692829361,1556,timing,elapsed_us,48766,start_us,1692829361758349,stop_us,1692829361807115,-,DmrppArray::read_super_chunks_concurrent() -  name: gt1r_sea_ice_segments_latitude
1692829361,1556,timing,elapsed_us,79883,start_us,1692829361560701,stop_us,1692829361640584,-,DmrppArray::read_contiguous() -  name: orbit_info_rgt
1692829362,1556,timing,elapsed_us,1110520,start_us,1692829361559357,stop_us,1692829362669877,-,BESDapResponseBuilder::serialize_dap4_data() - Timer
1692829362,1556,timing,elapsed_us,1110897,start_us,1692829361558995,stop_us,1692829362669892,http-nio-8080-exec-6:34[bes_client:/-2],get dap for d1 return as dap2; transmitting
1692829362,1556,timing,elapsed_us,150,start_us,1692829362671254,stop_us,1692829362671404,-,BESInterface::execute_request
1692829362,1556,timing,elapsed_us,195,start_us,1692829362671250,stop_us,1692829362671445,-,BESServerHandler::execute
1692829362,1556,timing,elapsed_us,27617,start_us,1692829362641995,stop_us,1692829362669612,-,DmrppArray::read_contiguous() -  name: orbit_info_crossing_time
1692829362,1556,timing,elapsed_us,32410,start_us,1692829362453102,stop_us,1692829362485512,-,DmrppArray::read_super_chunks_concurrent() -  name: gt2l_sea_ice_segments_delta_time
1692829362,1556,timing,elapsed_us,3665170,start_us,1692829359004729,stop_us,1692829362669899,-,BESInterface::execute_request
1692829362,1556,timing,elapsed_us,3666534,start_us,1692829359004698,stop_us,1692829362671232,-,BESServerHandler::execute
1692829362,1556,timing,elapsed_us,43339,start_us,1692829362408764,stop_us,1692829362452103,-,DmrppArray::read_super_chunks_concurrent() -  name: gt1r_sea_ice_segments_delta_time
1692829362,1556,timing,elapsed_us,44299,start_us,1692829361982176,stop_us,1692829362026475,-,DmrppArray::read_super_chunks_concurrent() -  name: gt3l_sea_ice_segments_longitude
1692829362,1556,timing,elapsed_us,49574,start_us,1692829362540221,stop_us,1692829362589795,-,DmrppArray::read_super_chunks_concurrent() -  name: gt3l_sea_ice_segments_delta_time
1692829362,1556,timing,elapsed_us,50693,start_us,1692829362089597,stop_us,1692829362140290,-,DmrppArray::read_super_chunks_concurrent() -  name: gt2l_sea_ice_segments_longitude
1692829362,1556,timing,elapsed_us,50870,start_us,1692829362590986,stop_us,1692829362641856,-,DmrppArray::read_super_chunks_concurrent() -  name: gt3r_sea_ice_segments_delta_time
1692829362,1556,timing,elapsed_us,52677,start_us,1692829362486420,stop_us,1692829362539097,-,DmrppArray::read_super_chunks_concurrent() -  name: gt2r_sea_ice_segments_delta_time
1692829362,1556,timing,elapsed_us,55629,start_us,1692829362141196,stop_us,1692829362196825,-,DmrppArray::read_super_chunks_concurrent() -  name: gt2l_sea_ice_segments_latitude
1692829362,1556,timing,elapsed_us,6,start_us,1692829362671391,stop_us,1692829362671397,client: /-2:11,show status; transmitting
1692829362,1556,timing,elapsed_us,61122,start_us,1692829362027665,stop_us,1692829362088787,-,DmrppArray::read_super_chunks_concurrent() -  name: gt3l_sea_ice_segments_latitude
1692829362,1556,timing,elapsed_us,61842,start_us,1692829362281495,stop_us,1692829362343337,-,DmrppArray::read_super_chunks_concurrent() -  name: gt3r_sea_ice_segments_latitude
1692829362,1556,timing,elapsed_us,62969,start_us,1692829362344509,stop_us,1692829362407478,-,DmrppArray::read_super_chunks_concurrent() -  name: gt1l_sea_ice_segments_delta_time
1692829362,1556,timing,elapsed_us,82272,start_us,1692829362197851,stop_us,1692829362280123,-,DmrppArray::read_super_chunks_concurrent() -  name: gt3r_sea_ice_segments_longitude
1692829398,1556,timing,elapsed_us,325196,start_us,1692829397721081,stop_us,1692829398046277,-,RemoteResource::get_url() - source url: https://cmr.uat.earthdata.nasa.gov/search/granules.umm_json_v1_4?collection_concept_id=C1241426887-NSIDC_CUAT&granule_ur=ATL07-01_20200101015629_00820601_005_01.h5
1692829398,1556,timing,elapsed_us,7,start_us,1692829398047048,stop_us,1692829398047055,http-nio-8080-exec-7:35[bes_client:/-2],define d1 in default as ngapContainer with ngapContainer.dap4constraint="/orbit_info_rgt;/orbit_info_crossing_time;/gt3r_sea_ice_segments_latitude[0:1024:];/gt3r_sea_ice_segments_longitude[0:1024:];/gt3r_sea_ice_segments_delta_time[0:1024:];/gt3l_sea_ice_segments_latitude[0:1024:];/gt3l_sea_ice_segments_longitude[0:1024:];/gt3l_sea_ice_segments_delta_time[0:1024:];/gt2r_sea_ice_segments_latitude[0:1024:];/gt2r_sea_ice_segments_longitude[0:1024:];/gt2r_sea_ice_segments_delta_time[0:1024:];/gt2l_sea_ice_segments_latitude[0:1024:];/gt2l_sea_ice_segments_longitude[0:1024:];/gt2l_sea_ice_segments_delta_time[0:1024:];/gt1r_sea_ice_segments_latitude[0:1024:];/gt1r_sea_ice_segments_longitude[0:1024:];/gt1r_sea_ice_segments_delta_time[0:1024:];/gt1l_sea_ice_segments_latitude[0:1024:];/gt1l_sea_ice_segments_longitude[0:1024:];/gt1l_sea_ice_segments_delta_time[0:1024:]"; transmitting
1692829398,1556,timing,elapsed_us,8,start_us,1692829398046732,stop_us,1692829398046740,http-nio-8080-exec-7:35[bes_client:/-2],set container in ngap values ngapContainer,collections/C1241426887-NSIDC_CUAT/granules/ATL07-01_20200101015629_00820601_005_01.h5; transmitting
1692829400,1556,timing,elapsed_us,181543,start_us,1692829400474671,stop_us,1692829400656214,-,DmrppArray::read_super_chunks_concurrent() -  name: gt1r_sea_ice_segments_longitude
1692829400,1556,timing,elapsed_us,2370440,start_us,1692829398047950,stop_us,1692829400418390,-,RemoteResource::get_url() - source url: https://data.nsidc.uat.earthdatacloud.nasa.gov/nsidc-cumulus-uat-protected/ATLAS/ATL07/005/2020/01/01/ATL07-01_20200101015629_00820601_005_01.h5.dmrpp
1692829400,1556,timing,elapsed_us,38108,start_us,1692829400435023,stop_us,1692829400473131,-,DmrppArray::read_contiguous() -  name: orbit_info_rgt
1692829400,1556,timing,elapsed_us,42410,start_us,1692829400887204,stop_us,1692829400929614,-,DmrppArray::read_super_chunks_concurrent() -  name: gt1l_sea_ice_segments_longitude
1692829400,1556,timing,elapsed_us,43560,start_us,1692829400842694,stop_us,1692829400886254,-,DmrppArray::read_super_chunks_concurrent() -  name: gt2r_sea_ice_segments_latitude
1692829400,1556,timing,elapsed_us,72695,start_us,1692829400930587,stop_us,1692829401003282,-,DmrppArray::read_super_chunks_concurrent() -  name: gt1l_sea_ice_segments_latitude
1692829400,1556,timing,elapsed_us,86045,start_us,1692829400755704,stop_us,1692829400841749,-,DmrppArray::read_super_chunks_concurrent() -  name: gt2r_sea_ice_segments_longitude
1692829400,1556,timing,elapsed_us,97207,start_us,1692829400657494,stop_us,1692829400754701,-,DmrppArray::read_super_chunks_concurrent() -  name: gt1r_sea_ice_segments_latitude
1692829401,1556,timing,elapsed_us,1348143,start_us,1692829400433739,stop_us,1692829401781882,-,BESDapResponseBuilder::serialize_dap4_data() - Timer
1692829401,1556,timing,elapsed_us,1348538,start_us,1692829400433373,stop_us,1692829401781911,http-nio-8080-exec-7:35[bes_client:/-2],get dap for d1 return as dap2; transmitting
1692829401,1556,timing,elapsed_us,155,start_us,1692829401783463,stop_us,1692829401783618,-,BESInterface::execute_request
1692829401,1556,timing,elapsed_us,174734,start_us,1692829401316681,stop_us,1692829401491415,-,DmrppArray::read_super_chunks_concurrent() -  name: gt3r_sea_ice_segments_latitude
1692829401,1556,timing,elapsed_us,182,start_us,1692829401783459,stop_us,1692829401783641,-,BESServerHandler::execute
1692829401,1556,timing,elapsed_us,25214,start_us,1692829401756411,stop_us,1692829401781625,-,DmrppArray::read_contiguous() -  name: orbit_info_crossing_time
1692829401,1556,timing,elapsed_us,33178,start_us,1692829401623327,stop_us,1692829401656505,-,DmrppArray::read_super_chunks_concurrent() -  name: gt2r_sea_ice_segments_delta_time
1692829401,1556,timing,elapsed_us,34976,start_us,1692829401587281,stop_us,1692829401622257,-,DmrppArray::read_super_chunks_concurrent() -  name: gt2l_sea_ice_segments_delta_time
1692829401,1556,timing,elapsed_us,36950,start_us,1692829401492558,stop_us,1692829401529508,-,DmrppArray::read_super_chunks_concurrent() -  name: gt1l_sea_ice_segments_delta_time
1692829401,1556,timing,elapsed_us,39723,start_us,1692829401716576,stop_us,1692829401756299,-,DmrppArray::read_super_chunks_concurrent() -  name: gt3r_sea_ice_segments_delta_time
1692829401,1556,timing,elapsed_us,4065181,start_us,1692829397716746,stop_us,1692829401781927,-,BESInterface::execute_request
1692829401,1556,timing,elapsed_us,4066725,start_us,1692829397716714,stop_us,1692829401783439,-,BESServerHandler::execute
1692829401,1556,timing,elapsed_us,44305,start_us,1692829401074470,stop_us,1692829401118775,-,DmrppArray::read_super_chunks_concurrent() -  name: gt3l_sea_ice_segments_latitude
1692829401,1556,timing,elapsed_us,51959,start_us,1692829401119690,stop_us,1692829401171649,-,DmrppArray::read_super_chunks_concurrent() -  name: gt2l_sea_ice_segments_longitude
1692829401,1556,timing,elapsed_us,54975,start_us,1692829401172550,stop_us,1692829401227525,-,DmrppArray::read_super_chunks_concurrent() -  name: gt2l_sea_ice_segments_latitude
1692829401,1556,timing,elapsed_us,55899,start_us,1692829401530526,stop_us,1692829401586425,-,DmrppArray::read_super_chunks_concurrent() -  name: gt1r_sea_ice_segments_delta_time
1692829401,1556,timing,elapsed_us,57896,start_us,1692829401657673,stop_us,1692829401715569,-,DmrppArray::read_super_chunks_concurrent() -  name: gt3l_sea_ice_segments_delta_time
1692829401,1556,timing,elapsed_us,6,start_us,1692829401783604,stop_us,1692829401783610,client: /-2:13,show status; transmitting
1692829401,1556,timing,elapsed_us,68875,start_us,1692829401004462,stop_us,1692829401073337,-,DmrppArray::read_super_chunks_concurrent() -  name: gt3l_sea_ice_segments_longitude
1692829401,1556,timing,elapsed_us,86891,start_us,1692829401228711,stop_us,1692829401315602,-,DmrppArray::read_super_chunks_concurrent() -  name: gt3r_sea_ice_segments_longitude
1692834390,1556,timing,elapsed_us,217521,start_us,1692834390106156,stop_us,1692834390323677,-,RemoteResource::get_url() - source url: https://cmr.uat.earthdata.nasa.gov/search/granules.umm_json_v1_4?collection_concept_id=C1259239381-POCUMULUS&granule_ur=20230821130000-STAR-L3C_GHRSST-SSTsubskin-AHI_H09-ACSPO_V2.90-v02.0-fv01.0
1692834390,1556,timing,elapsed_us,6,start_us,1692834390324033,stop_us,1692834390324039,http-nio-8080-exec-2:30[bes_client:/-2],set container in ngap values ngapContainer,collections/C1259239381-POCUMULUS/granules/20230821130000-STAR-L3C_GHRSST-SSTsubskin-AHI_H09-ACSPO_V2.90-v02.0-fv01.0; transmitting
1692834390,1556,timing,elapsed_us,6,start_us,1692834390324337,stop_us,1692834390324343,http-nio-8080-exec-2:30[bes_client:/-2],define d1 in default as ngapContainer; transmitting
1692834392,1556,timing,elapsed_us,2336974,start_us,1692834390325661,stop_us,1692834392662635,-,RemoteResource::get_url() - source url: https://archive.podaac.sit.earthdata.nasa.gov/podaac-sit-cumulus-protected/H09-AHI-L3C-ACSPO-v2.90/20230821130000-STAR-L3C_GHRSST-SSTsubskin-AHI_H09-ACSPO_V2.90-v02.0-fv01.0.nc.dmrpp
1692834392,1556,timing,elapsed_us,78,start_us,1692834392664576,stop_us,1692834392664654,-,BESDapResponseBuilder::dap4_process_ce_for_intern_data() - Timer
1692834395,1556,timing,elapsed_us,2494610,start_us,1692834392671470,stop_us,1692834395166080,-,CurlUtils::retrieve_effective_url() -  Following Redirects Starting With: https://archive.podaac.sit.earthdata.nasa.gov/podaac-sit-cumulus-protected/H09-AHI-L3C-ACSPO-v2.90/20230821130000-STAR-L3C_GHRSST-SSTsubskin-AHI_H09-ACSPO_V2.90-v02.0-fv01.0.nc
1692834395,1556,timing,elapsed_us,2620989,start_us,1692834392671414,stop_us,1692834395292403,-,DmrppArray::read_contiguous() -  name: lat
1692834395,1556,timing,elapsed_us,307890,start_us,1692834395377844,stop_us,1692834395685734,-,DmrppArray::read_super_chunks_unconstrained_concurrent() -  name: sses_standard_deviation
1692834395,1556,timing,elapsed_us,37141,start_us,1692834395339838,stop_us,1692834395376979,-,DmrppArray::read_contiguous() -  name: time
1692834395,1556,timing,elapsed_us,47020,start_us,1692834395292699,stop_us,1692834395339719,-,DmrppArray::read_contiguous() -  name: lon
1692834397,1556,timing,elapsed_us,246729,start_us,1692834397020977,stop_us,1692834397267706,-,DmrppArray::read_super_chunks_unconstrained_concurrent() -  name: sst_dtime
1692834402,1556,timing,elapsed_us,175055,start_us,1692834402795614,stop_us,1692834402970669,-,DmrppArray::read_super_chunks_unconstrained_concurrent() -  name: sst_front_position
1692834404,1556,timing,elapsed_us,207242,start_us,1692834404215868,stop_us,1692834404423110,-,DmrppArray::read_super_chunks_unconstrained_concurrent() -  name: l2p_flags
1692834407,1556,timing,elapsed_us,335057,start_us,1692834407124131,stop_us,1692834407459188,-,DmrppArray::read_super_chunks_unconstrained_concurrent() -  name: sea_surface_temperature
1692834410,1556,timing,elapsed_us,146088,start_us,1692834410385376,stop_us,1692834410531464,-,DmrppArray::read_super_chunks_unconstrained_concurrent() -  name: quality_level
1692834412,1556,timing,elapsed_us,330870,start_us,1692834411785427,stop_us,1692834412116297,-,DmrppArray::read_super_chunks_unconstrained_concurrent() -  name: dt_analysis
1692834415,1556,timing,elapsed_us,324092,start_us,1692834415035551,stop_us,1692834415359643,-,DmrppArray::read_super_chunks_unconstrained_concurrent() -  name: satellite_zenith_angle
1692834418,1556,timing,elapsed_us,86838,start_us,1692834418196492,stop_us,1692834418283330,-,DmrppArray::read_super_chunks_unconstrained_concurrent() -  name: wind_speed
1692834420,1556,timing,elapsed_us,459179,start_us,1692834419572257,stop_us,1692834420031436,-,DmrppArray::read_super_chunks_unconstrained_concurrent() -  name: sst_gradient_magnitude
1692834422,1556,timing,elapsed_us,174250,start_us,1692834422817826,stop_us,1692834422992076,-,DmrppArray::read_super_chunks_unconstrained_concurrent() -  name: or_number_of_pixels
1692834425,1556,timing,elapsed_us,129078,start_us,1692834425712323,stop_us,1692834425841401,-,DmrppArray::read_super_chunks_unconstrained_concurrent() -  name: sses_bias
1692834429,1556,timing,elapsed_us,37208149,start_us,1692834392664444,stop_us,1692834429872593,http-nio-8080-exec-2:30[bes_client:/-2],get dap for d1 return as netcdf-4; transmitting
1692834429,1556,timing,elapsed_us,39775901,start_us,1692834390096753,stop_us,1692834429872654,-,BESInterface::execute_request
1692834429,1556,timing,elapsed_us,39775986,start_us,1692834390096716,stop_us,1692834429872702,-,BESServerHandler::execute
1692834430,1556,timing,elapsed_us,254,start_us,1692834430167240,stop_us,1692834430167494,-,BESInterface::execute_request
1692834430,1556,timing,elapsed_us,308,start_us,1692834430167228,stop_us,1692834430167536,-,BESServerHandler::execute
1692834430,1556,timing,elapsed_us,9,start_us,1692834430167460,stop_us,1692834430167469,client: /-2:15,show status; transmitting
1692835318,1556,timing,elapsed_us,2750464,start_us,1692835315335550,stop_us,1692835318086014,-,RemoteResource::get_url() - source url: https://cmr.uat.earthdata.nasa.gov/search/granules.umm_json_v1_4?collection_concept_id=C1245618475-EEDTEST&granule_ur=GPM_3IMERGHH.06%3A3B-HHR.MS.MRG.3IMERG.20200101-S000000-E002959.0000.V06B.HDF5
1692835318,1556,timing,elapsed_us,6,start_us,1692835318086501,stop_us,1692835318086507,http-nio-8080-exec-1:29[bes_client:/-2],define d1 in default as ngapContainer with ngapContainer.dap4constraint="/Grid/time_bnds;/Grid/time;/Grid/HQprecipitation[][997:1152][1084:1222];/Grid/lat_bnds[1084:1222][];/Grid/IRprecipitation[][997:1152][1084:1222];/Grid/lon_bnds[997:1152][];/Grid/precipitationCal[][997:1152][1084:1222];/Grid/lat[1084:1222];/Grid/probabilityLiquidPrecipitation[][997:1152][1084:1222];/Grid/precipitationUncal[][997:1152][1084:1222];/Grid/lon[997:1152];/Grid/HQobservationTime[][997:1152][1084:1222];/Grid/IRkalmanFilterWeight[][997:1152][1084:1222];/Grid/precipitationQualityIndex[][997:1152][1084:1222];/Grid/randomError[][997:1152][1084:1222];/Grid/HQprecipSource[][997:1152][1084:1222]"; transmitting
1692835318,1556,timing,elapsed_us,8,start_us,1692835318086423,stop_us,1692835318086431,http-nio-8080-exec-1:29[bes_client:/-2],set container in ngap values ngapContainer,collections/C1245618475-EEDTEST/granules/GPM_3IMERGHH.06:3B-HHR.MS.MRG.3IMERG.20200101-S000000-E002959.0000.V06B.HDF5; transmitting
1692835320,1556,timing,elapsed_us,161,start_us,1692835320608327,stop_us,1692835320608488,-,BESDapResponseBuilder::dap4_process_ce_for_intern_data() - Timer
1692835320,1556,timing,elapsed_us,2518891,start_us,1692835318087669,stop_us,1692835320606560,-,RemoteResource::get_url() - source url: https://harmony.uat.earthdata.nasa.gov/service-results/harmony-uat-eedtest-data/C1245618475-EEDTEST/3B-HHR.MS.MRG.3IMERG.20200101-S000000-E002959.0000.V06B.HDF5.dmrpp
1692835321,1556,timing,elapsed_us,1038235,start_us,1692835320609426,stop_us,1692835321647661,-,CurlUtils::retrieve_effective_url() -  Following Redirects Starting With: https://harmony.uat.earthdata.nasa.gov/service-results/harmony-uat-eedtest-data/C1245618475-EEDTEST/3B-HHR.MS.MRG.3IMERG.20200101-S000000-E002959.0000.V06B.HDF5
1692835321,1556,timing,elapsed_us,225535,start_us,1692835321649690,stop_us,1692835321875225,-,DmrppArray::read_super_chunks_concurrent() -  name: precipitationQualityIndex
1692835321,1556,timing,elapsed_us,73427,start_us,1692835321879868,stop_us,1692835321953295,-,DmrppArray::read_super_chunks_concurrent() -  name: IRkalmanFilterWeight
1692835322,1556,timing,elapsed_us,113106,start_us,1692835322142161,stop_us,1692835322255267,-,DmrppArray::read_super_chunks_concurrent() -  name: precipitationCal
1692835322,1556,timing,elapsed_us,127814,start_us,1692835322718689,stop_us,1692835322846503,-,DmrppArray::read_super_chunks_concurrent() -  name: randomError
1692835322,1556,timing,elapsed_us,142,start_us,1692835322970916,stop_us,1692835322971058,-,BESInterface::execute_request
1692835322,1556,timing,elapsed_us,153939,start_us,1692835322336528,stop_us,1692835322490467,-,DmrppArray::read_super_chunks_concurrent() -  name: precipitationUncal
1692835322,1556,timing,elapsed_us,163908,start_us,1692835321953432,stop_us,1692835322117340,-,DmrppArray::read_super_chunks_concurrent() -  name: HQprecipSource
1692835322,1556,timing,elapsed_us,181,start_us,1692835322970908,stop_us,1692835322971089,-,BESServerHandler::execute
1692835322,1556,timing,elapsed_us,20162,start_us,1692835322846603,stop_us,1692835322866765,-,DmrppArray::read_contiguous() -  name: time_bnds
1692835322,1556,timing,elapsed_us,22940,start_us,1692835322313278,stop_us,1692835322336218,-,DmrppArray::read_contiguous() -  name: lat_bnds
1692835322,1556,timing,elapsed_us,2360249,start_us,1692835320608206,stop_us,1692835322968455,http-nio-8080-exec-1:29[bes_client:/-2],get dap for d1 return as netcdf-4; transmitting
1692835322,1556,timing,elapsed_us,24467,start_us,1692835322117424,stop_us,1692835322141891,-,DmrppArray::read_contiguous() -  name: lon
1692835322,1556,timing,elapsed_us,26762,start_us,1692835322933203,stop_us,1692835322959965,-,DmrppArray::read_contiguous() -  name: lon_bnds
1692835322,1556,timing,elapsed_us,44717,start_us,1692835322490564,stop_us,1692835322535281,-,DmrppArray::read_contiguous() -  name: lat
1692835322,1556,timing,elapsed_us,53264,start_us,1692835322665248,stop_us,1692835322718512,-,DmrppArray::read_super_chunks_concurrent() -  name: HQobservationTime
1692835322,1556,timing,elapsed_us,56288,start_us,1692835322535633,stop_us,1692835322591921,-,DmrppArray::read_super_chunks_concurrent() -  name: HQprecipitation
1692835322,1556,timing,elapsed_us,57772,start_us,1692835322255369,stop_us,1692835322313141,-,DmrppArray::read_contiguous() -  name: time
1692835322,1556,timing,elapsed_us,66100,start_us,1692835322867004,stop_us,1692835322933104,-,DmrppArray::read_super_chunks_concurrent() -  name: IRprecipitation
1692835322,1556,timing,elapsed_us,7,start_us,1692835322971037,stop_us,1692835322971044,client: /-2:17,show status; transmitting
1692835322,1556,timing,elapsed_us,73021,start_us,1692835322592072,stop_us,1692835322665093,-,DmrppArray::read_super_chunks_concurrent() -  name: probabilityLiquidPrecipitation
1692835322,1556,timing,elapsed_us,7639724,start_us,1692835315328747,stop_us,1692835322968471,-,BESInterface::execute_request
1692835322,1556,timing,elapsed_us,7639787,start_us,1692835315328711,stop_us,1692835322968498,-,BESServerHandler::execute
1692835544,1556,timing,elapsed_us,492882,start_us,1692835543922137,stop_us,1692835544415019,-,RemoteResource::get_url() - source url: https://cmr.uat.earthdata.nasa.gov/search/granules.umm_json_v1_4?collection_concept_id=C1259239346-POCUMULUS&granule_ur=20230821140000-STAR-L2P_GHRSST-SSTsubskin-AHI_H09-ACSPO_V2.90-v02.0-fv01.0
1692835544,1556,timing,elapsed_us,5,start_us,1692835544415506,stop_us,1692835544415511,http-nio-8080-exec-6:34[bes_client:/-2],define d1 in default as ngapContainer; transmitting
1692835544,1556,timing,elapsed_us,7,start_us,1692835544415441,stop_us,1692835544415448,http-nio-8080-exec-6:34[bes_client:/-2],set container in ngap values ngapContainer,collections/C1259239346-POCUMULUS/granules/20230821140000-STAR-L2P_GHRSST-SSTsubskin-AHI_H09-ACSPO_V2.90-v02.0-fv01.0; transmitting
1692835546,1556,timing,elapsed_us,2306045,start_us,1692835544416842,stop_us,1692835546722887,-,RemoteResource::get_url() - source url: https://archive.podaac.sit.earthdata.nasa.gov/podaac-sit-cumulus-protected/H09-AHI-L2P-ACSPO-v2.90/20230821140000-STAR-L2P_GHRSST-SSTsubskin-AHI_H09-ACSPO_V2.90-v02.0-fv01.0.nc.dmrpp
1692835549,1556,timing,elapsed_us,159918,start_us,1692835549215740,stop_us,1692835549375658,-,DmrppArray::read_super_chunks_unconstrained_concurrent() -  name: brightness_temperature_11um2
1692835549,1556,timing,elapsed_us,2296522,start_us,1692835546725039,stop_us,1692835549021561,-,CurlUtils::retrieve_effective_url() -  Following Redirects Starting With: https://archive.podaac.sit.earthdata.nasa.gov/podaac-sit-cumulus-protected/H09-AHI-L2P-ACSPO-v2.90/20230821140000-STAR-L2P_GHRSST-SSTsubskin-AHI_H09-ACSPO_V2.90-v02.0-fv01.0.nc
1692835549,1556,timing,elapsed_us,2359155,start_us,1692835546724989,stop_us,1692835549084144,-,DmrppArray::read_contiguous() -  name: nj
1692835549,1556,timing,elapsed_us,39061,start_us,1692835549084445,stop_us,1692835549123506,-,DmrppArray::read_contiguous() -  name: time
1692835549,1556,timing,elapsed_us,91307,start_us,1692835549123628,stop_us,1692835549214935,-,DmrppArray::read_contiguous() -  name: ni
1692835550,1556,timing,elapsed_us,145027,start_us,1692835550307539,stop_us,1692835550452566,-,DmrppArray::read_super_chunks_unconstrained_concurrent() -  name: brightness_temperature_08um6
1692835551,1556,timing,elapsed_us,57071,start_us,1692835551388664,stop_us,1692835551445735,-,DmrppArray::read_super_chunks_unconstrained_concurrent() -  name: sst_dtime
1692835552,1556,timing,elapsed_us,111721,start_us,1692835552615825,stop_us,1692835552727546,-,DmrppArray::read_super_chunks_unconstrained_concurrent() -  name: l2p_flags
1692835552,1556,timing,elapsed_us,126466,start_us,1692835552235538,stop_us,1692835552362004,-,DmrppArray::read_super_chunks_unconstrained_concurrent() -  name: sst_front_position
1692835553,1556,timing,elapsed_us,121497,start_us,1692835553554099,stop_us,1692835553675596,-,DmrppArray::read_super_chunks_unconstrained_concurrent() -  name: sea_surface_temperature
1692835554,1556,timing,elapsed_us,41208,start_us,1692835554610097,stop_us,1692835554651305,-,DmrppArray::read_super_chunks_unconstrained_concurrent() -  name: quality_level
1692835555,1556,timing,elapsed_us,107235,start_us,1692835555064516,stop_us,1692835555171751,-,DmrppArray::read_super_chunks_unconstrained_concurrent() -  name: dt_analysis
1692835556,1556,timing,elapsed_us,240773,start_us,1692835556237004,stop_us,1692835556477777,-,DmrppArray::read_super_chunks_unconstrained_concurrent() -  name: brightness_temperature_12um3
1692835557,1556,timing,elapsed_us,112128,start_us,1692835557414388,stop_us,1692835557526516,-,DmrppArray::read_super_chunks_unconstrained_concurrent() -  name: satellite_zenith_angle
1692835558,1556,timing,elapsed_us,77076,start_us,1692835558833770,stop_us,1692835558910846,-,DmrppArray::read_super_chunks_unconstrained_concurrent() -  name: sst_gradient_magnitude
1692835559,1556,timing,elapsed_us,76556,start_us,1692835559577588,stop_us,1692835559654144,-,DmrppArray::read_super_chunks_unconstrained_concurrent() -  name: wind_speed
1692835560,1556,timing,elapsed_us,107395,start_us,1692835560118402,stop_us,1692835560225797,-,DmrppArray::read_super_chunks_unconstrained_concurrent() -  name: brightness_temperature_10um4
1692835561,1556,timing,elapsed_us,182905,start_us,1692835561147870,stop_us,1692835561330775,-,DmrppArray::read_super_chunks_unconstrained_concurrent() -  name: sses_bias
1692835561,1556,timing,elapsed_us,64630,start_us,1692835561801410,stop_us,1692835561866040,-,DmrppArray::read_super_chunks_unconstrained_concurrent() -  name: sses_standard_deviation
1692835562,1556,timing,elapsed_us,15591880,start_us,1692835546724519,stop_us,1692835562316399,-,BESDapResponseBuilder::serialize_dap4_data() - Timer
1692835562,1556,timing,elapsed_us,15591963,start_us,1692835546724489,stop_us,1692835562316452,http-nio-8080-exec-6:34[bes_client:/-2],get dap for d1 return as dap2; transmitting
1692835562,1556,timing,elapsed_us,18403711,start_us,1692835543912753,stop_us,1692835562316464,-,BESInterface::execute_request
1692835562,1556,timing,elapsed_us,18514921,start_us,1692835543912717,stop_us,1692835562427638,-,BESServerHandler::execute
1692835562,1556,timing,elapsed_us,255,start_us,1692835562552504,stop_us,1692835562552759,-,BESInterface::execute_request
1692835562,1556,timing,elapsed_us,304,start_us,1692835562552488,stop_us,1692835562552792,-,BESServerHandler::execute
1692835562,1556,timing,elapsed_us,9,start_us,1692835562552732,stop_us,1692835562552741,client: /-2:19,show status; transmitting
1692838142,1556,timing,elapsed_us,5,start_us,1692838142830943,stop_us,1692838142830948,http-nio-8080-exec-3:31[bes_client:/-2],define d1 in default as ngapContainer; transmitting
1692838142,1556,timing,elapsed_us,7,start_us,1692838142830873,stop_us,1692838142830880,http-nio-8080-exec-3:31[bes_client:/-2],set container in ngap values ngapContainer,collections/C1244818899-POCUMULUS/granules/saildrone-gen_6-arctic_misst_2021-sd1057-20210706T000000-20211020T235959-1_minutes-v1.1638206157560; transmitting
1692838142,1556,timing,elapsed_us,822683,start_us,1692838142007837,stop_us,1692838142830520,-,RemoteResource::get_url() - source url: https://cmr.uat.earthdata.nasa.gov/search/granules.umm_json_v1_4?collection_concept_id=C1244818899-POCUMULUS&granule_ur=saildrone-gen_6-arctic_misst_2021-sd1057-20210706T000000-20211020T235959-1_minutes-v1.1638206157560
1692838147,1556,timing,elapsed_us,1217,start_us,1692838147356804,stop_us,1692838147358021,http-nio-8080-exec-3:31[bes_client:/-2],get dmr for d1 return as dap2; transmitting
1692838147,1556,timing,elapsed_us,177,start_us,1692838147358222,stop_us,1692838147358399,-,BESInterface::execute_request
1692838147,1556,timing,elapsed_us,205,start_us,1692838147358218,stop_us,1692838147358423,-,BESServerHandler::execute
1692838147,1556,timing,elapsed_us,4276078,start_us,1692838142832544,stop_us,1692838147108622,-,RemoteResource::get_url() - source url: https://archive.podaac.sit.earthdata.nasa.gov/podaac-sit-cumulus-protected/SAILDRONE_ARCTIC_2021/saildrone-gen_6-arctic_misst_2021-sd1057-20210706T000000-20211020T235959-1_minutes-v1.1638206157560.nc.dmrpp
1692838147,1556,timing,elapsed_us,5361288,start_us,1692838141996759,stop_us,1692838147358047,-,BESInterface::execute_request
1692838147,1556,timing,elapsed_us,5361456,start_us,1692838141996723,stop_us,1692838147358179,-,BESServerHandler::execute
1692838147,1556,timing,elapsed_us,7,start_us,1692838147358384,stop_us,1692838147358391,client: /-2:21,show status; transmitting
1692870028,1556,timing,elapsed_us,583938,start_us,1692870028079695,stop_us,1692870028663633,-,RemoteResource::get_url() - source url: https://cmr.uat.earthdata.nasa.gov/search/granules.umm_json_v1_4?collection_concept_id=C1225808238-GES_DISC&granule_ur=GPM_3IMERGHH.06%3A3B-HHR.MS.MRG.3IMERG.20210930-S000000-E002959.0000.V06B.HDF5
1692870028,1556,timing,elapsed_us,7,start_us,1692870028664071,stop_us,1692870028664078,[http-nio-8080-exec-7:35:ngap_request][bes_client:/-2],set container in ngap values ngapContainer,collections/C1225808238-GES_DISC/granules/GPM_3IMERGHH.06:3B-HHR.MS.MRG.3IMERG.20210930-S000000-E002959.0000.V06B.HDF5; transmitting
1692870028,1556,timing,elapsed_us,7,start_us,1692870028667969,stop_us,1692870028667976,[http-nio-8080-exec-7:35:ngap_request][bes_client:/-2],define d1 in default as ngapContainer; transmitting
1692870031,1556,timing,elapsed_us,234,start_us,1692870031293914,stop_us,1692870031294148,-,BESInterface::execute_request
1692870031,1556,timing,elapsed_us,251,start_us,1692870031293367,stop_us,1692870031293618,[http-nio-8080-exec-7:35:ngap_request][bes_client:/-2],get ddx for d1 return as dap2; transmitting
1692870031,1556,timing,elapsed_us,2610565,start_us,1692870028668928,stop_us,1692870031279493,-,RemoteResource::get_url() - source url: https://data.gesdisc.uat.earthdata.nasa.gov/data/GPM_L3/GPM_3IMERGHH.06/2021/273/3B-HHR.MS.MRG.3IMERG.20210930-S000000-E002959.0000.V06B.HDF5.dmrpp
1692870031,1556,timing,elapsed_us,289,start_us,1692870031293910,stop_us,1692870031294199,-,BESServerHandler::execute
1692870031,1556,timing,elapsed_us,3220877,start_us,1692870028072752,stop_us,1692870031293629,-,BESInterface::execute_request
1692870031,1556,timing,elapsed_us,3220956,start_us,1692870028072717,stop_us,1692870031293673,-,BESServerHandler::execute
1692870031,1556,timing,elapsed_us,58,start_us,1692870031294069,stop_us,1692870031294127,client: /-2:23,show status; transmitting
1692870031,1556,timing,elapsed_us,5890,start_us,1692870031287454,stop_us,1692870031293344,[http-nio-8080-exec-7:35:ngap_request][bes_client:/-2],DmrppRequestHandler::dap_build_dds() - timer
1692877180,1556,timing,elapsed_us,5,start_us,1692877180016968,stop_us,1692877180016973,[http-nio-8080-exec-4:32:ngap_request][bes_client:/-2],define d1 in default as ngapContainer; transmitting
1692877180,1556,timing,elapsed_us,6,start_us,1692877180016902,stop_us,1692877180016908,[http-nio-8080-exec-4:32:ngap_request][bes_client:/-2],set container in ngap values ngapContainer,collections/C1215802944-GES_DISC/granules/M2T1NXSLV.5.12.4:MERRA2_400.tavg1_2d_slv_Nx.20210831.nc4; transmitting
1692877180,1556,timing,elapsed_us,625616,start_us,1692877179390809,stop_us,1692877180016425,-,RemoteResource::get_url() - source url: https://cmr.uat.earthdata.nasa.gov/search/granules.umm_json_v1_4?collection_concept_id=C1215802944-GES_DISC&granule_ur=M2T1NXSLV.5.12.4%3AMERRA2_400.tavg1_2d_slv_Nx.20210831.nc4
1692877182,1556,timing,elapsed_us,149,start_us,1692877182863057,stop_us,1692877182863206,-,BESInterface::execute_request
1692877182,1556,timing,elapsed_us,179,start_us,1692877182863051,stop_us,1692877182863230,-,BESServerHandler::execute
1692877182,1556,timing,elapsed_us,2837484,start_us,1692877180017651,stop_us,1692877182855135,-,RemoteResource::get_url() - source url: https://data.gesdisc.uat.earthdata.nasa.gov/data/MERRA2/M2T1NXSLV.5.12.4/2021/08/MERRA2_400.tavg1_2d_slv_Nx.20210831.nc4.dmrpp
1692877182,1556,timing,elapsed_us,2873,start_us,1692877182859061,stop_us,1692877182861934,[http-nio-8080-exec-4:32:ngap_request][bes_client:/-2],DmrppRequestHandler::dap_build_dds() - timer
1692877182,1556,timing,elapsed_us,3478045,start_us,1692877179384759,stop_us,1692877182862804,-,BESInterface::execute_request
1692877182,1556,timing,elapsed_us,3478159,start_us,1692877179384723,stop_us,1692877182862882,-,BESServerHandler::execute
1692877182,1556,timing,elapsed_us,5,start_us,1692877182863193,stop_us,1692877182863198,client: /-2:25,show status; transmitting
1692877182,1556,timing,elapsed_us,838,start_us,1692877182861954,stop_us,1692877182862792,[http-nio-8080-exec-4:32:ngap_request][bes_client:/-2],get ddx for d1 return as dap2; transmitting
1692890124,1556,timing,elapsed_us,1132030,start_us,1692890123693116,stop_us,1692890124825146,-,RemoteResource::get_url() - source url: https://cmr.uat.earthdata.nasa.gov/search/granules.umm_json_v1_4?collection_concept_id=C1241426907-NSIDC_CUAT&granule_ur=ATL08_20200101145654_00900605_005_01.h5
1692890124,1556,timing,elapsed_us,6,start_us,1692890124825822,stop_us,1692890124825828,http-nio-8080-exec-9:37[bes_client:/-2],define d1 in default as ngapContainer with ngapContainer.dap4constraint="/orbit_info_rgt;/orbit_info_crossing_time;/gt3r_land_segments_latitude[0:64:];/gt3r_land_segments_longitude[0:64:];/gt3r_land_segments_delta_time[0:64:];/gt3l_land_segments_latitude[0:64:];/gt3l_land_segments_longitude[0:64:];/gt3l_land_segments_delta_time[0:64:];/gt2r_land_segments_latitude[0:64:];/gt2r_land_segments_longitude[0:64:];/gt2r_land_segments_delta_time[0:64:];/gt2l_land_segments_latitude[0:64:];/gt2l_land_segments_longitude[0:64:];/gt2l_land_segments_delta_time[0:64:];/gt1r_land_segments_latitude[0:64:];/gt1r_land_segments_longitude[0:64:];/gt1r_land_segments_delta_time[0:64:];/gt1l_land_segments_latitude[0:64:];/gt1l_land_segments_longitude[0:64:];/gt1l_land_segments_delta_time[0:64:]"; transmitting
1692890124,1556,timing,elapsed_us,7,start_us,1692890124825555,stop_us,1692890124825562,http-nio-8080-exec-9:37[bes_client:/-2],set container in ngap values ngapContainer,collections/C1241426907-NSIDC_CUAT/granules/ATL08_20200101145654_00900605_005_01.h5; transmitting
1692890128,1556,timing,elapsed_us,3350117,start_us,1692890124826676,stop_us,1692890128176793,-,RemoteResource::get_url() - source url: https://data.nsidc.uat.earthdatacloud.nasa.gov/nsidc-cumulus-uat-protected/ATLAS/ATL08/005/2020/01/01/ATL08_20200101145654_00900605_005_01.h5.dmrpp
1692890130,1556,timing,elapsed_us,2566097,start_us,1692890128197254,stop_us,1692890130763351,-,CurlUtils::retrieve_effective_url() -  Following Redirects Starting With: https://data.nsidc.uat.earthdatacloud.nasa.gov/nsidc-cumulus-uat-protected/ATLAS/ATL08/005/2020/01/01/ATL08_20200101145654_00900605_005_01.h5
1692890131,1556,timing,elapsed_us,112381,start_us,1692890131247705,stop_us,1692890131360086,-,DmrppArray::read_contiguous() -  name: gt2l_land_segments_delta_time
1692890131,1556,timing,elapsed_us,113732,start_us,1692890131639891,stop_us,1692890131753623,-,DmrppArray::read_contiguous() -  name: gt3r_land_segments_delta_time
1692890131,1556,timing,elapsed_us,119789,start_us,1692890131519976,stop_us,1692890131639765,-,DmrppArray::read_contiguous() -  name: gt3l_land_segments_delta_time
1692890131,1556,timing,elapsed_us,159631,start_us,1692890131360266,stop_us,1692890131519897,-,DmrppArray::read_contiguous() -  name: gt2r_land_segments_delta_time
1692890131,1556,timing,elapsed_us,175794,start_us,1692890131071720,stop_us,1692890131247514,-,DmrppArray::read_contiguous() -  name: gt1r_land_segments_delta_time
1692890131,1556,timing,elapsed_us,18913,start_us,1692890131851823,stop_us,1692890131870736,-,DmrppArray::read_contiguous() -  name: orbit_info_rgt
1692890131,1556,timing,elapsed_us,2874417,start_us,1692890128197207,stop_us,1692890131071624,-,DmrppArray::read_contiguous() -  name: gt1l_land_segments_delta_time
1692890131,1556,timing,elapsed_us,97957,start_us,1692890131753711,stop_us,1692890131851668,-,DmrppArray::read_contiguous() -  name: orbit_info_crossing_time
1692890132,1556,timing,elapsed_us,102446,start_us,1692890132256419,stop_us,1692890132358865,-,DmrppArray::read_contiguous() -  name: gt2r_land_segments_latitude
1692890132,1556,timing,elapsed_us,134331,start_us,1692890131870892,stop_us,1692890132005223,-,DmrppArray::read_contiguous() -  name: gt1r_land_segments_longitude
1692890132,1556,timing,elapsed_us,136782,start_us,1692890132501634,stop_us,1692890132638416,-,DmrppArray::read_contiguous() -  name: gt3l_land_segments_longitude
1692890132,1556,timing,elapsed_us,159283,start_us,1692890132097054,stop_us,1692890132256337,-,DmrppArray::read_contiguous() -  name: gt2r_land_segments_longitude
1692890132,1556,timing,elapsed_us,239727,start_us,1692890132638584,stop_us,1692890132878311,-,DmrppArray::read_contiguous() -  name: gt3l_land_segments_latitude
1692890132,1556,timing,elapsed_us,50521,start_us,1692890132451025,stop_us,1692890132501546,-,DmrppArray::read_contiguous() -  name: gt1l_land_segments_latitude
1692890132,1556,timing,elapsed_us,91667,start_us,1692890132005315,stop_us,1692890132096982,-,DmrppArray::read_contiguous() -  name: gt1r_land_segments_latitude
1692890132,1556,timing,elapsed_us,92003,start_us,1692890132358945,stop_us,1692890132450948,-,DmrppArray::read_contiguous() -  name: gt1l_land_segments_longitude
1692890133,1556,timing,elapsed_us,10003942,start_us,1692890123688738,stop_us,1692890133692680,-,BESInterface::execute_request
1692890133,1556,timing,elapsed_us,10005186,start_us,1692890123688700,stop_us,1692890133693886,-,BESServerHandler::execute
1692890133,1556,timing,elapsed_us,141759,start_us,1692890132878482,stop_us,1692890133020241,-,DmrppArray::read_contiguous() -  name: gt2l_land_segments_longitude
1692890133,1556,timing,elapsed_us,180,start_us,1692890133693909,stop_us,1692890133694089,-,BESInterface::execute_request
1692890133,1556,timing,elapsed_us,209,start_us,1692890133693905,stop_us,1692890133694114,-,BESServerHandler::execute
1692890133,1556,timing,elapsed_us,521429,start_us,1692890133074015,stop_us,1692890133595444,-,DmrppArray::read_contiguous() -  name: gt3r_land_segments_longitude
1692890133,1556,timing,elapsed_us,53545,start_us,1692890133020391,stop_us,1692890133073936,-,DmrppArray::read_contiguous() -  name: gt2l_land_segments_latitude
1692890133,1556,timing,elapsed_us,5496792,start_us,1692890128195865,stop_us,1692890133692657,-,BESDapResponseBuilder::serialize_dap4_data() - Timer
1692890133,1556,timing,elapsed_us,5497047,start_us,1692890128195625,stop_us,1692890133692672,http-nio-8080-exec-9:37[bes_client:/-2],get dap for d1 return as dap2; transmitting
1692890133,1556,timing,elapsed_us,6,start_us,1692890133694072,stop_us,1692890133694078,client: /-2:27,show status; transmitting
1692890133,1556,timing,elapsed_us,96818,start_us,1692890133595668,stop_us,1692890133692486,-,DmrppArray::read_contiguous() -  name: gt3r_land_segments_latitude
1692890186,1556,timing,elapsed_us,384654,start_us,1692890185929265,stop_us,1692890186313919,-,RemoteResource::get_url() - source url: https://cmr.uat.earthdata.nasa.gov/search/granules.umm_json_v1_4?collection_concept_id=C1241426907-NSIDC_CUAT&granule_ur=ATL08_20200101145654_00900605_005_01.h5
1692890186,1556,timing,elapsed_us,6,start_us,1692890186314706,stop_us,1692890186314712,http-nio-8080-exec-2:30[bes_client:/-2],define d1 in default as ngapContainer with ngapContainer.dap4constraint="/orbit_info_rgt;/orbit_info_crossing_time;/gt3r_land_segments_latitude[0:64:];/gt3r_land_segments_longitude[0:64:];/gt3r_land_segments_delta_time[0:64:];/gt3l_land_segments_latitude[0:64:];/gt3l_land_segments_longitude[0:64:];/gt3l_land_segments_delta_time[0:64:];/gt2r_land_segments_latitude[0:64:];/gt2r_land_segments_longitude[0:64:];/gt2r_land_segments_delta_time[0:64:];/gt2l_land_segments_latitude[0:64:];/gt2l_land_segments_longitude[0:64:];/gt2l_land_segments_delta_time[0:64:];/gt1r_land_segments_latitude[0:64:];/gt1r_land_segments_longitude[0:64:];/gt1r_land_segments_delta_time[0:64:];/gt1l_land_segments_latitude[0:64:];/gt1l_land_segments_longitude[0:64:];/gt1l_land_segments_delta_time[0:64:]"; transmitting
1692890186,1556,timing,elapsed_us,7,start_us,1692890186314342,stop_us,1692890186314349,http-nio-8080-exec-2:30[bes_client:/-2],set container in ngap values ngapContainer,collections/C1241426907-NSIDC_CUAT/granules/ATL08_20200101145654_00900605_005_01.h5; transmitting
1692890188,1556,timing,elapsed_us,16269,start_us,1692890188837814,stop_us,1692890188854083,-,DmrppArray::read_contiguous() -  name: gt3l_land_segments_delta_time
1692890188,1556,timing,elapsed_us,16481,start_us,1692890188821181,stop_us,1692890188837662,-,DmrppArray::read_contiguous() -  name: gt2r_land_segments_delta_time
1692890188,1556,timing,elapsed_us,18071,start_us,1692890188965427,stop_us,1692890188983498,-,DmrppArray::read_contiguous() -  name: gt1r_land_segments_longitude
1692890188,1556,timing,elapsed_us,19945,start_us,1692890188801165,stop_us,1692890188821110,-,DmrppArray::read_contiguous() -  name: gt2l_land_segments_delta_time
1692890188,1556,timing,elapsed_us,2301709,start_us,1692890186315559,stop_us,1692890188617268,-,RemoteResource::get_url() - source url: https://data.nsidc.uat.earthdatacloud.nasa.gov/nsidc-cumulus-uat-protected/ATLAS/ATL08/005/2020/01/01/ATL08_20200101145654_00900605_005_01.h5.dmrpp
1692890188,1556,timing,elapsed_us,25047,start_us,1692890188905687,stop_us,1692890188930734,-,DmrppArray::read_contiguous() -  name: orbit_info_crossing_time
1692890188,1556,timing,elapsed_us,34331,start_us,1692890188930924,stop_us,1692890188965255,-,DmrppArray::read_contiguous() -  name: orbit_info_rgt
1692890188,1556,timing,elapsed_us,51345,start_us,1692890188854169,stop_us,1692890188905514,-,DmrppArray::read_contiguous() -  name: gt3r_land_segments_delta_time
1692890188,1556,timing,elapsed_us,69199,start_us,1692890188731879,stop_us,1692890188801078,-,DmrppArray::read_contiguous() -  name: gt1r_land_segments_delta_time
1692890188,1556,timing,elapsed_us,93070,start_us,1692890188638711,stop_us,1692890188731781,-,DmrppArray::read_contiguous() -  name: gt1l_land_segments_delta_time
1692890189,1556,timing,elapsed_us,13517,start_us,1692890189046768,stop_us,1692890189060285,-,DmrppArray::read_contiguous() -  name: gt2r_land_segments_latitude
1692890189,1556,timing,elapsed_us,148,start_us,1692890189334258,stop_us,1692890189334406,-,BESInterface::execute_request
1692890189,1556,timing,elapsed_us,16003,start_us,1692890189180679,stop_us,1692890189196682,-,DmrppArray::read_contiguous() -  name: gt2l_land_segments_longitude
1692890189,1556,timing,elapsed_us,17206,start_us,1692890189163305,stop_us,1692890189180511,-,DmrppArray::read_contiguous() -  name: gt3l_land_segments_latitude
1692890189,1556,timing,elapsed_us,175,start_us,1692890189334254,stop_us,1692890189334429,-,BESServerHandler::execute
1692890189,1556,timing,elapsed_us,18534,start_us,1692890189028064,stop_us,1692890189046598,-,DmrppArray::read_contiguous() -  name: gt2r_land_segments_longitude
1692890189,1556,timing,elapsed_us,32201,start_us,1692890189060357,stop_us,1692890189092558,-,DmrppArray::read_contiguous() -  name: gt1l_land_segments_longitude
1692890189,1556,timing,elapsed_us,32446,start_us,1692890189130710,stop_us,1692890189163156,-,DmrppArray::read_contiguous() -  name: gt3l_land_segments_longitude
1692890189,1556,timing,elapsed_us,3408500,start_us,1692890185924743,stop_us,1692890189333243,-,BESInterface::execute_request
1692890189,1556,timing,elapsed_us,3409524,start_us,1692890185924713,stop_us,1692890189334237,-,BESServerHandler::execute
1692890189,1556,timing,elapsed_us,36043,start_us,1692890189196859,stop_us,1692890189232902,-,DmrppArray::read_contiguous() -  name: gt2l_land_segments_latitude
1692890189,1556,timing,elapsed_us,37874,start_us,1692890189092763,stop_us,1692890189130637,-,DmrppArray::read_contiguous() -  name: gt1l_land_segments_latitude
1692890189,1556,timing,elapsed_us,39126,start_us,1692890189233011,stop_us,1692890189272137,-,DmrppArray::read_contiguous() -  name: gt3r_land_segments_longitude
1692890189,1556,timing,elapsed_us,44334,start_us,1692890188983647,stop_us,1692890189027981,-,DmrppArray::read_contiguous() -  name: gt1r_land_segments_latitude
1692890189,1556,timing,elapsed_us,6,start_us,1692890189334393,stop_us,1692890189334399,client: /-2:29,show status; transmitting
1692890189,1556,timing,elapsed_us,60826,start_us,1692890189272284,stop_us,1692890189333110,-,DmrppArray::read_contiguous() -  name: gt3r_land_segments_latitude
1692890189,1556,timing,elapsed_us,695794,start_us,1692890188637428,stop_us,1692890189333222,-,BESDapResponseBuilder::serialize_dap4_data() - Timer
1692890189,1556,timing,elapsed_us,696064,start_us,1692890188637171,stop_us,1692890189333235,http-nio-8080-exec-2:30[bes_client:/-2],get dap for d1 return as dap2; transmitting
1692891764,1556,timing,elapsed_us,6,start_us,1692891764223918,stop_us,1692891764223924,[http-nio-8080-exec-10:38:ngap_request][bes_client:/-2],define d1 in default as ngapContainer; transmitting
1692891764,1556,timing,elapsed_us,7,start_us,1692891764223548,stop_us,1692891764223555,[http-nio-8080-exec-10:38:ngap_request][bes_client:/-2],set container in ngap values ngapContainer,collections/C1215802944-GES_DISC/granules/M2T1NXSLV.5.12.4:MERRA2_400.tavg1_2d_slv_Nx.20210831.nc4; transmitting
1692891764,1556,timing,elapsed_us,796581,start_us,1692891763426594,stop_us,1692891764223175,-,RemoteResource::get_url() - source url: https://cmr.uat.earthdata.nasa.gov/search/granules.umm_json_v1_4?collection_concept_id=C1215802944-GES_DISC&granule_ur=M2T1NXSLV.5.12.4%3AMERRA2_400.tavg1_2d_slv_Nx.20210831.nc4
1692891767,1556,timing,elapsed_us,152,start_us,1692891767101273,stop_us,1692891767101425,-,BESInterface::execute_request
1692891767,1556,timing,elapsed_us,180,start_us,1692891767101268,stop_us,1692891767101448,-,BESServerHandler::execute
1692891767,1556,timing,elapsed_us,2868892,start_us,1692891764225419,stop_us,1692891767094311,-,RemoteResource::get_url() - source url: https://data.gesdisc.uat.earthdata.nasa.gov/data/MERRA2/M2T1NXSLV.5.12.4/2021/08/MERRA2_400.tavg1_2d_slv_Nx.20210831.nc4.dmrpp
1692891767,1556,timing,elapsed_us,2892,start_us,1692891767097245,stop_us,1692891767100137,[http-nio-8080-exec-10:38:ngap_request][bes_client:/-2],DmrppRequestHandler::dap_build_dds() - timer
1692891767,1556,timing,elapsed_us,3680254,start_us,1692891763420751,stop_us,1692891767101005,-,BESInterface::execute_request
1692891767,1556,timing,elapsed_us,3680371,start_us,1692891763420716,stop_us,1692891767101087,-,BESServerHandler::execute
1692891767,1556,timing,elapsed_us,5,start_us,1692891767101413,stop_us,1692891767101418,client: /-2:31,show status; transmitting
1692891767,1556,timing,elapsed_us,835,start_us,1692891767100157,stop_us,1692891767100992,[http-nio-8080-exec-10:38:ngap_request][bes_client:/-2],get ddx for d1 return as dap2; transmitting
1692892346,1556,timing,elapsed_us,211817,start_us,1692892346052925,stop_us,1692892346264742,-,RemoteResource::get_url() - source url: https://cmr.uat.earthdata.nasa.gov/search/granules.umm_json_v1_4?collection_concept_id=C1241426872-NSIDC_CUAT&granule_ur=ATL06_20200101223747_00950603_005_01.h5
1692892346,1556,timing,elapsed_us,5,start_us,1692892346265444,stop_us,1692892346265449,http-nio-8080-exec-4:32[bes_client:/-2],define d1 in default as ngapContainer; transmitting
1692892346,1556,timing,elapsed_us,6,start_us,1692892346265175,stop_us,1692892346265181,http-nio-8080-exec-4:32[bes_client:/-2],set container in ngap values ngapContainer,collections/C1241426872-NSIDC_CUAT/granules/ATL06_20200101223747_00950603_005_01.h5; transmitting
1692892348,1556,timing,elapsed_us,162,start_us,1692892348588126,stop_us,1692892348588288,-,BESInterface::execute_request
1692892348,1556,timing,elapsed_us,188,start_us,1692892348588122,stop_us,1692892348588310,-,BESServerHandler::execute
1692892348,1556,timing,elapsed_us,2303313,start_us,1692892346266314,stop_us,1692892348569627,-,RemoteResource::get_url() - source url: https://data.nsidc.uat.earthdatacloud.nasa.gov/nsidc-cumulus-uat-protected/ATLAS/ATL06/005/2020/01/01/ATL06_20200101223747_00950603_005_01.h5.dmrpp
1692892348,1556,timing,elapsed_us,2538702,start_us,1692892346048697,stop_us,1692892348587399,-,BESInterface::execute_request
1692892348,1556,timing,elapsed_us,2539432,start_us,1692892346048674,stop_us,1692892348588106,-,BESServerHandler::execute
1692892348,1556,timing,elapsed_us,5,start_us,1692892348588275,stop_us,1692892348588280,client: /-2:33,show status; transmitting
1692892348,1556,timing,elapsed_us,8198,start_us,1692892348579182,stop_us,1692892348587380,http-nio-8080-exec-4:32[bes_client:/-2],get dmr for d1 return as dap2; transmitting
1692892526,1556,timing,elapsed_us,416949,start_us,1692892525865353,stop_us,1692892526282302,-,RemoteResource::get_url() - source url: https://cmr.uat.earthdata.nasa.gov/search/granules.umm_json_v1_4?collection_concept_id=C1241426872-NSIDC_CUAT&granule_ur=ATL06_20200101223747_00950603_005_01.h5
1692892526,1556,timing,elapsed_us,7,start_us,1692892526282733,stop_us,1692892526282740,http-nio-8080-exec-2:30[bes_client:/-2],set container in ngap values ngapContainer,collections/C1241426872-NSIDC_CUAT/granules/ATL06_20200101223747_00950603_005_01.h5; transmitting
1692892526,1556,timing,elapsed_us,8,start_us,1692892526282944,stop_us,1692892526282952,http-nio-8080-exec-2:30[bes_client:/-2],define d1 in default as ngapContainer with ngapContainer.dap4constraint="/orbit_info_rgt;/orbit_info_crossing_time;/gt3r_land_ice_segments_latitude[0:256:];/gt3r_land_ice_segments_longitude[0:256:];/gt3r_land_ice_segments_delta_time[0:256:];/gt3l_land_ice_segments_latitude[0:256:];/gt3l_land_ice_segments_longitude[0:256:];/gt3l_land_ice_segments_delta_time[0:256:];/gt2r_land_ice_segments_latitude[0:256:];/gt2r_land_ice_segments_longitude[0:256:];/gt2r_land_ice_segments_delta_time[0:256:];/gt2l_land_ice_segments_latitude[0:256:];/gt2l_land_ice_segments_longitude[0:256:];/gt2l_land_ice_segments_delta_time[0:256:];/gt1r_land_ice_segments_latitude[0:256:];/gt1r_land_ice_segments_longitude[0:256:];/gt1r_land_ice_segments_delta_time[0:256:];/gt1l_land_ice_segments_latitude[0:256:];/gt1l_land_ice_segments_longitude[0:256:];/gt1l_land_ice_segments_delta_time[0:256:]"; transmitting
1692892528,1556,timing,elapsed_us,2330358,start_us,1692892526283819,stop_us,1692892528614177,-,RemoteResource::get_url() - source url: https://data.nsidc.uat.earthdatacloud.nasa.gov/nsidc-cumulus-uat-protected/ATLAS/ATL06/005/2020/01/01/ATL06_20200101223747_00950603_005_01.h5.dmrpp
1692892530,1556,timing,elapsed_us,2273160,start_us,1692892528626018,stop_us,1692892530899178,-,CurlUtils::retrieve_effective_url() -  Following Redirects Starting With: https://data.nsidc.uat.earthdatacloud.nasa.gov/nsidc-cumulus-uat-protected/ATLAS/ATL06/005/2020/01/01/ATL06_20200101223747_00950603_005_01.h5
1692892530,1556,timing,elapsed_us,2361269,start_us,1692892528625973,stop_us,1692892530987242,-,DmrppArray::read_contiguous() -  name: orbit_info_rgt
1692892531,1556,timing,elapsed_us,112774,start_us,1692892530987812,stop_us,1692892531100586,-,DmrppArray::read_super_chunks_concurrent() -  name: gt1r_land_ice_segments_longitude
1692892531,1556,timing,elapsed_us,19777,start_us,1692892531689028,stop_us,1692892531708805,-,DmrppArray::read_contiguous() -  name: orbit_info_crossing_time
1692892531,1556,timing,elapsed_us,20994,start_us,1692892531131075,stop_us,1692892531152069,-,DmrppArray::read_super_chunks_concurrent() -  name: gt2r_land_ice_segments_longitude
1692892531,1556,timing,elapsed_us,21199,start_us,1692892531466877,stop_us,1692892531488076,-,DmrppArray::read_super_chunks_concurrent() -  name: gt3r_land_ice_segments_latitude
1692892531,1556,timing,elapsed_us,21870,start_us,1692892531270375,stop_us,1692892531292245,-,DmrppArray::read_super_chunks_concurrent() -  name: gt3l_land_ice_segments_longitude
1692892531,1556,timing,elapsed_us,22055,start_us,1692892531556750,stop_us,1692892531578805,-,DmrppArray::read_super_chunks_concurrent() -  name: gt2l_land_ice_segments_delta_time
1692892531,1556,timing,elapsed_us,23089,start_us,1692892531152380,stop_us,1692892531175469,-,DmrppArray::read_super_chunks_concurrent() -  name: gt2r_land_ice_segments_latitude
1692892531,1556,timing,elapsed_us,23144,start_us,1692892531443429,stop_us,1692892531466573,-,DmrppArray::read_super_chunks_concurrent() -  name: gt3r_land_ice_segments_longitude
1692892531,1556,timing,elapsed_us,23586,start_us,1692892531665350,stop_us,1692892531688936,-,DmrppArray::read_super_chunks_concurrent() -  name: gt3r_land_ice_segments_delta_time
1692892531,1556,timing,elapsed_us,28244,start_us,1692892531414895,stop_us,1692892531443139,-,DmrppArray::read_super_chunks_concurrent() -  name: gt2l_land_ice_segments_latitude
1692892531,1556,timing,elapsed_us,29857,start_us,1692892531100904,stop_us,1692892531130761,-,DmrppArray::read_super_chunks_concurrent() -  name: gt1r_land_ice_segments_latitude
1692892531,1556,timing,elapsed_us,3084577,start_us,1692892528624483,stop_us,1692892531709060,-,BESDapResponseBuilder::serialize_dap4_data() - Timer
1692892531,1556,timing,elapsed_us,3084948,start_us,1692892528624140,stop_us,1692892531709088,http-nio-8080-exec-2:30[bes_client:/-2],get dap for d1 return as dap2; transmitting
1692892531,1556,timing,elapsed_us,32463,start_us,1692892531488368,stop_us,1692892531520831,-,DmrppArray::read_super_chunks_concurrent() -  name: gt1l_land_ice_segments_delta_time
1692892531,1556,timing,elapsed_us,35318,start_us,1692892531521112,stop_us,1692892531556430,-,DmrppArray::read_super_chunks_concurrent() -  name: gt1r_land_ice_segments_delta_time
1692892531,1556,timing,elapsed_us,36406,start_us,1692892531628647,stop_us,1692892531665053,-,DmrppArray::read_super_chunks_concurrent() -  name: gt3l_land_ice_segments_delta_time
1692892531,1556,timing,elapsed_us,36479,start_us,1692892531233585,stop_us,1692892531270064,-,DmrppArray::read_super_chunks_concurrent() -  name: gt1l_land_ice_segments_latitude
1692892531,1556,timing,elapsed_us,49242,start_us,1692892531579094,stop_us,1692892531628336,-,DmrppArray::read_super_chunks_concurrent() -  name: gt2r_land_ice_segments_delta_time
1692892531,1556,timing,elapsed_us,51813,start_us,1692892531362783,stop_us,1692892531414596,-,DmrppArray::read_super_chunks_concurrent() -  name: gt2l_land_ice_segments_longitude
1692892531,1556,timing,elapsed_us,545,start_us,1692892531710020,stop_us,1692892531710565,-,BESInterface::execute_request
1692892531,1556,timing,elapsed_us,571,start_us,1692892531710016,stop_us,1692892531710587,-,BESServerHandler::execute
1692892531,1556,timing,elapsed_us,57540,start_us,1692892531175758,stop_us,1692892531233298,-,DmrppArray::read_super_chunks_concurrent() -  name: gt1l_land_ice_segments_longitude
1692892531,1556,timing,elapsed_us,5848348,start_us,1692892525860758,stop_us,1692892531709106,-,BESInterface::execute_request
1692892531,1556,timing,elapsed_us,5849275,start_us,1692892525860724,stop_us,1692892531709999,-,BESServerHandler::execute
1692892531,1556,timing,elapsed_us,7,start_us,1692892531710551,stop_us,1692892531710558,client: /-2:35,show status; transmitting
1692892531,1556,timing,elapsed_us,70014,start_us,1692892531292469,stop_us,1692892531362483,-,DmrppArray::read_super_chunks_concurrent() -  name: gt3l_land_ice_segments_latitude
1692892790,1556,timing,elapsed_us,10,start_us,1692892790092681,stop_us,1692892790092691,http-nio-8080-exec-10:38[bes_client:/-2],define d1 in default as ngapContainer with ngapContainer.dap4constraint="/orbit_info_rgt;/orbit_info_crossing_time;/gt3r_land_ice_segments_latitude[0:256:];/gt3r_land_ice_segments_longitude[0:256:];/gt3r_land_ice_segments_delta_time[0:256:];/gt3l_land_ice_segments_latitude[0:256:];/gt3l_land_ice_segments_longitude[0:256:];/gt3l_land_ice_segments_delta_time[0:256:];/gt2r_land_ice_segments_latitude[0:256:];/gt2r_land_ice_segments_longitude[0:256:];/gt2r_land_ice_segments_delta_time[0:256:];/gt2l_land_ice_segments_latitude[0:256:];/gt2l_land_ice_segments_longitude[0:256:];/gt2l_land_ice_segments_delta_time[0:256:];/gt1r_land_ice_segments_latitude[0:256:];/gt1r_land_ice_segments_longitude[0:256:];/gt1r_land_ice_segments_delta_time[0:256:];/gt1l_land_ice_segments_latitude[0:256:];/gt1l_land_ice_segments_longitude[0:256:];/gt1l_land_ice_segments_delta_time[0:256:]"; transmitting
1692892790,1556,timing,elapsed_us,402087,start_us,1692892789689905,stop_us,1692892790091992,-,RemoteResource::get_url() - source url: https://cmr.uat.earthdata.nasa.gov/search/granules.umm_json_v1_4?collection_concept_id=C1241426872-NSIDC_CUAT&granule_ur=ATL06_20200101223747_00950603_005_01.h5
1692892790,1556,timing,elapsed_us,7,start_us,1692892790092441,stop_us,1692892790092448,http-nio-8080-exec-10:38[bes_client:/-2],set container in ngap values ngapContainer,collections/C1241426872-NSIDC_CUAT/granules/ATL06_20200101223747_00950603_005_01.h5; transmitting
1692892792,1556,timing,elapsed_us,104580,start_us,1692892792410678,stop_us,1692892792515258,-,DmrppArray::read_contiguous() -  name: orbit_info_rgt
1692892792,1556,timing,elapsed_us,19255,start_us,1692892792904369,stop_us,1692892792923624,-,DmrppArray::read_super_chunks_concurrent() -  name: gt2l_land_ice_segments_delta_time
1692892792,1556,timing,elapsed_us,19725,start_us,1692892792744820,stop_us,1692892792764545,-,DmrppArray::read_super_chunks_concurrent() -  name: gt3l_land_ice_segments_latitude
1692892792,1556,timing,elapsed_us,19931,start_us,1692892792764859,stop_us,1692892792784790,-,DmrppArray::read_super_chunks_concurrent() -  name: gt2l_land_ice_segments_longitude
1692892792,1556,timing,elapsed_us,20021,start_us,1692892792698237,stop_us,1692892792718258,-,DmrppArray::read_super_chunks_concurrent() -  name: gt1l_land_ice_segments_latitude
1692892792,1556,timing,elapsed_us,20296,start_us,1692892792858874,stop_us,1692892792879170,-,DmrppArray::read_super_chunks_concurrent() -  name: gt1l_land_ice_segments_delta_time
1692892792,1556,timing,elapsed_us,20736,start_us,1692892792617016,stop_us,1692892792637752,-,DmrppArray::read_super_chunks_concurrent() -  name: gt2r_land_ice_segments_longitude
1692892792,1556,timing,elapsed_us,2305623,start_us,1692892790093542,stop_us,1692892792399165,-,RemoteResource::get_url() - source url: https://data.nsidc.uat.earthdatacloud.nasa.gov/nsidc-cumulus-uat-protected/ATLAS/ATL06/005/2020/01/01/ATL06_20200101223747_00950603_005_01.h5.dmrpp
1692892792,1556,timing,elapsed_us,23165,start_us,1692892792923934,stop_us,1692892792947099,-,DmrppArray::read_super_chunks_concurrent() -  name: gt2r_land_ice_segments_delta_time
1692892792,1556,timing,elapsed_us,23365,start_us,1692892792593369,stop_us,1692892792616734,-,DmrppArray::read_super_chunks_concurrent() -  name: gt1r_land_ice_segments_latitude
1692892792,1556,timing,elapsed_us,23656,start_us,1692892792809327,stop_us,1692892792832983,-,DmrppArray::read_super_chunks_concurrent() -  name: gt3r_land_ice_segments_longitude
1692892792,1556,timing,elapsed_us,23855,start_us,1692892792785061,stop_us,1692892792808916,-,DmrppArray::read_super_chunks_concurrent() -  name: gt2l_land_ice_segments_latitude
1692892792,1556,timing,elapsed_us,24214,start_us,1692892792879653,stop_us,1692892792903867,-,DmrppArray::read_super_chunks_concurrent() -  name: gt1r_land_ice_segments_delta_time
1692892792,1556,timing,elapsed_us,25316,start_us,1692892792833264,stop_us,1692892792858580,-,DmrppArray::read_super_chunks_concurrent() -  name: gt3r_land_ice_segments_latitude
1692892792,1556,timing,elapsed_us,25847,start_us,1692892792718509,stop_us,1692892792744356,-,DmrppArray::read_super_chunks_concurrent() -  name: gt3l_land_ice_segments_longitude
1692892792,1556,timing,elapsed_us,27849,start_us,1692892792670094,stop_us,1692892792697943,-,DmrppArray::read_super_chunks_concurrent() -  name: gt1l_land_ice_segments_longitude
1692892792,1556,timing,elapsed_us,31796,start_us,1692892792637999,stop_us,1692892792669795,-,DmrppArray::read_super_chunks_concurrent() -  name: gt2r_land_ice_segments_latitude
1692892792,1556,timing,elapsed_us,55072,start_us,1692892792947391,stop_us,1692892793002463,-,DmrppArray::read_super_chunks_concurrent() -  name: gt3l_land_ice_segments_delta_time
1692892792,1556,timing,elapsed_us,77313,start_us,1692892792515765,stop_us,1692892792593078,-,DmrppArray::read_super_chunks_concurrent() -  name: gt1r_land_ice_segments_longitude
1692892793,1556,timing,elapsed_us,187,start_us,1692892793093051,stop_us,1692892793093238,-,BESInterface::execute_request
1692892793,1556,timing,elapsed_us,19238,start_us,1692892793071826,stop_us,1692892793091064,-,DmrppArray::read_contiguous() -  name: orbit_info_crossing_time
1692892793,1556,timing,elapsed_us,216,start_us,1692892793093047,stop_us,1692892793093263,-,BESServerHandler::execute
1692892793,1556,timing,elapsed_us,3406635,start_us,1692892789684731,stop_us,1692892793091366,-,BESInterface::execute_request
1692892793,1556,timing,elapsed_us,3408319,start_us,1692892789684704,stop_us,1692892793093023,-,BESServerHandler::execute
1692892793,1556,timing,elapsed_us,682080,start_us,1692892792409241,stop_us,1692892793091321,-,BESDapResponseBuilder::serialize_dap4_data() - Timer
1692892793,1556,timing,elapsed_us,682451,start_us,1692892792408898,stop_us,1692892793091349,http-nio-8080-exec-10:38[bes_client:/-2],get dap for d1 return as dap2; transmitting
1692892793,1556,timing,elapsed_us,68955,start_us,1692892793002745,stop_us,1692892793071700,-,DmrppArray::read_super_chunks_concurrent() -  name: gt3r_land_ice_segments_delta_time
1692892793,1556,timing,elapsed_us,7,start_us,1692892793093224,stop_us,1692892793093231,client: /-2:37,show status; transmitting
1692892848,1556,timing,elapsed_us,10,start_us,1692892848092725,stop_us,1692892848092735,http-nio-8080-exec-2:30[bes_client:/-2],define d1 in default as ngapContainer with ngapContainer.dap4constraint="/orbit_info_rgt;/orbit_info_crossing_time;/gt3r_land_ice_segments_latitude[0:256:];/gt3r_land_ice_segments_longitude[0:256:];/gt3r_land_ice_segments_delta_time[0:256:];/gt3l_land_ice_segments_latitude[0:256:];/gt3l_land_ice_segments_longitude[0:256:];/gt3l_land_ice_segments_delta_time[0:256:];/gt2r_land_ice_segments_latitude[0:256:];/gt2r_land_ice_segments_longitude[0:256:];/gt2r_land_ice_segments_delta_time[0:256:];/gt2l_land_ice_segments_latitude[0:256:];/gt2l_land_ice_segments_longitude[0:256:];/gt2l_land_ice_segments_delta_time[0:256:];/gt1r_land_ice_segments_latitude[0:256:];/gt1r_land_ice_segments_longitude[0:256:];/gt1r_land_ice_segments_delta_time[0:256:];/gt1l_land_ice_segments_latitude[0:256:];/gt1l_land_ice_segments_longitude[0:256:];/gt1l_land_ice_segments_delta_time[0:256:]"; transmitting
1692892848,1556,timing,elapsed_us,218771,start_us,1692892847873293,stop_us,1692892848092064,-,RemoteResource::get_url() - source url: https://cmr.uat.earthdata.nasa.gov/search/granules.umm_json_v1_4?collection_concept_id=C1241426872-NSIDC_CUAT&granule_ur=ATL06_20200101223747_00950603_005_01.h5
1692892848,1556,timing,elapsed_us,7,start_us,1692892848092500,stop_us,1692892848092507,http-nio-8080-exec-2:30[bes_client:/-2],set container in ngap values ngapContainer,collections/C1241426872-NSIDC_CUAT/granules/ATL06_20200101223747_00950603_005_01.h5; transmitting
1692892850,1556,timing,elapsed_us,23022,start_us,1692892850793053,stop_us,1692892850816075,-,DmrppArray::read_super_chunks_concurrent() -  name: gt3l_land_ice_segments_latitude
1692892850,1556,timing,elapsed_us,2302547,start_us,1692892848093586,stop_us,1692892850396133,-,RemoteResource::get_url() - source url: https://data.nsidc.uat.earthdatacloud.nasa.gov/nsidc-cumulus-uat-protected/ATLAS/ATL06/005/2020/01/01/ATL06_20200101223747_00950603_005_01.h5.dmrpp
1692892850,1556,timing,elapsed_us,23472,start_us,1692892850679533,stop_us,1692892850703005,-,DmrppArray::read_super_chunks_concurrent() -  name: gt2r_land_ice_segments_latitude
1692892850,1556,timing,elapsed_us,23524,start_us,1692892850728038,stop_us,1692892850751562,-,DmrppArray::read_super_chunks_concurrent() -  name: gt1l_land_ice_segments_latitude
1692892850,1556,timing,elapsed_us,24481,start_us,1692892850703282,stop_us,1692892850727763,-,DmrppArray::read_super_chunks_concurrent() -  name: gt1l_land_ice_segments_longitude
1692892850,1556,timing,elapsed_us,29776,start_us,1692892850934571,stop_us,1692892850964347,-,DmrppArray::read_super_chunks_concurrent() -  name: gt3r_land_ice_segments_longitude
1692892850,1556,timing,elapsed_us,38908,start_us,1692892850640365,stop_us,1692892850679273,-,DmrppArray::read_super_chunks_concurrent() -  name: gt2r_land_ice_segments_longitude
1692892850,1556,timing,elapsed_us,40842,start_us,1692892850599216,stop_us,1692892850640058,-,DmrppArray::read_super_chunks_concurrent() -  name: gt1r_land_ice_segments_latitude
1692892850,1556,timing,elapsed_us,40944,start_us,1692892850751851,stop_us,1692892850792795,-,DmrppArray::read_super_chunks_concurrent() -  name: gt3l_land_ice_segments_longitude
1692892850,1556,timing,elapsed_us,53905,start_us,1692892850880375,stop_us,1692892850934280,-,DmrppArray::read_super_chunks_concurrent() -  name: gt2l_land_ice_segments_latitude
1692892850,1556,timing,elapsed_us,63698,start_us,1692892850816371,stop_us,1692892850880069,-,DmrppArray::read_super_chunks_concurrent() -  name: gt2l_land_ice_segments_longitude
1692892850,1556,timing,elapsed_us,93789,start_us,1692892850407669,stop_us,1692892850501458,-,DmrppArray::read_contiguous() -  name: orbit_info_rgt
1692892850,1556,timing,elapsed_us,96983,start_us,1692892850501935,stop_us,1692892850598918,-,DmrppArray::read_super_chunks_concurrent() -  name: gt1r_land_ice_segments_longitude
1692892851,1556,timing,elapsed_us,1102458,start_us,1692892850406228,stop_us,1692892851508686,-,BESDapResponseBuilder::serialize_dap4_data() - Timer
1692892851,1556,timing,elapsed_us,1102828,start_us,1692892850405887,stop_us,1692892851508715,http-nio-8080-exec-2:30[bes_client:/-2],get dap for d1 return as dap2; transmitting
1692892851,1556,timing,elapsed_us,143881,start_us,1692892851040274,stop_us,1692892851184155,-,DmrppArray::read_super_chunks_concurrent() -  name: gt1l_land_ice_segments_delta_time
1692892851,1556,timing,elapsed_us,183,start_us,1692892851510072,stop_us,1692892851510255,-,BESInterface::execute_request
1692892851,1556,timing,elapsed_us,210,start_us,1692892851510068,stop_us,1692892851510278,-,BESServerHandler::execute
1692892851,1556,timing,elapsed_us,21981,start_us,1692892851252574,stop_us,1692892851274555,-,DmrppArray::read_super_chunks_concurrent() -  name: gt2l_land_ice_segments_delta_time
1692892851,1556,timing,elapsed_us,3639992,start_us,1692892847868753,stop_us,1692892851508745,-,BESInterface::execute_request
1692892851,1556,timing,elapsed_us,3641332,start_us,1692892847868717,stop_us,1692892851510049,-,BESServerHandler::execute
1692892851,1556,timing,elapsed_us,50337,start_us,1692892851331452,stop_us,1692892851381789,-,DmrppArray::read_super_chunks_concurrent() -  name: gt3l_land_ice_segments_delta_time
1692892851,1556,timing,elapsed_us,56320,start_us,1692892851274833,stop_us,1692892851331153,-,DmrppArray::read_super_chunks_concurrent() -  name: gt2r_land_ice_segments_delta_time
1692892851,1556,timing,elapsed_us,56519,start_us,1692892851382091,stop_us,1692892851438610,-,DmrppArray::read_super_chunks_concurrent() -  name: gt3r_land_ice_segments_delta_time
1692892851,1556,timing,elapsed_us,6,start_us,1692892851510241,stop_us,1692892851510247,client: /-2:39,show status; transmitting
1692892851,1556,timing,elapsed_us,67789,start_us,1692892851184494,stop_us,1692892851252283,-,DmrppArray::read_super_chunks_concurrent() -  name: gt1r_land_ice_segments_delta_time
1692892851,1556,timing,elapsed_us,69715,start_us,1692892851438706,stop_us,1692892851508421,-,DmrppArray::read_contiguous() -  name: orbit_info_crossing_time
1692892851,1556,timing,elapsed_us,75285,start_us,1692892850964711,stop_us,1692892851039996,-,DmrppArray::read_super_chunks_concurrent() -  name: gt3r_land_ice_segments_latitude
1692892869,1556,timing,elapsed_us,219435,start_us,1692892868821340,stop_us,1692892869040775,-,RemoteResource::get_url() - source url: https://cmr.uat.earthdata.nasa.gov/search/granules.umm_json_v1_4?collection_concept_id=C1241426887-NSIDC_CUAT&granule_ur=ATL07-01_20200101015629_00820601_005_01.h5
1692892869,1556,timing,elapsed_us,7,start_us,1692892869041272,stop_us,1692892869041279,http-nio-8080-exec-9:37[bes_client:/-2],set container in ngap values ngapContainer,collections/C1241426887-NSIDC_CUAT/granules/ATL07-01_20200101015629_00820601_005_01.h5; transmitting
1692892869,1556,timing,elapsed_us,7,start_us,1692892869041475,stop_us,1692892869041482,http-nio-8080-exec-9:37[bes_client:/-2],define d1 in default as ngapContainer with ngapContainer.dap4constraint="/orbit_info_rgt;/orbit_info_crossing_time;/gt3r_sea_ice_segments_latitude[0:1024:];/gt3r_sea_ice_segments_longitude[0:1024:];/gt3r_sea_ice_segments_delta_time[0:1024:];/gt3l_sea_ice_segments_latitude[0:1024:];/gt3l_sea_ice_segments_longitude[0:1024:];/gt3l_sea_ice_segments_delta_time[0:1024:];/gt2r_sea_ice_segments_latitude[0:1024:];/gt2r_sea_ice_segments_longitude[0:1024:];/gt2r_sea_ice_segments_delta_time[0:1024:];/gt2l_sea_ice_segments_latitude[0:1024:];/gt2l_sea_ice_segments_longitude[0:1024:];/gt2l_sea_ice_segments_delta_time[0:1024:];/gt1r_sea_ice_segments_latitude[0:1024:];/gt1r_sea_ice_segments_longitude[0:1024:];/gt1r_sea_ice_segments_delta_time[0:1024:];/gt1l_sea_ice_segments_latitude[0:1024:];/gt1l_sea_ice_segments_longitude[0:1024:];/gt1l_sea_ice_segments_delta_time[0:1024:]"; transmitting
1692892871,1556,timing,elapsed_us,2582795,start_us,1692892869042344,stop_us,1692892871625139,-,RemoteResource::get_url() - source url: https://data.nsidc.uat.earthdatacloud.nasa.gov/nsidc-cumulus-uat-protected/ATLAS/ATL07/005/2020/01/01/ATL07-01_20200101015629_00820601_005_01.h5.dmrpp
1692892874,1556,timing,elapsed_us,2439856,start_us,1692892871641860,stop_us,1692892874081716,-,CurlUtils::retrieve_effective_url() -  Following Redirects Starting With: https://data.nsidc.uat.earthdatacloud.nasa.gov/nsidc-cumulus-uat-protected/ATLAS/ATL07/005/2020/01/01/ATL07-01_20200101015629_00820601_005_01.h5
1692892874,1556,timing,elapsed_us,2615063,start_us,1692892871641811,stop_us,1692892874256874,-,DmrppArray::read_contiguous() -  name: orbit_info_rgt
1692892875,1556,timing,elapsed_us,146404,start_us,1692892875063384,stop_us,1692892875209788,-,DmrppArray::read_super_chunks_concurrent() -  name: gt1r_sea_ice_segments_latitude
1692892875,1556,timing,elapsed_us,192326,start_us,1692892875624416,stop_us,1692892875816742,-,DmrppArray::read_super_chunks_concurrent() -  name: gt2r_sea_ice_segments_latitude
1692892875,1556,timing,elapsed_us,412575,start_us,1692892875210891,stop_us,1692892875623466,-,DmrppArray::read_super_chunks_concurrent() -  name: gt2r_sea_ice_segments_longitude
1692892875,1556,timing,elapsed_us,803829,start_us,1692892874258349,stop_us,1692892875062178,-,DmrppArray::read_super_chunks_concurrent() -  name: gt1r_sea_ice_segments_longitude
1692892876,1556,timing,elapsed_us,151471,start_us,1692892876576104,stop_us,1692892876727575,-,DmrppArray::read_super_chunks_concurrent() -  name: gt1l_sea_ice_segments_latitude
1692892876,1556,timing,elapsed_us,756987,start_us,1692892875817930,stop_us,1692892876574917,-,DmrppArray::read_super_chunks_concurrent() -  name: gt1l_sea_ice_segments_longitude
1692892877,1556,timing,elapsed_us,371027,start_us,1692892877252987,stop_us,1692892877624014,-,DmrppArray::read_super_chunks_concurrent() -  name: gt3l_sea_ice_segments_latitude
1692892877,1556,timing,elapsed_us,522940,start_us,1692892876728849,stop_us,1692892877251789,-,DmrppArray::read_super_chunks_concurrent() -  name: gt3l_sea_ice_segments_longitude
1692892878,1556,timing,elapsed_us,150896,start_us,1692892878727087,stop_us,1692892878877983,-,DmrppArray::read_super_chunks_concurrent() -  name: gt1l_sea_ice_segments_delta_time
1692892878,1556,timing,elapsed_us,155125,start_us,1692892878117425,stop_us,1692892878272550,-,DmrppArray::read_super_chunks_concurrent() -  name: gt2l_sea_ice_segments_latitude
1692892878,1556,timing,elapsed_us,167416,start_us,1692892878273669,stop_us,1692892878441085,-,DmrppArray::read_super_chunks_concurrent() -  name: gt3r_sea_ice_segments_longitude
1692892878,1556,timing,elapsed_us,283622,start_us,1692892878442280,stop_us,1692892878725902,-,DmrppArray::read_super_chunks_concurrent() -  name: gt3r_sea_ice_segments_latitude
1692892878,1556,timing,elapsed_us,491151,start_us,1692892877625037,stop_us,1692892878116188,-,DmrppArray::read_super_chunks_concurrent() -  name: gt2l_sea_ice_segments_longitude
1692892879,1556,timing,elapsed_us,102495,start_us,1692892879186379,stop_us,1692892879288874,-,DmrppArray::read_super_chunks_concurrent() -  name: gt2r_sea_ice_segments_delta_time
1692892879,1556,timing,elapsed_us,11172991,start_us,1692892868816750,stop_us,1692892879989741,-,BESInterface::execute_request
1692892879,1556,timing,elapsed_us,11174409,start_us,1692892868816723,stop_us,1692892879991132,-,BESServerHandler::execute
1692892879,1556,timing,elapsed_us,118085,start_us,1692892879290069,stop_us,1692892879408154,-,DmrppArray::read_super_chunks_concurrent() -  name: gt3l_sea_ice_segments_delta_time
1692892879,1556,timing,elapsed_us,149928,start_us,1692892878879171,stop_us,1692892879029099,-,DmrppArray::read_super_chunks_concurrent() -  name: gt1r_sea_ice_segments_delta_time
1692892879,1556,timing,elapsed_us,155302,start_us,1692892879030101,stop_us,1692892879185403,-,DmrppArray::read_super_chunks_concurrent() -  name: gt2l_sea_ice_segments_delta_time
1692892879,1556,timing,elapsed_us,479,start_us,1692892879991155,stop_us,1692892879991634,-,BESInterface::execute_request
1692892879,1556,timing,elapsed_us,48374,start_us,1692892879941017,stop_us,1692892879989391,-,DmrppArray::read_contiguous() -  name: orbit_info_crossing_time
1692892879,1556,timing,elapsed_us,507,start_us,1692892879991151,stop_us,1692892879991658,-,BESServerHandler::execute
1692892879,1556,timing,elapsed_us,531513,start_us,1692892879409352,stop_us,1692892879940865,-,DmrppArray::read_super_chunks_concurrent() -  name: gt3r_sea_ice_segments_delta_time
1692892879,1556,timing,elapsed_us,7,start_us,1692892879991619,stop_us,1692892879991626,client: /-2:41,show status; transmitting
1692892879,1556,timing,elapsed_us,8349223,start_us,1692892871640460,stop_us,1692892879989683,-,BESDapResponseBuilder::serialize_dap4_data() - Timer
1692892879,1556,timing,elapsed_us,8349628,start_us,1692892871640096,stop_us,1692892879989724,http-nio-8080-exec-9:37[bes_client:/-2],get dap for d1 return as dap2; transmitting
1692892956,1556,timing,elapsed_us,11,start_us,1692892956045454,stop_us,1692892956045465,http-nio-8080-exec-3:31[bes_client:/-2],define d1 in default as ngapContainer with ngapContainer.dap4constraint="/orbit_info_rgt;/orbit_info_crossing_time;/gt3r_sea_ice_segments_latitude[0:1024:];/gt3r_sea_ice_segments_longitude[0:1024:];/gt3r_sea_ice_segments_delta_time[0:1024:];/gt3l_sea_ice_segments_latitude[0:1024:];/gt3l_sea_ice_segments_longitude[0:1024:];/gt3l_sea_ice_segments_delta_time[0:1024:];/gt2r_sea_ice_segments_latitude[0:1024:];/gt2r_sea_ice_segments_longitude[0:1024:];/gt2r_sea_ice_segments_delta_time[0:1024:];/gt2l_sea_ice_segments_latitude[0:1024:];/gt2l_sea_ice_segments_longitude[0:1024:];/gt2l_sea_ice_segments_delta_time[0:1024:];/gt1r_sea_ice_segments_latitude[0:1024:];/gt1r_sea_ice_segments_longitude[0:1024:];/gt1r_sea_ice_segments_delta_time[0:1024:];/gt1l_sea_ice_segments_latitude[0:1024:];/gt1l_sea_ice_segments_longitude[0:1024:];/gt1l_sea_ice_segments_delta_time[0:1024:]"; transmitting
1692892956,1556,timing,elapsed_us,243463,start_us,1692892955801386,stop_us,1692892956044849,-,RemoteResource::get_url() - source url: https://cmr.uat.earthdata.nasa.gov/search/granules.umm_json_v1_4?collection_concept_id=C1241426887-NSIDC_CUAT&granule_ur=ATL07-01_20200101015629_00820601_005_01.h5
1692892956,1556,timing,elapsed_us,7,start_us,1692892956045142,stop_us,1692892956045149,http-nio-8080-exec-3:31[bes_client:/-2],set container in ngap values ngapContainer,collections/C1241426887-NSIDC_CUAT/granules/ATL07-01_20200101015629_00820601_005_01.h5; transmitting
1692892958,1556,timing,elapsed_us,192864,start_us,1692892958379339,stop_us,1692892958572203,-,DmrppArray::read_contiguous() -  name: orbit_info_rgt
1692892958,1556,timing,elapsed_us,2314993,start_us,1692892956046345,stop_us,1692892958361338,-,RemoteResource::get_url() - source url: https://data.nsidc.uat.earthdatacloud.nasa.gov/nsidc-cumulus-uat-protected/ATLAS/ATL07/005/2020/01/01/ATL07-01_20200101015629_00820601_005_01.h5.dmrpp
1692892958,1556,timing,elapsed_us,250608,start_us,1692892958573315,stop_us,1692892958823923,-,DmrppArray::read_super_chunks_concurrent() -  name: gt1r_sea_ice_segments_longitude
1692892959,1556,timing,elapsed_us,157482,start_us,1692892959575636,stop_us,1692892959733118,-,DmrppArray::read_super_chunks_concurrent() -  name: gt1l_sea_ice_segments_delta_time
1692892959,1556,timing,elapsed_us,182741,start_us,1692892958825198,stop_us,1692892959007939,-,DmrppArray::read_super_chunks_concurrent() -  name: gt1r_sea_ice_segments_latitude
1692892959,1556,timing,elapsed_us,40220,start_us,1692892959311751,stop_us,1692892959351971,-,DmrppArray::read_super_chunks_concurrent() -  name: gt3l_sea_ice_segments_latitude
1692892959,1556,timing,elapsed_us,45638,start_us,1692892959424342,stop_us,1692892959469980,-,DmrppArray::read_super_chunks_concurrent() -  name: gt2l_sea_ice_segments_latitude
1692892959,1556,timing,elapsed_us,47285,start_us,1692892959527335,stop_us,1692892959574620,-,DmrppArray::read_super_chunks_concurrent() -  name: gt3r_sea_ice_segments_latitude
1692892959,1556,timing,elapsed_us,49786,start_us,1692892959147332,stop_us,1692892959197118,-,DmrppArray::read_super_chunks_concurrent() -  name: gt1l_sea_ice_segments_longitude
1692892959,1556,timing,elapsed_us,51545,start_us,1692892959198076,stop_us,1692892959249621,-,DmrppArray::read_super_chunks_concurrent() -  name: gt1l_sea_ice_segments_latitude
1692892959,1556,timing,elapsed_us,54980,start_us,1692892959471179,stop_us,1692892959526159,-,DmrppArray::read_super_chunks_concurrent() -  name: gt3r_sea_ice_segments_longitude
1692892959,1556,timing,elapsed_us,59934,start_us,1692892959250637,stop_us,1692892959310571,-,DmrppArray::read_super_chunks_concurrent() -  name: gt3l_sea_ice_segments_longitude
1692892959,1556,timing,elapsed_us,60822,start_us,1692892959734117,stop_us,1692892959794939,-,DmrppArray::read_super_chunks_concurrent() -  name: gt1r_sea_ice_segments_delta_time
1692892959,1556,timing,elapsed_us,64091,start_us,1692892959082162,stop_us,1692892959146253,-,DmrppArray::read_super_chunks_concurrent() -  name: gt2r_sea_ice_segments_latitude
1692892959,1556,timing,elapsed_us,70501,start_us,1692892959352965,stop_us,1692892959423466,-,DmrppArray::read_super_chunks_concurrent() -  name: gt2l_sea_ice_segments_longitude
1692892959,1556,timing,elapsed_us,72148,start_us,1692892959009039,stop_us,1692892959081187,-,DmrppArray::read_super_chunks_concurrent() -  name: gt2r_sea_ice_segments_longitude
1692892959,1556,timing,elapsed_us,77437,start_us,1692892959795968,stop_us,1692892959873405,-,DmrppArray::read_super_chunks_concurrent() -  name: gt2l_sea_ice_segments_delta_time
1692892960,1556,timing,elapsed_us,134521,start_us,1692892959874369,stop_us,1692892960008890,-,DmrppArray::read_super_chunks_concurrent() -  name: gt2r_sea_ice_segments_delta_time
1692892960,1556,timing,elapsed_us,1800834,start_us,1692892958378007,stop_us,1692892960178841,-,BESDapResponseBuilder::serialize_dap4_data() - Timer
1692892960,1556,timing,elapsed_us,1801253,start_us,1692892958377618,stop_us,1692892960178871,http-nio-8080-exec-3:31[bes_client:/-2],get dap for d1 return as dap2; transmitting
1692892960,1556,timing,elapsed_us,210,start_us,1692892960180460,stop_us,1692892960180670,-,BESInterface::execute_request
1692892960,1556,timing,elapsed_us,237,start_us,1692892960180456,stop_us,1692892960180693,-,BESServerHandler::execute
1692892960,1556,timing,elapsed_us,30495,start_us,1692892960148063,stop_us,1692892960178558,-,DmrppArray::read_contiguous() -  name: orbit_info_crossing_time
1692892960,1556,timing,elapsed_us,4382130,start_us,1692892955796753,stop_us,1692892960178883,-,BESInterface::execute_request
1692892960,1556,timing,elapsed_us,4383721,start_us,1692892955796715,stop_us,1692892960180436,-,BESServerHandler::execute
1692892960,1556,timing,elapsed_us,61250,start_us,1692892960010109,stop_us,1692892960071359,-,DmrppArray::read_super_chunks_concurrent() -  name: gt3l_sea_ice_segments_delta_time
1692892960,1556,timing,elapsed_us,75480,start_us,1692892960072460,stop_us,1692892960147940,-,DmrppArray::read_super_chunks_concurrent() -  name: gt3r_sea_ice_segments_delta_time
1692892960,1556,timing,elapsed_us,8,start_us,1692892960180651,stop_us,1692892960180659,client: /-2:43,show status; transmitting
1692893006,1556,timing,elapsed_us,245336,start_us,1692893006021606,stop_us,1692893006266942,-,RemoteResource::get_url() - source url: https://cmr.uat.earthdata.nasa.gov/search/granules.umm_json_v1_4?collection_concept_id=C1241426907-NSIDC_CUAT&granule_ur=ATL08_20200101145654_00900605_005_01.h5
1692893006,1556,timing,elapsed_us,6,start_us,1692893006267798,stop_us,1692893006267804,http-nio-8080-exec-7:35[bes_client:/-2],define d1 in default as ngapContainer with ngapContainer.dap4constraint="/orbit_info_rgt;/orbit_info_crossing_time;/gt3r_land_segments_latitude[0:64:];/gt3r_land_segments_longitude[0:64:];/gt3r_land_segments_delta_time[0:64:];/gt3l_land_segments_latitude[0:64:];/gt3l_land_segments_longitude[0:64:];/gt3l_land_segments_delta_time[0:64:];/gt2r_land_segments_latitude[0:64:];/gt2r_land_segments_longitude[0:64:];/gt2r_land_segments_delta_time[0:64:];/gt2l_land_segments_latitude[0:64:];/gt2l_land_segments_longitude[0:64:];/gt2l_land_segments_delta_time[0:64:];/gt1r_land_segments_latitude[0:64:];/gt1r_land_segments_longitude[0:64:];/gt1r_land_segments_delta_time[0:64:];/gt1l_land_segments_latitude[0:64:];/gt1l_land_segments_longitude[0:64:];/gt1l_land_segments_delta_time[0:64:]"; transmitting
1692893006,1556,timing,elapsed_us,7,start_us,1692893006267473,stop_us,1692893006267480,http-nio-8080-exec-7:35[bes_client:/-2],set container in ngap values ngapContainer,collections/C1241426907-NSIDC_CUAT/granules/ATL08_20200101145654_00900605_005_01.h5; transmitting
1692893008,1556,timing,elapsed_us,16690,start_us,1692893008742957,stop_us,1692893008759647,-,DmrppArray::read_contiguous() -  name: gt2l_land_segments_delta_time
1692893008,1556,timing,elapsed_us,17016,start_us,1692893008759737,stop_us,1692893008776753,-,DmrppArray::read_contiguous() -  name: gt2r_land_segments_delta_time
1692893008,1556,timing,elapsed_us,17240,start_us,1692893008883424,stop_us,1692893008900664,-,DmrppArray::read_contiguous() -  name: gt1r_land_segments_longitude
1692893008,1556,timing,elapsed_us,17656,start_us,1692893008776819,stop_us,1692893008794475,-,DmrppArray::read_contiguous() -  name: gt3l_land_segments_delta_time
1692893008,1556,timing,elapsed_us,18002,start_us,1692893008900756,stop_us,1692893008918758,-,DmrppArray::read_contiguous() -  name: gt1r_land_segments_latitude
1692893008,1556,timing,elapsed_us,18758,start_us,1692893008939438,stop_us,1692893008958196,-,DmrppArray::read_contiguous() -  name: gt2r_land_segments_latitude
1692893008,1556,timing,elapsed_us,19073,start_us,1692893008723803,stop_us,1692893008742876,-,DmrppArray::read_contiguous() -  name: gt1r_land_segments_delta_time
1692893008,1556,timing,elapsed_us,20442,start_us,1692893008918822,stop_us,1692893008939264,-,DmrppArray::read_contiguous() -  name: gt2r_land_segments_longitude
1692893008,1556,timing,elapsed_us,20606,start_us,1692893008862646,stop_us,1692893008883252,-,DmrppArray::read_contiguous() -  name: orbit_info_rgt
1692893008,1556,timing,elapsed_us,2351053,start_us,1692893006268700,stop_us,1692893008619753,-,RemoteResource::get_url() - source url: https://data.nsidc.uat.earthdatacloud.nasa.gov/nsidc-cumulus-uat-protected/ATLAS/ATL08/005/2020/01/01/ATL08_20200101145654_00900605_005_01.h5.dmrpp
1692893008,1556,timing,elapsed_us,30388,start_us,1692893008832075,stop_us,1692893008862463,-,DmrppArray::read_contiguous() -  name: orbit_info_crossing_time
1692893008,1556,timing,elapsed_us,37356,start_us,1692893008794644,stop_us,1692893008832000,-,DmrppArray::read_contiguous() -  name: gt3r_land_segments_delta_time
1692893008,1556,timing,elapsed_us,84510,start_us,1692893008639192,stop_us,1692893008723702,-,DmrppArray::read_contiguous() -  name: gt1l_land_segments_delta_time
1692893009,1556,timing,elapsed_us,16834,start_us,1692893009116344,stop_us,1692893009133178,-,DmrppArray::read_contiguous() -  name: gt2l_land_segments_latitude
1692893009,1556,timing,elapsed_us,17075,start_us,1692893009151201,stop_us,1692893009168276,-,DmrppArray::read_contiguous() -  name: gt3r_land_segments_latitude
1692893009,1556,timing,elapsed_us,17684,start_us,1692893009133354,stop_us,1692893009151038,-,DmrppArray::read_contiguous() -  name: gt3r_land_segments_longitude
1692893009,1556,timing,elapsed_us,179,start_us,1692893009169781,stop_us,1692893009169960,-,BESInterface::execute_request
1692893009,1556,timing,elapsed_us,18066,start_us,1692893009009736,stop_us,1692893009027802,-,DmrppArray::read_contiguous() -  name: gt1l_land_segments_latitude
1692893009,1556,timing,elapsed_us,18456,start_us,1692893009027864,stop_us,1692893009046320,-,DmrppArray::read_contiguous() -  name: gt3l_land_segments_longitude
1692893009,1556,timing,elapsed_us,19618,start_us,1692893009096573,stop_us,1692893009116191,-,DmrppArray::read_contiguous() -  name: gt2l_land_segments_longitude
1692893009,1556,timing,elapsed_us,211,start_us,1692893009169776,stop_us,1692893009169987,-,BESServerHandler::execute
1692893009,1556,timing,elapsed_us,3151850,start_us,1692893006016700,stop_us,1692893009168550,-,BESInterface::execute_request
1692893009,1556,timing,elapsed_us,3153065,start_us,1692893006016683,stop_us,1692893009169748,-,BESServerHandler::execute
1692893009,1556,timing,elapsed_us,49953,start_us,1692893009046472,stop_us,1692893009096425,-,DmrppArray::read_contiguous() -  name: gt3l_land_segments_latitude
1692893009,1556,timing,elapsed_us,51257,start_us,1692893008958352,stop_us,1692893009009609,-,DmrppArray::read_contiguous() -  name: gt1l_land_segments_longitude
1692893009,1556,timing,elapsed_us,530591,start_us,1692893008637916,stop_us,1692893009168507,-,BESDapResponseBuilder::serialize_dap4_data() - Timer
1692893009,1556,timing,elapsed_us,530865,start_us,1692893008637669,stop_us,1692893009168534,http-nio-8080-exec-7:35[bes_client:/-2],get dap for d1 return as dap2; transmitting
1692893009,1556,timing,elapsed_us,6,start_us,1692893009169946,stop_us,1692893009169952,client: /-2:45,show status; transmitting
1692893024,1556,timing,elapsed_us,200662,start_us,1692893024545664,stop_us,1692893024746326,-,RemoteResource::get_url() - source url: https://cmr.uat.earthdata.nasa.gov/search/granules.umm_json_v1_4?collection_concept_id=C1241426907-NSIDC_CUAT&granule_ur=ATL08_20200101145654_00900605_005_01.h5
1692893024,1556,timing,elapsed_us,6,start_us,1692893024747109,stop_us,1692893024747115,http-nio-8080-exec-7:35[bes_client:/-2],define d1 in default as ngapContainer with ngapContainer.dap4constraint="/orbit_info_rgt;/orbit_info_crossing_time;/gt3r_land_segments_latitude[0:64:];/gt3r_land_segments_longitude[0:64:];/gt3r_land_segments_delta_time[0:64:];/gt3l_land_segments_latitude[0:64:];/gt3l_land_segments_longitude[0:64:];/gt3l_land_segments_delta_time[0:64:];/gt2r_land_segments_latitude[0:64:];/gt2r_land_segments_longitude[0:64:];/gt2r_land_segments_delta_time[0:64:];/gt2l_land_segments_latitude[0:64:];/gt2l_land_segments_longitude[0:64:];/gt2l_land_segments_delta_time[0:64:];/gt1r_land_segments_latitude[0:64:];/gt1r_land_segments_longitude[0:64:];/gt1r_land_segments_delta_time[0:64:];/gt1l_land_segments_latitude[0:64:];/gt1l_land_segments_longitude[0:64:];/gt1l_land_segments_delta_time[0:64:]"; transmitting
1692893024,1556,timing,elapsed_us,7,start_us,1692893024746745,stop_us,1692893024746752,http-nio-8080-exec-7:35[bes_client:/-2],set container in ngap values ngapContainer,collections/C1241426907-NSIDC_CUAT/granules/ATL08_20200101145654_00900605_005_01.h5; transmitting
1692893027,1556,timing,elapsed_us,100341,start_us,1692893027127902,stop_us,1692893027228243,-,DmrppArray::read_contiguous() -  name: gt1l_land_segments_delta_time
1692893027,1556,timing,elapsed_us,15986,start_us,1692893027815140,stop_us,1692893027831126,-,DmrppArray::read_contiguous() -  name: gt3r_land_segments_longitude
1692893027,1556,timing,elapsed_us,16132,start_us,1692893027762286,stop_us,1692893027778418,-,DmrppArray::read_contiguous() -  name: gt2l_land_segments_longitude
1692893027,1556,timing,elapsed_us,17126,start_us,1692893027831284,stop_us,1692893027848410,-,DmrppArray::read_contiguous() -  name: gt3r_land_segments_latitude
1692893027,1556,timing,elapsed_us,17539,start_us,1692893027719879,stop_us,1692893027737418,-,DmrppArray::read_contiguous() -  name: gt3l_land_segments_longitude
1692893027,1556,timing,elapsed_us,176,start_us,1692893027849705,stop_us,1692893027849881,-,BESInterface::execute_request
1692893027,1556,timing,elapsed_us,17654,start_us,1692893027660460,stop_us,1692893027678114,-,DmrppArray::read_contiguous() -  name: gt2r_land_segments_latitude
1692893027,1556,timing,elapsed_us,17985,start_us,1692893027642409,stop_us,1692893027660394,-,DmrppArray::read_contiguous() -  name: gt2r_land_segments_longitude
1692893027,1556,timing,elapsed_us,18702,start_us,1692893027678177,stop_us,1692893027696879,-,DmrppArray::read_contiguous() -  name: gt1l_land_segments_longitude
1692893027,1556,timing,elapsed_us,204,start_us,1692893027849701,stop_us,1692893027849905,-,BESServerHandler::execute
1692893027,1556,timing,elapsed_us,21174,start_us,1692893027442356,stop_us,1692893027463530,-,DmrppArray::read_contiguous() -  name: gt3r_land_segments_delta_time
1692893027,1556,timing,elapsed_us,22689,start_us,1692893027697039,stop_us,1692893027719728,-,DmrppArray::read_contiguous() -  name: gt1l_land_segments_latitude
1692893027,1556,timing,elapsed_us,2361151,start_us,1692893024747969,stop_us,1692893027109120,-,RemoteResource::get_url() - source url: https://data.nsidc.uat.earthdatacloud.nasa.gov/nsidc-cumulus-uat-protected/ATLAS/ATL08/005/2020/01/01/ATL08_20200101145654_00900605_005_01.h5.dmrpp
1692893027,1556,timing,elapsed_us,24729,start_us,1692893027737480,stop_us,1692893027762209,-,DmrppArray::read_contiguous() -  name: gt3l_land_segments_latitude
1692893027,1556,timing,elapsed_us,24781,start_us,1692893027617454,stop_us,1692893027642235,-,DmrppArray::read_contiguous() -  name: gt1r_land_segments_latitude
1692893027,1556,timing,elapsed_us,27623,start_us,1692893027414564,stop_us,1692893027442187,-,DmrppArray::read_contiguous() -  name: gt3l_land_segments_delta_time
1692893027,1556,timing,elapsed_us,3307757,start_us,1692893024540777,stop_us,1692893027848534,-,BESInterface::execute_request
1692893027,1556,timing,elapsed_us,3308935,start_us,1692893024540745,stop_us,1692893027849680,-,BESServerHandler::execute
1692893027,1556,timing,elapsed_us,36507,start_us,1692893027778491,stop_us,1692893027814998,-,DmrppArray::read_contiguous() -  name: gt2l_land_segments_latitude
1692893027,1556,timing,elapsed_us,43253,start_us,1692893027228399,stop_us,1692893027271652,-,DmrppArray::read_contiguous() -  name: gt1r_land_segments_delta_time
1692893027,1556,timing,elapsed_us,49483,start_us,1692893027463606,stop_us,1692893027513089,-,DmrppArray::read_contiguous() -  name: orbit_info_crossing_time
1692893027,1556,timing,elapsed_us,49746,start_us,1692893027567629,stop_us,1692893027617375,-,DmrppArray::read_contiguous() -  name: gt1r_land_segments_longitude
1692893027,1556,timing,elapsed_us,54263,start_us,1692893027513182,stop_us,1692893027567445,-,DmrppArray::read_contiguous() -  name: orbit_info_rgt
1692893027,1556,timing,elapsed_us,55942,start_us,1692893027271720,stop_us,1692893027327662,-,DmrppArray::read_contiguous() -  name: gt2l_land_segments_delta_time
1692893027,1556,timing,elapsed_us,6,start_us,1692893027849868,stop_us,1692893027849874,client: /-2:47,show status; transmitting
1692893027,1556,timing,elapsed_us,721909,start_us,1692893027126606,stop_us,1692893027848515,-,BESDapResponseBuilder::serialize_dap4_data() - Timer
1692893027,1556,timing,elapsed_us,722169,start_us,1692893027126358,stop_us,1692893027848527,http-nio-8080-exec-7:35[bes_client:/-2],get dap for d1 return as dap2; transmitting
1692893027,1556,timing,elapsed_us,86736,start_us,1692893027327754,stop_us,1692893027414490,-,DmrppArray::read_contiguous() -  name: gt2r_land_segments_delta_time
1692893042,1556,timing,elapsed_us,204554,start_us,1692893042729427,stop_us,1692893042933981,-,RemoteResource::get_url() - source url: https://cmr.uat.earthdata.nasa.gov/search/granules.umm_json_v1_4?collection_concept_id=C1241426907-NSIDC_CUAT&granule_ur=ATL08_20200101145654_00900605_005_01.h5
1692893042,1556,timing,elapsed_us,5,start_us,1692893042934777,stop_us,1692893042934782,http-nio-8080-exec-1:29[bes_client:/-2],define d1 in default as ngapContainer with ngapContainer.dap4constraint="/orbit_info_rgt;/orbit_info_crossing_time;/gt3r_land_segments_latitude[0:64:];/gt3r_land_segments_longitude[0:64:];/gt3r_land_segments_delta_time[0:64:];/gt3l_land_segments_latitude[0:64:];/gt3l_land_segments_longitude[0:64:];/gt3l_land_segments_delta_time[0:64:];/gt2r_land_segments_latitude[0:64:];/gt2r_land_segments_longitude[0:64:];/gt2r_land_segments_delta_time[0:64:];/gt2l_land_segments_latitude[0:64:];/gt2l_land_segments_longitude[0:64:];/gt2l_land_segments_delta_time[0:64:];/gt1r_land_segments_latitude[0:64:];/gt1r_land_segments_longitude[0:64:];/gt1r_land_segments_delta_time[0:64:];/gt1l_land_segments_latitude[0:64:];/gt1l_land_segments_longitude[0:64:];/gt1l_land_segments_delta_time[0:64:]"; transmitting
1692893042,1556,timing,elapsed_us,7,start_us,1692893042934409,stop_us,1692893042934416,http-nio-8080-exec-1:29[bes_client:/-2],set container in ngap values ngapContainer,collections/C1241426907-NSIDC_CUAT/granules/ATL08_20200101145654_00900605_005_01.h5; transmitting
1692893045,1556,timing,elapsed_us,121837,start_us,1692893045248519,stop_us,1692893045370356,-,DmrppArray::read_contiguous() -  name: gt1l_land_segments_delta_time
1692893045,1556,timing,elapsed_us,14096,start_us,1692893045537310,stop_us,1692893045551406,-,DmrppArray::read_contiguous() -  name: gt1r_land_segments_longitude
1692893045,1556,timing,elapsed_us,14419,start_us,1692893045620152,stop_us,1692893045634571,-,DmrppArray::read_contiguous() -  name: gt1l_land_segments_latitude
1692893045,1556,timing,elapsed_us,15113,start_us,1692893045604971,stop_us,1692893045620084,-,DmrppArray::read_contiguous() -  name: gt1l_land_segments_longitude
1692893045,1556,timing,elapsed_us,15120,start_us,1692893045703630,stop_us,1692893045718750,-,DmrppArray::read_contiguous() -  name: gt2l_land_segments_latitude
1692893045,1556,timing,elapsed_us,15160,start_us,1692893045420075,stop_us,1692893045435235,-,DmrppArray::read_contiguous() -  name: gt2l_land_segments_delta_time
1692893045,1556,timing,elapsed_us,15469,start_us,1692893045687995,stop_us,1692893045703464,-,DmrppArray::read_contiguous() -  name: gt2l_land_segments_longitude
1692893045,1556,timing,elapsed_us,15632,start_us,1692893045589232,stop_us,1692893045604864,-,DmrppArray::read_contiguous() -  name: gt2r_land_segments_latitude
1692893045,1556,timing,elapsed_us,16376,start_us,1692893045737208,stop_us,1692893045753584,-,DmrppArray::read_contiguous() -  name: gt3r_land_segments_latitude
1692893045,1556,timing,elapsed_us,16635,start_us,1692893045502295,stop_us,1692893045518930,-,DmrppArray::read_contiguous() -  name: orbit_info_crossing_time
1692893045,1556,timing,elapsed_us,16972,start_us,1692893045670836,stop_us,1692893045687808,-,DmrppArray::read_contiguous() -  name: gt3l_land_segments_latitude
1692893045,1556,timing,elapsed_us,178,start_us,1692893045755001,stop_us,1692893045755179,-,BESInterface::execute_request
1692893045,1556,timing,elapsed_us,17820,start_us,1692893045435314,stop_us,1692893045453134,-,DmrppArray::read_contiguous() -  name: gt2r_land_segments_delta_time
1692893045,1556,timing,elapsed_us,17924,start_us,1692893045571237,stop_us,1692893045589161,-,DmrppArray::read_contiguous() -  name: gt2r_land_segments_longitude
1692893045,1556,timing,elapsed_us,18151,start_us,1692893045519065,stop_us,1692893045537216,-,DmrppArray::read_contiguous() -  name: orbit_info_rgt
1692893045,1556,timing,elapsed_us,18215,start_us,1692893045718927,stop_us,1692893045737142,-,DmrppArray::read_contiguous() -  name: gt3r_land_segments_longitude
1692893045,1556,timing,elapsed_us,19681,start_us,1692893045551487,stop_us,1692893045571168,-,DmrppArray::read_contiguous() -  name: gt1r_land_segments_latitude
1692893045,1556,timing,elapsed_us,205,start_us,1692893045754997,stop_us,1692893045755202,-,BESServerHandler::execute
1692893045,1556,timing,elapsed_us,20670,start_us,1692893045481548,stop_us,1692893045502218,-,DmrppArray::read_contiguous() -  name: gt3r_land_segments_delta_time
1692893045,1556,timing,elapsed_us,2297627,start_us,1692893042935625,stop_us,1692893045233252,-,RemoteResource::get_url() - source url: https://data.nsidc.uat.earthdatacloud.nasa.gov/nsidc-cumulus-uat-protected/ATLAS/ATL08/005/2020/01/01/ATL08_20200101145654_00900605_005_01.h5.dmrpp
1692893045,1556,timing,elapsed_us,28168,start_us,1692893045453211,stop_us,1692893045481379,-,DmrppArray::read_contiguous() -  name: gt3l_land_segments_delta_time
1692893045,1556,timing,elapsed_us,3029084,start_us,1692893042724747,stop_us,1692893045753831,-,BESInterface::execute_request
1692893045,1556,timing,elapsed_us,3030265,start_us,1692893042724715,stop_us,1692893045754980,-,BESServerHandler::execute
1692893045,1556,timing,elapsed_us,35968,start_us,1692893045634720,stop_us,1692893045670688,-,DmrppArray::read_contiguous() -  name: gt3l_land_segments_longitude
1692893045,1556,timing,elapsed_us,49467,start_us,1692893045370452,stop_us,1692893045419919,-,DmrppArray::read_contiguous() -  name: gt1r_land_segments_delta_time
1692893045,1556,timing,elapsed_us,506560,start_us,1692893045247228,stop_us,1692893045753788,-,BESDapResponseBuilder::serialize_dap4_data() - Timer
1692893045,1556,timing,elapsed_us,506830,start_us,1692893045246984,stop_us,1692893045753814,http-nio-8080-exec-1:29[bes_client:/-2],get dap for d1 return as dap2; transmitting
1692893045,1556,timing,elapsed_us,6,start_us,1692893045755167,stop_us,1692893045755173,client: /-2:49,show status; transmitting
1692893065,1556,timing,elapsed_us,215868,start_us,1692893065074036,stop_us,1692893065289904,-,RemoteResource::get_url() - source url: https://cmr.uat.earthdata.nasa.gov/search/granules.umm_json_v1_4?collection_concept_id=C1241426907-NSIDC_CUAT&granule_ur=ATL08_20200101145654_00900605_005_01.h5
1692893065,1556,timing,elapsed_us,6,start_us,1692893065290689,stop_us,1692893065290695,http-nio-8080-exec-1:29[bes_client:/-2],define d1 in default as ngapContainer with ngapContainer.dap4constraint="/orbit_info_rgt;/orbit_info_crossing_time;/gt3r_land_segments_latitude[0:64:];/gt3r_land_segments_longitude[0:64:];/gt3r_land_segments_delta_time[0:64:];/gt3l_land_segments_latitude[0:64:];/gt3l_land_segments_longitude[0:64:];/gt3l_land_segments_delta_time[0:64:];/gt2r_land_segments_latitude[0:64:];/gt2r_land_segments_longitude[0:64:];/gt2r_land_segments_delta_time[0:64:];/gt2l_land_segments_latitude[0:64:];/gt2l_land_segments_longitude[0:64:];/gt2l_land_segments_delta_time[0:64:];/gt1r_land_segments_latitude[0:64:];/gt1r_land_segments_longitude[0:64:];/gt1r_land_segments_delta_time[0:64:];/gt1l_land_segments_latitude[0:64:];/gt1l_land_segments_longitude[0:64:];/gt1l_land_segments_delta_time[0:64:]"; transmitting
1692893065,1556,timing,elapsed_us,7,start_us,1692893065290327,stop_us,1692893065290334,http-nio-8080-exec-1:29[bes_client:/-2],set container in ngap values ngapContainer,collections/C1241426907-NSIDC_CUAT/granules/ATL08_20200101145654_00900605_005_01.h5; transmitting
1692893067,1556,timing,elapsed_us,14344,start_us,1692893067908745,stop_us,1692893067923089,-,DmrppArray::read_contiguous() -  name: gt3l_land_segments_longitude
1692893067,1556,timing,elapsed_us,14344,start_us,1692893067986902,stop_us,1692893068001246,-,DmrppArray::read_contiguous() -  name: gt3r_land_segments_longitude
1692893067,1556,timing,elapsed_us,15250,start_us,1692893067856452,stop_us,1692893067871702,-,DmrppArray::read_contiguous() -  name: gt2r_land_segments_latitude
1692893067,1556,timing,elapsed_us,15275,start_us,1692893067825719,stop_us,1692893067840994,-,DmrppArray::read_contiguous() -  name: gt1r_land_segments_latitude
1692893067,1556,timing,elapsed_us,15294,start_us,1692893067841068,stop_us,1692893067856362,-,DmrppArray::read_contiguous() -  name: gt2r_land_segments_longitude
1692893067,1556,timing,elapsed_us,15658,start_us,1692893067809988,stop_us,1692893067825646,-,DmrppArray::read_contiguous() -  name: gt1r_land_segments_longitude
1692893067,1556,timing,elapsed_us,15675,start_us,1692893067677055,stop_us,1692893067692730,-,DmrppArray::read_contiguous() -  name: gt1r_land_segments_delta_time
1692893067,1556,timing,elapsed_us,16742,start_us,1692893067970025,stop_us,1692893067986767,-,DmrppArray::read_contiguous() -  name: gt2l_land_segments_latitude
1692893067,1556,timing,elapsed_us,16869,start_us,1692893067953080,stop_us,1692893067969949,-,DmrppArray::read_contiguous() -  name: gt2l_land_segments_longitude
1692893067,1556,timing,elapsed_us,17084,start_us,1692893067728967,stop_us,1692893067746051,-,DmrppArray::read_contiguous() -  name: gt3l_land_segments_delta_time
1692893067,1556,timing,elapsed_us,17543,start_us,1692893067763938,stop_us,1692893067781481,-,DmrppArray::read_contiguous() -  name: orbit_info_crossing_time
1692893067,1556,timing,elapsed_us,17733,start_us,1692893067746128,stop_us,1692893067763861,-,DmrppArray::read_contiguous() -  name: gt3r_land_segments_delta_time
1692893067,1556,timing,elapsed_us,17750,start_us,1692893067711152,stop_us,1692893067728902,-,DmrppArray::read_contiguous() -  name: gt2r_land_segments_delta_time
1692893067,1556,timing,elapsed_us,17949,start_us,1692893067890726,stop_us,1692893067908675,-,DmrppArray::read_contiguous() -  name: gt1l_land_segments_latitude
1692893067,1556,timing,elapsed_us,18233,start_us,1692893067692807,stop_us,1692893067711040,-,DmrppArray::read_contiguous() -  name: gt2l_land_segments_delta_time
1692893067,1556,timing,elapsed_us,18706,start_us,1692893067871854,stop_us,1692893067890560,-,DmrppArray::read_contiguous() -  name: gt1l_land_segments_longitude
1692893067,1556,timing,elapsed_us,2301458,start_us,1692893065291542,stop_us,1692893067593000,-,RemoteResource::get_url() - source url: https://data.nsidc.uat.earthdatacloud.nasa.gov/nsidc-cumulus-uat-protected/ATLAS/ATL08/005/2020/01/01/ATL08_20200101145654_00900605_005_01.h5.dmrpp
1692893067,1556,timing,elapsed_us,28182,start_us,1692893067781645,stop_us,1692893067809827,-,DmrppArray::read_contiguous() -  name: orbit_info_rgt
1692893067,1556,timing,elapsed_us,29821,start_us,1692893067923182,stop_us,1692893067953003,-,DmrppArray::read_contiguous() -  name: gt3l_land_segments_latitude
1692893067,1556,timing,elapsed_us,64828,start_us,1692893067612128,stop_us,1692893067676956,-,DmrppArray::read_contiguous() -  name: gt1l_land_segments_delta_time
1692893068,1556,timing,elapsed_us,15621,start_us,1692893068001334,stop_us,1692893068016955,-,DmrppArray::read_contiguous() -  name: gt3r_land_segments_latitude
1692893068,1556,timing,elapsed_us,181,start_us,1692893068018240,stop_us,1692893068018421,-,BESInterface::execute_request
1692893068,1556,timing,elapsed_us,207,start_us,1692893068018236,stop_us,1692893068018443,-,BESServerHandler::execute
1692893068,1556,timing,elapsed_us,2948358,start_us,1692893065068729,stop_us,1692893068017087,-,BESInterface::execute_request
1692893068,1556,timing,elapsed_us,2949515,start_us,1692893065068703,stop_us,1692893068018218,-,BESServerHandler::execute
1692893068,1556,timing,elapsed_us,406221,start_us,1692893067610839,stop_us,1692893068017060,-,BESDapResponseBuilder::serialize_dap4_data() - Timer
1692893068,1556,timing,elapsed_us,406487,start_us,1692893067610586,stop_us,1692893068017073,http-nio-8080-exec-1:29[bes_client:/-2],get dap for d1 return as dap2; transmitting
1692893068,1556,timing,elapsed_us,6,start_us,1692893068018407,stop_us,1692893068018413,client: /-2:51,show status; transmitting
1692893122,1556,timing,elapsed_us,203610,start_us,1692893121889509,stop_us,1692893122093119,-,RemoteResource::get_url() - source url: https://cmr.uat.earthdata.nasa.gov/search/granules.umm_json_v1_4?collection_concept_id=C1241426950-NSIDC_CUAT&granule_ur=ATL10-01_20200101002212_00810601_005_02.h5
1692893122,1556,timing,elapsed_us,8,start_us,1692893122093545,stop_us,1692893122093553,http-nio-8080-exec-9:37[bes_client:/-2],set container in ngap values ngapContainer,collections/C1241426950-NSIDC_CUAT/granules/ATL10-01_20200101002212_00810601_005_02.h5; transmitting
1692893122,1556,timing,elapsed_us,8,start_us,1692893122093905,stop_us,1692893122093913,http-nio-8080-exec-9:37[bes_client:/-2],define d1 in default as ngapContainer with ngapContainer.dap4constraint="/orbit_info_rgt;/orbit_info_crossing_time;/gt3r_freeboard_beam_segment_beam_freeboard_latitude[0:2048:];/gt3r_freeboard_beam_segment_beam_freeboard_longitude[0:2048:];/gt3r_freeboard_beam_segment_beam_freeboard_delta_time[0:2048:];/gt3l_freeboard_beam_segment_beam_freeboard_latitude[0:2048:];/gt3l_freeboard_beam_segment_beam_freeboard_longitude[0:2048:];/gt3l_freeboard_beam_segment_beam_freeboard_delta_time[0:2048:];/gt2r_freeboard_beam_segment_beam_freeboard_latitude[0:2048:];/gt2r_freeboard_beam_segment_beam_freeboard_longitude[0:2048:];/gt2r_freeboard_beam_segment_beam_freeboard_delta_time[0:2048:];/gt2l_freeboard_beam_segment_beam_freeboard_latitude[0:2048:];/gt2l_freeboard_beam_segment_beam_freeboard_longitude[0:2048:];/gt2l_freeboard_beam_segment_beam_freeboard_delta_time[0:2048:];/gt1r_freeboard_beam_segment_beam_freeboard_latitude[0:2048:];/gt1r_freeboard_beam_segment_beam_freeboard_longitude[0:2048:];/gt1r_freeboard_beam_segment_beam_freeboard_delta_time[0:2048:];/gt1l_freeboard_beam_segment_beam_freeboard_latitude[0:2048:];/gt1l_freeboard_beam_segment_beam_freeboard_longitude[0:2048:];/gt1l_freeboard_beam_segment_beam_freeboard_delta_time[0:2048:]"; transmitting
1692893124,1556,timing,elapsed_us,2277881,start_us,1692893122094795,stop_us,1692893124372676,-,RemoteResource::get_url() - source url: https://data.nsidc.uat.earthdatacloud.nasa.gov/nsidc-cumulus-uat-protected/ATLAS/ATL10/005/2020/01/01/ATL10-01_20200101002212_00810601_005_02.h5.dmrpp
1692893126,1556,timing,elapsed_us,105641,start_us,1692893126677948,stop_us,1692893126783589,-,DmrppArray::read_super_chunks_concurrent() -  name: gt1l_freeboard_beam_segment_beam_freeboard_delta_time
1692893126,1556,timing,elapsed_us,16534,start_us,1692893126970761,stop_us,1692893126987295,-,DmrppArray::read_contiguous() -  name: orbit_info_rgt
1692893126,1556,timing,elapsed_us,18965,start_us,1692893126951636,stop_us,1692893126970601,-,DmrppArray::read_contiguous() -  name: orbit_info_crossing_time
1692893126,1556,timing,elapsed_us,2289966,start_us,1692893124385867,stop_us,1692893126675833,-,CurlUtils::retrieve_effective_url() -  Following Redirects Starting With: https://data.nsidc.uat.earthdatacloud.nasa.gov/nsidc-cumulus-uat-protected/ATLAS/ATL10/005/2020/01/01/ATL10-01_20200101002212_00810601_005_02.h5
1692893126,1556,timing,elapsed_us,27679,start_us,1692893126847409,stop_us,1692893126875088,-,DmrppArray::read_super_chunks_concurrent() -  name: gt2r_freeboard_beam_segment_beam_freeboard_delta_time
1692893126,1556,timing,elapsed_us,29507,start_us,1692893126817259,stop_us,1692893126846766,-,DmrppArray::read_super_chunks_concurrent() -  name: gt2l_freeboard_beam_segment_beam_freeboard_delta_time
1692893126,1556,timing,elapsed_us,31574,start_us,1692893126875974,stop_us,1692893126907548,-,DmrppArray::read_super_chunks_concurrent() -  name: gt3l_freeboard_beam_segment_beam_freeboard_delta_time
1692893126,1556,timing,elapsed_us,31811,start_us,1692893126784855,stop_us,1692893126816666,-,DmrppArray::read_super_chunks_concurrent() -  name: gt1r_freeboard_beam_segment_beam_freeboard_delta_time
1692893126,1556,timing,elapsed_us,43256,start_us,1692893126908276,stop_us,1692893126951532,-,DmrppArray::read_super_chunks_concurrent() -  name: gt3r_freeboard_beam_segment_beam_freeboard_delta_time
1692893127,1556,timing,elapsed_us,105506,start_us,1692893127498327,stop_us,1692893127603833,-,DmrppArray::read_super_chunks_concurrent() -  name: gt3l_freeboard_beam_segment_beam_freeboard_latitude
1692893127,1556,timing,elapsed_us,118252,start_us,1692893127783094,stop_us,1692893127901346,-,DmrppArray::read_super_chunks_concurrent() -  name: gt3r_freeboard_beam_segment_beam_freeboard_longitude
1692893127,1556,timing,elapsed_us,118586,start_us,1692893127379033,stop_us,1692893127497619,-,DmrppArray::read_super_chunks_concurrent() -  name: gt3l_freeboard_beam_segment_beam_freeboard_longitude
1692893127,1556,timing,elapsed_us,136390,start_us,1692893127604511,stop_us,1692893127740901,-,DmrppArray::read_super_chunks_concurrent() -  name: gt2l_freeboard_beam_segment_beam_freeboard_longitude
1692893127,1556,timing,elapsed_us,170767,start_us,1692893127143755,stop_us,1692893127314522,-,DmrppArray::read_super_chunks_concurrent() -  name: gt1l_freeboard_beam_segment_beam_freeboard_longitude
1692893127,1556,timing,elapsed_us,34241,start_us,1692893127073738,stop_us,1692893127107979,-,DmrppArray::read_super_chunks_concurrent() -  name: gt2r_freeboard_beam_segment_beam_freeboard_longitude
1692893127,1556,timing,elapsed_us,34321,start_us,1692893127108554,stop_us,1692893127142875,-,DmrppArray::read_super_chunks_concurrent() -  name: gt2r_freeboard_beam_segment_beam_freeboard_latitude
1692893127,1556,timing,elapsed_us,40743,start_us,1692893127741637,stop_us,1692893127782380,-,DmrppArray::read_super_chunks_concurrent() -  name: gt2l_freeboard_beam_segment_beam_freeboard_latitude
1692893127,1556,timing,elapsed_us,40805,start_us,1692893126988387,stop_us,1692893127029192,-,DmrppArray::read_super_chunks_concurrent() -  name: gt1r_freeboard_beam_segment_beam_freeboard_longitude
1692893127,1556,timing,elapsed_us,43275,start_us,1692893127029887,stop_us,1692893127073162,-,DmrppArray::read_super_chunks_concurrent() -  name: gt1r_freeboard_beam_segment_beam_freeboard_latitude
1692893127,1556,timing,elapsed_us,63116,start_us,1692893127315226,stop_us,1692893127378342,-,DmrppArray::read_super_chunks_concurrent() -  name: gt1l_freeboard_beam_segment_beam_freeboard_latitude
1692893128,1556,timing,elapsed_us,102280,start_us,1692893127902145,stop_us,1692893128004425,-,DmrppArray::read_super_chunks_concurrent() -  name: gt3r_freeboard_beam_segment_beam_freeboard_latitude
1692893128,1556,timing,elapsed_us,199,start_us,1692893128006449,stop_us,1692893128006648,-,BESInterface::execute_request
1692893128,1556,timing,elapsed_us,232,start_us,1692893128006444,stop_us,1692893128006676,-,BESServerHandler::execute
1692893128,1556,timing,elapsed_us,3620034,start_us,1692893124384560,stop_us,1692893128004594,-,BESDapResponseBuilder::serialize_dap4_data() - Timer
1692893128,1556,timing,elapsed_us,3620330,start_us,1692893124384329,stop_us,1692893128004659,http-nio-8080-exec-9:37[bes_client:/-2],get dap for d1 return as dap2; transmitting
1692893128,1556,timing,elapsed_us,6,start_us,1692893128006635,stop_us,1692893128006641,client: /-2:53,show status; transmitting
1692893128,1556,timing,elapsed_us,6119924,start_us,1692893121884750,stop_us,1692893128004674,-,BESInterface::execute_request
1692893128,1556,timing,elapsed_us,6121696,start_us,1692893121884722,stop_us,1692893128006418,-,BESServerHandler::execute
1692893162,1556,timing,elapsed_us,385592,start_us,1692893162285152,stop_us,1692893162670744,-,RemoteResource::get_url() - source url: https://cmr.uat.earthdata.nasa.gov/search/granules.umm_json_v1_4?collection_concept_id=C1241426950-NSIDC_CUAT&granule_ur=ATL10-01_20200101002212_00810601_005_02.h5
1692893162,1556,timing,elapsed_us,8,start_us,1692893162670976,stop_us,1692893162670984,http-nio-8080-exec-5:33[bes_client:/-2],set container in ngap values ngapContainer,collections/C1241426950-NSIDC_CUAT/granules/ATL10-01_20200101002212_00810601_005_02.h5; transmitting
1692893162,1556,timing,elapsed_us,9,start_us,1692893162671271,stop_us,1692893162671280,http-nio-8080-exec-5:33[bes_client:/-2],define d1 in default as ngapContainer with ngapContainer.dap4constraint="/orbit_info_rgt;/orbit_info_crossing_time;/gt3r_freeboard_beam_segment_beam_freeboard_latitude[0:2048:];/gt3r_freeboard_beam_segment_beam_freeboard_longitude[0:2048:];/gt3r_freeboard_beam_segment_beam_freeboard_delta_time[0:2048:];/gt3l_freeboard_beam_segment_beam_freeboard_latitude[0:2048:];/gt3l_freeboard_beam_segment_beam_freeboard_longitude[0:2048:];/gt3l_freeboard_beam_segment_beam_freeboard_delta_time[0:2048:];/gt2r_freeboard_beam_segment_beam_freeboard_latitude[0:2048:];/gt2r_freeboard_beam_segment_beam_freeboard_longitude[0:2048:];/gt2r_freeboard_beam_segment_beam_freeboard_delta_time[0:2048:];/gt2l_freeboard_beam_segment_beam_freeboard_latitude[0:2048:];/gt2l_freeboard_beam_segment_beam_freeboard_longitude[0:2048:];/gt2l_freeboard_beam_segment_beam_freeboard_delta_time[0:2048:];/gt1r_freeboard_beam_segment_beam_freeboard_latitude[0:2048:];/gt1r_freeboard_beam_segment_beam_freeboard_longitude[0:2048:];/gt1r_freeboard_beam_segment_beam_freeboard_delta_time[0:2048:];/gt1l_freeboard_beam_segment_beam_freeboard_latitude[0:2048:];/gt1l_freeboard_beam_segment_beam_freeboard_longitude[0:2048:];/gt1l_freeboard_beam_segment_beam_freeboard_delta_time[0:2048:]"; transmitting
1692893164,1556,timing,elapsed_us,2311476,start_us,1692893162672189,stop_us,1692893164983665,-,RemoteResource::get_url() - source url: https://data.nsidc.uat.earthdatacloud.nasa.gov/nsidc-cumulus-uat-protected/ATLAS/ATL10/005/2020/01/01/ATL10-01_20200101002212_00810601_005_02.h5.dmrpp
1692893165,1556,timing,elapsed_us,112694,start_us,1692893164997522,stop_us,1692893165110216,-,DmrppArray::read_super_chunks_concurrent() -  name: gt1l_freeboard_beam_segment_beam_freeboard_delta_time
1692893165,1556,timing,elapsed_us,160728,start_us,1692893165736402,stop_us,1692893165897130,-,DmrppArray::read_super_chunks_concurrent() -  name: gt3l_freeboard_beam_segment_beam_freeboard_longitude
1692893165,1556,timing,elapsed_us,20093,start_us,1692893165345280,stop_us,1692893165365373,-,DmrppArray::read_contiguous() -  name: orbit_info_rgt
1692893165,1556,timing,elapsed_us,25538,start_us,1692893165150715,stop_us,1692893165176253,-,DmrppArray::read_super_chunks_concurrent() -  name: gt2l_freeboard_beam_segment_beam_freeboard_delta_time
1692893165,1556,timing,elapsed_us,33611,start_us,1692893165451617,stop_us,1692893165485228,-,DmrppArray::read_super_chunks_concurrent() -  name: gt2r_freeboard_beam_segment_beam_freeboard_longitude
1692893165,1556,timing,elapsed_us,36231,start_us,1692893165221970,stop_us,1692893165258201,-,DmrppArray::read_super_chunks_concurrent() -  name: gt3l_freeboard_beam_segment_beam_freeboard_delta_time
1692893165,1556,timing,elapsed_us,36541,start_us,1692893165259020,stop_us,1692893165295561,-,DmrppArray::read_super_chunks_concurrent() -  name: gt3r_freeboard_beam_segment_beam_freeboard_delta_time
1692893165,1556,timing,elapsed_us,38980,start_us,1692893165111120,stop_us,1692893165150100,-,DmrppArray::read_super_chunks_concurrent() -  name: gt1r_freeboard_beam_segment_beam_freeboard_delta_time
1692893165,1556,timing,elapsed_us,41189,start_us,1692893165366101,stop_us,1692893165407290,-,DmrppArray::read_super_chunks_concurrent() -  name: gt1r_freeboard_beam_segment_beam_freeboard_longitude
1692893165,1556,timing,elapsed_us,42878,start_us,1692893165408149,stop_us,1692893165451027,-,DmrppArray::read_super_chunks_concurrent() -  name: gt1r_freeboard_beam_segment_beam_freeboard_latitude
1692893165,1556,timing,elapsed_us,44112,start_us,1692893165177000,stop_us,1692893165221112,-,DmrppArray::read_super_chunks_concurrent() -  name: gt2r_freeboard_beam_segment_beam_freeboard_delta_time
1692893165,1556,timing,elapsed_us,49462,start_us,1692893165295644,stop_us,1692893165345106,-,DmrppArray::read_contiguous() -  name: orbit_info_crossing_time
1692893165,1556,timing,elapsed_us,71388,start_us,1692893165664331,stop_us,1692893165735719,-,DmrppArray::read_super_chunks_concurrent() -  name: gt1l_freeboard_beam_segment_beam_freeboard_latitude
1692893165,1556,timing,elapsed_us,82234,start_us,1692893165485905,stop_us,1692893165568139,-,DmrppArray::read_super_chunks_concurrent() -  name: gt2r_freeboard_beam_segment_beam_freeboard_latitude
1692893165,1556,timing,elapsed_us,94769,start_us,1692893165568876,stop_us,1692893165663645,-,DmrppArray::read_super_chunks_concurrent() -  name: gt1l_freeboard_beam_segment_beam_freeboard_longitude
1692893166,1556,timing,elapsed_us,109138,start_us,1692893165897816,stop_us,1692893166006954,-,DmrppArray::read_super_chunks_concurrent() -  name: gt3l_freeboard_beam_segment_beam_freeboard_latitude
1692893166,1556,timing,elapsed_us,1230261,start_us,1692893164995620,stop_us,1692893166225881,-,BESDapResponseBuilder::serialize_dap4_data() - Timer
1692893166,1556,timing,elapsed_us,1230517,start_us,1692893164995384,stop_us,1692893166225901,http-nio-8080-exec-5:33[bes_client:/-2],get dap for d1 return as dap2; transmitting
1692893166,1556,timing,elapsed_us,167,start_us,1692893166227406,stop_us,1692893166227573,-,BESInterface::execute_request
1692893166,1556,timing,elapsed_us,195,start_us,1692893166227402,stop_us,1692893166227597,-,BESServerHandler::execute
1692893166,1556,timing,elapsed_us,39384,start_us,1692893166007527,stop_us,1692893166046911,-,DmrppArray::read_super_chunks_concurrent() -  name: gt2l_freeboard_beam_segment_beam_freeboard_longitude
1692893166,1556,timing,elapsed_us,3945161,start_us,1692893162280749,stop_us,1692893166225910,-,BESInterface::execute_request
1692893166,1556,timing,elapsed_us,3946660,start_us,1692893162280722,stop_us,1692893166227382,-,BESServerHandler::execute
1692893166,1556,timing,elapsed_us,44935,start_us,1692893166180794,stop_us,1692893166225729,-,DmrppArray::read_super_chunks_concurrent() -  name: gt3r_freeboard_beam_segment_beam_freeboard_latitude
1692893166,1556,timing,elapsed_us,47573,start_us,1692893166132505,stop_us,1692893166180078,-,DmrppArray::read_super_chunks_concurrent() -  name: gt3r_freeboard_beam_segment_beam_freeboard_longitude
1692893166,1556,timing,elapsed_us,7,start_us,1692893166227559,stop_us,1692893166227566,client: /-2:55,show status; transmitting
1692893166,1556,timing,elapsed_us,84308,start_us,1692893166047502,stop_us,1692893166131810,-,DmrppArray::read_super_chunks_concurrent() -  name: gt2l_freeboard_beam_segment_beam_freeboard_latitude
1692893225,1556,timing,elapsed_us,404492,start_us,1692893225117307,stop_us,1692893225521799,-,RemoteResource::get_url() - source url: https://cmr.uat.earthdata.nasa.gov/search/granules.umm_json_v1_4?collection_concept_id=C1241426998-NSIDC_CUAT&granule_ur=ATL12_20200101002212_00810601_005_02.h5
1692893225,1556,timing,elapsed_us,6,start_us,1692893225522326,stop_us,1692893225522332,http-nio-8080-exec-10:38[bes_client:/-2],set container in ngap values ngapContainer,collections/C1241426998-NSIDC_CUAT/granules/ATL12_20200101002212_00810601_005_02.h5; transmitting
1692893225,1556,timing,elapsed_us,6,start_us,1692893225522609,stop_us,1692893225522615,http-nio-8080-exec-10:38[bes_client:/-2],define d1 in default as ngapContainer with ngapContainer.dap4constraint="/orbit_info_rgt;/orbit_info_crossing_time;/gt3r_ssh_segments_latitude[0:8:];/gt3r_ssh_segments_longitude[0:8:];/gt3r_ssh_segments_delta_time[0:8:];/gt3l_ssh_segments_latitude[0:8:];/gt3l_ssh_segments_longitude[0:8:];/gt3l_ssh_segments_delta_time[0:8:];/gt2r_ssh_segments_latitude[0:8:];/gt2r_ssh_segments_longitude[0:8:];/gt2r_ssh_segments_delta_time[0:8:];/gt2l_ssh_segments_latitude[0:8:];/gt2l_ssh_segments_longitude[0:8:];/gt2l_ssh_segments_delta_time[0:8:];/gt1r_ssh_segments_latitude[0:8:];/gt1r_ssh_segments_longitude[0:8:];/gt1r_ssh_segments_delta_time[0:8:];/gt1l_ssh_segments_latitude[0:8:];/gt1l_ssh_segments_longitude[0:8:];/gt1l_ssh_segments_delta_time[0:8:]"; transmitting
1692893227,1556,timing,elapsed_us,2396442,start_us,1692893225523436,stop_us,1692893227919878,-,RemoteResource::get_url() - source url: https://data.nsidc.uat.earthdatacloud.nasa.gov/nsidc-cumulus-uat-protected/ATLAS/ATL12/005/2020/01/ATL12_20200101002212_00810601_005_02.h5.dmrpp
1692893230,1556,timing,elapsed_us,110720,start_us,1692893230349845,stop_us,1692893230460565,-,DmrppArray::read_super_chunks_concurrent() -  name: gt1r_ssh_segments_latitude
1692893230,1556,timing,elapsed_us,123908,start_us,1692893230513526,stop_us,1692893230637434,-,DmrppArray::read_super_chunks_concurrent() -  name: gt2r_ssh_segments_latitude
1692893230,1556,timing,elapsed_us,23154,start_us,1692893230906960,stop_us,1692893230930114,-,DmrppArray::read_contiguous() -  name: gt2l_ssh_segments_longitude
1692893230,1556,timing,elapsed_us,2329668,start_us,1692893227930616,stop_us,1692893230260284,-,CurlUtils::retrieve_effective_url() -  Following Redirects Starting With: https://data.nsidc.uat.earthdatacloud.nasa.gov/nsidc-cumulus-uat-protected/ATLAS/ATL12/005/2020/01/ATL12_20200101002212_00810601_005_02.h5
1692893230,1556,timing,elapsed_us,2418838,start_us,1692893227930572,stop_us,1692893230349410,-,DmrppArray::read_contiguous() -  name: orbit_info_rgt
1692893230,1556,timing,elapsed_us,24878,start_us,1692893230692794,stop_us,1692893230717672,-,DmrppArray::read_contiguous() -  name: gt1l_ssh_segments_latitude
1692893230,1556,timing,elapsed_us,30228,start_us,1692893230876646,stop_us,1692893230906874,-,DmrppArray::read_contiguous() -  name: gt2l_ssh_segments_latitude
1692893230,1556,timing,elapsed_us,48608,start_us,1692893230827827,stop_us,1692893230876435,-,DmrppArray::read_contiguous() -  name: gt3l_ssh_segments_longitude
1692893230,1556,timing,elapsed_us,50018,start_us,1692893230930540,stop_us,1692893230980558,-,DmrppArray::read_super_chunks_concurrent() -  name: gt3r_ssh_segments_latitude
1692893230,1556,timing,elapsed_us,51652,start_us,1692893230775981,stop_us,1692893230827633,-,DmrppArray::read_contiguous() -  name: gt3l_ssh_segments_latitude
1692893230,1556,timing,elapsed_us,52244,start_us,1692893230461002,stop_us,1692893230513246,-,DmrppArray::read_super_chunks_concurrent() -  name: gt1r_ssh_segments_longitude
1692893230,1556,timing,elapsed_us,54921,start_us,1692893230637703,stop_us,1692893230692624,-,DmrppArray::read_super_chunks_concurrent() -  name: gt2r_ssh_segments_longitude
1692893230,1556,timing,elapsed_us,58032,start_us,1692893230717858,stop_us,1692893230775890,-,DmrppArray::read_contiguous() -  name: gt1l_ssh_segments_longitude
1692893231,1556,timing,elapsed_us,171,start_us,1692893231287653,stop_us,1692893231287824,-,BESInterface::execute_request
1692893231,1556,timing,elapsed_us,17704,start_us,1692893231268242,stop_us,1692893231285946,-,DmrppArray::read_contiguous() -  name: orbit_info_crossing_time
1692893231,1556,timing,elapsed_us,196,start_us,1692893231287649,stop_us,1692893231287845,-,BESServerHandler::execute
1692893231,1556,timing,elapsed_us,22712,start_us,1692893231016520,stop_us,1692893231039232,-,DmrppArray::read_contiguous() -  name: gt1l_ssh_segments_delta_time
1692893231,1556,timing,elapsed_us,23143,start_us,1692893231136832,stop_us,1692893231159975,-,DmrppArray::read_super_chunks_concurrent() -  name: gt2r_ssh_segments_delta_time
1692893231,1556,timing,elapsed_us,3357128,start_us,1692893227929059,stop_us,1692893231286187,-,BESDapResponseBuilder::serialize_dap4_data() - Timer
1692893231,1556,timing,elapsed_us,3357496,start_us,1692893227928720,stop_us,1692893231286216,http-nio-8080-exec-10:38[bes_client:/-2],get dap for d1 return as dap2; transmitting
1692893231,1556,timing,elapsed_us,35029,start_us,1692893231101454,stop_us,1692893231136483,-,DmrppArray::read_contiguous() -  name: gt2l_ssh_segments_delta_time
1692893231,1556,timing,elapsed_us,35512,start_us,1692893230980852,stop_us,1692893231016364,-,DmrppArray::read_super_chunks_concurrent() -  name: gt3r_ssh_segments_longitude
1692893231,1556,timing,elapsed_us,48834,start_us,1692893231160126,stop_us,1692893231208960,-,DmrppArray::read_contiguous() -  name: gt3l_ssh_segments_delta_time
1692893231,1556,timing,elapsed_us,58927,start_us,1692893231209160,stop_us,1692893231268087,-,DmrppArray::read_super_chunks_concurrent() -  name: gt3r_ssh_segments_delta_time
1692893231,1556,timing,elapsed_us,6,start_us,1692893231287811,stop_us,1692893231287817,client: /-2:57,show status; transmitting
1692893231,1556,timing,elapsed_us,6173555,start_us,1692893225112682,stop_us,1692893231286237,-,BESInterface::execute_request
1692893231,1556,timing,elapsed_us,6174965,start_us,1692893225112666,stop_us,1692893231287631,-,BESServerHandler::execute
1692893231,1556,timing,elapsed_us,61837,start_us,1692893231039464,stop_us,1692893231101301,-,DmrppArray::read_super_chunks_concurrent() -  name: gt1r_ssh_segments_delta_time
1692893291,1556,timing,elapsed_us,223729,start_us,1692893291584922,stop_us,1692893291808651,-,RemoteResource::get_url() - source url: https://cmr.uat.earthdata.nasa.gov/search/granules.umm_json_v1_4?collection_concept_id=C1241426998-NSIDC_CUAT&granule_ur=ATL12_20200101002212_00810601_005_02.h5
1692893291,1556,timing,elapsed_us,5,start_us,1692893291809362,stop_us,1692893291809367,http-nio-8080-exec-6:34[bes_client:/-2],define d1 in default as ngapContainer with ngapContainer.dap4constraint="/orbit_info_rgt;/orbit_info_crossing_time;/gt3r_ssh_segments_latitude[0:8:];/gt3r_ssh_segments_longitude[0:8:];/gt3r_ssh_segments_delta_time[0:8:];/gt3l_ssh_segments_latitude[0:8:];/gt3l_ssh_segments_longitude[0:8:];/gt3l_ssh_segments_delta_time[0:8:];/gt2r_ssh_segments_latitude[0:8:];/gt2r_ssh_segments_longitude[0:8:];/gt2r_ssh_segments_delta_time[0:8:];/gt2l_ssh_segments_latitude[0:8:];/gt2l_ssh_segments_longitude[0:8:];/gt2l_ssh_segments_delta_time[0:8:];/gt1r_ssh_segments_latitude[0:8:];/gt1r_ssh_segments_longitude[0:8:];/gt1r_ssh_segments_delta_time[0:8:];/gt1l_ssh_segments_latitude[0:8:];/gt1l_ssh_segments_longitude[0:8:];/gt1l_ssh_segments_delta_time[0:8:]"; transmitting
1692893291,1556,timing,elapsed_us,7,start_us,1692893291809181,stop_us,1692893291809188,http-nio-8080-exec-6:34[bes_client:/-2],set container in ngap values ngapContainer,collections/C1241426998-NSIDC_CUAT/granules/ATL12_20200101002212_00810601_005_02.h5; transmitting
1692893294,1556,timing,elapsed_us,101131,start_us,1692893294191143,stop_us,1692893294292274,-,DmrppArray::read_super_chunks_concurrent() -  name: gt1r_ssh_segments_latitude
1692893294,1556,timing,elapsed_us,170,start_us,1692893294952930,stop_us,1692893294953100,-,BESInterface::execute_request
1692893294,1556,timing,elapsed_us,17804,start_us,1692893294891513,stop_us,1692893294909317,-,DmrppArray::read_contiguous() -  name: gt3l_ssh_segments_delta_time
1692893294,1556,timing,elapsed_us,18214,start_us,1692893294851544,stop_us,1692893294869758,-,DmrppArray::read_contiguous() -  name: gt2l_ssh_segments_delta_time
1692893294,1556,timing,elapsed_us,18923,start_us,1692893294678163,stop_us,1692893294697086,-,DmrppArray::read_contiguous() -  name: gt2l_ssh_segments_latitude
1692893294,1556,timing,elapsed_us,19175,start_us,1692893294932166,stop_us,1692893294951341,-,DmrppArray::read_contiguous() -  name: orbit_info_crossing_time
1692893294,1556,timing,elapsed_us,19229,start_us,1692893294810820,stop_us,1692893294830049,-,DmrppArray::read_contiguous() -  name: gt1l_ssh_segments_delta_time
1692893294,1556,timing,elapsed_us,198,start_us,1692893294952926,stop_us,1692893294953124,-,BESServerHandler::execute
1692893294,1556,timing,elapsed_us,20686,start_us,1692893294697237,stop_us,1692893294717923,-,DmrppArray::read_contiguous() -  name: gt2l_ssh_segments_longitude
1692893294,1556,timing,elapsed_us,21164,start_us,1692893294830225,stop_us,1692893294851389,-,DmrppArray::read_super_chunks_concurrent() -  name: gt1r_ssh_segments_delta_time
1692893294,1556,timing,elapsed_us,21267,start_us,1692893294870089,stop_us,1692893294891356,-,DmrppArray::read_super_chunks_concurrent() -  name: gt2r_ssh_segments_delta_time
1692893294,1556,timing,elapsed_us,22505,start_us,1692893294909509,stop_us,1692893294932014,-,DmrppArray::read_super_chunks_concurrent() -  name: gt3r_ssh_segments_delta_time
1692893294,1556,timing,elapsed_us,2289493,start_us,1692893291810201,stop_us,1692893294099694,-,RemoteResource::get_url() - source url: https://data.nsidc.uat.earthdatacloud.nasa.gov/nsidc-cumulus-uat-protected/ATLAS/ATL12/005/2020/01/ATL12_20200101002212_00810601_005_02.h5.dmrpp
1692893294,1556,timing,elapsed_us,3370845,start_us,1692893291580773,stop_us,1692893294951618,-,BESInterface::execute_request
1692893294,1556,timing,elapsed_us,3372169,start_us,1692893291580735,stop_us,1692893294952904,-,BESServerHandler::execute
1692893294,1556,timing,elapsed_us,36447,start_us,1692893294565304,stop_us,1692893294601751,-,DmrppArray::read_contiguous() -  name: gt1l_ssh_segments_longitude
1692893294,1556,timing,elapsed_us,37813,start_us,1692893294640266,stop_us,1692893294678079,-,DmrppArray::read_contiguous() -  name: gt3l_ssh_segments_longitude
1692893294,1556,timing,elapsed_us,38185,start_us,1692893294601945,stop_us,1692893294640130,-,DmrppArray::read_contiguous() -  name: gt3l_ssh_segments_latitude
1692893294,1556,timing,elapsed_us,40702,start_us,1692893294769790,stop_us,1692893294810492,-,DmrppArray::read_super_chunks_concurrent() -  name: gt3r_ssh_segments_longitude
1692893294,1556,timing,elapsed_us,51231,start_us,1692893294718267,stop_us,1692893294769498,-,DmrppArray::read_super_chunks_concurrent() -  name: gt3r_ssh_segments_latitude
1692893294,1556,timing,elapsed_us,59719,start_us,1692893294505502,stop_us,1692893294565221,-,DmrppArray::read_contiguous() -  name: gt1l_ssh_segments_latitude
1692893294,1556,timing,elapsed_us,6,start_us,1692893294953087,stop_us,1692893294953093,client: /-2:59,show status; transmitting
1692893294,1556,timing,elapsed_us,66660,start_us,1692893294438682,stop_us,1692893294505342,-,DmrppArray::read_super_chunks_concurrent() -  name: gt2r_ssh_segments_longitude
1692893294,1556,timing,elapsed_us,68904,start_us,1692893294292590,stop_us,1692893294361494,-,DmrppArray::read_super_chunks_concurrent() -  name: gt1r_ssh_segments_longitude
1692893294,1556,timing,elapsed_us,76685,start_us,1692893294361751,stop_us,1692893294438436,-,DmrppArray::read_super_chunks_concurrent() -  name: gt2r_ssh_segments_latitude
1692893294,1556,timing,elapsed_us,80876,start_us,1692893294109830,stop_us,1692893294190706,-,DmrppArray::read_contiguous() -  name: orbit_info_rgt
1692893294,1556,timing,elapsed_us,843294,start_us,1692893294108275,stop_us,1692893294951569,-,BESDapResponseBuilder::serialize_dap4_data() - Timer
1692893294,1556,timing,elapsed_us,843657,start_us,1692893294107939,stop_us,1692893294951596,http-nio-8080-exec-6:34[bes_client:/-2],get dap for d1 return as dap2; transmitting
1692893313,1556,timing,elapsed_us,200087,start_us,1692893313070068,stop_us,1692893313270155,-,RemoteResource::get_url() - source url: https://cmr.uat.earthdata.nasa.gov/search/granules.umm_json_v1_4?collection_concept_id=C1241427013-NSIDC_CUAT&granule_ur=ATL13_20200101002212_00810601_005_01.h5
1692893313,1556,timing,elapsed_us,6,start_us,1692893313270741,stop_us,1692893313270747,http-nio-8080-exec-9:37[bes_client:/-2],define d1 in default as ngapContainer with ngapContainer.dap4constraint="/orbit_info_rgt;/orbit_info_crossing_time;/gt3r_segment_lat[0:256:];/gt3r_segment_lon[0:256:];/gt3r_delta_time[0:256:];/gt3l_segment_lat[0:256:];/gt3l_segment_lon[0:256:];/gt3l_delta_time[0:256:];/gt2r_segment_lat[0:256:];/gt2r_segment_lon[0:256:];/gt2r_delta_time[0:256:];/gt2l_segment_lat[0:256:];/gt2l_segment_lon[0:256:];/gt2l_delta_time[0:256:];/gt1r_segment_lat[0:256:];/gt1r_segment_lon[0:256:];/gt1r_delta_time[0:256:];/gt1l_segment_lat[0:256:];/gt1l_segment_lon[0:256:];/gt1l_delta_time[0:256:]"; transmitting
1692893313,1556,timing,elapsed_us,7,start_us,1692893313270562,stop_us,1692893313270569,http-nio-8080-exec-9:37[bes_client:/-2],set container in ngap values ngapContainer,collections/C1241427013-NSIDC_CUAT/granules/ATL13_20200101002212_00810601_005_01.h5; transmitting
1692893315,1556,timing,elapsed_us,2497224,start_us,1692893313271585,stop_us,1692893315768809,-,RemoteResource::get_url() - source url: https://data.nsidc.uat.earthdatacloud.nasa.gov/nsidc-cumulus-uat-protected/ATLAS/ATL13/005/2020/01/ATL13_20200101002212_00810601_005_01.h5.dmrpp
1692893318,1556,timing,elapsed_us,124061,start_us,1692893318864054,stop_us,1692893318988115,-,DmrppArray::read_super_chunks_concurrent() -  name: gt1r_segment_lat
1692893318,1556,timing,elapsed_us,186905,start_us,1692893318676408,stop_us,1692893318863313,-,DmrppArray::read_super_chunks_concurrent() -  name: gt1r_segment_lon
1692893318,1556,timing,elapsed_us,2597922,start_us,1692893315781103,stop_us,1692893318379025,-,CurlUtils::retrieve_effective_url() -  Following Redirects Starting With: https://data.nsidc.uat.earthdatacloud.nasa.gov/nsidc-cumulus-uat-protected/ATLAS/ATL13/005/2020/01/ATL13_20200101002212_00810601_005_01.h5
1692893318,1556,timing,elapsed_us,2894505,start_us,1692893315781055,stop_us,1692893318675560,-,DmrppArray::read_contiguous() -  name: orbit_info_rgt
1692893319,1556,timing,elapsed_us,101087,start_us,1692893319611381,stop_us,1692893319712468,-,DmrppArray::read_super_chunks_concurrent() -  name: gt3l_segment_lon
1692893319,1556,timing,elapsed_us,110887,start_us,1692893319713052,stop_us,1692893319823939,-,DmrppArray::read_super_chunks_concurrent() -  name: gt3l_segment_lat
1692893319,1556,timing,elapsed_us,120508,start_us,1692893319874985,stop_us,1692893319995493,-,DmrppArray::read_super_chunks_concurrent() -  name: gt3r_segment_lon
1692893319,1556,timing,elapsed_us,19736,start_us,1692893319854576,stop_us,1692893319874312,-,DmrppArray::read_super_chunks_concurrent() -  name: gt2l_segment_lat
1692893319,1556,timing,elapsed_us,214507,start_us,1692893318988787,stop_us,1692893319203294,-,DmrppArray::read_super_chunks_concurrent() -  name: gt2r_segment_lon
1692893319,1556,timing,elapsed_us,285654,start_us,1692893319203952,stop_us,1692893319489606,-,DmrppArray::read_super_chunks_concurrent() -  name: gt2r_segment_lat
1692893319,1556,timing,elapsed_us,30203,start_us,1692893319824143,stop_us,1692893319854346,-,DmrppArray::read_super_chunks_concurrent() -  name: gt2l_segment_lon
1692893319,1556,timing,elapsed_us,45127,start_us,1692893319565919,stop_us,1692893319611046,-,DmrppArray::read_super_chunks_concurrent() -  name: gt1l_segment_lat
1692893319,1556,timing,elapsed_us,75740,start_us,1692893319489930,stop_us,1692893319565670,-,DmrppArray::read_super_chunks_concurrent() -  name: gt1l_segment_lon
1692893320,1556,timing,elapsed_us,19860,start_us,1692893320321107,stop_us,1692893320340967,-,DmrppArray::read_contiguous() -  name: orbit_info_crossing_time
1692893320,1556,timing,elapsed_us,20022,start_us,1692893320266451,stop_us,1692893320286473,-,DmrppArray::read_super_chunks_concurrent() -  name: gt3l_delta_time
1692893320,1556,timing,elapsed_us,33847,start_us,1692893320287140,stop_us,1692893320320987,-,DmrppArray::read_super_chunks_concurrent() -  name: gt3r_delta_time
1692893320,1556,timing,elapsed_us,35079,start_us,1692893320069968,stop_us,1692893320105047,-,DmrppArray::read_super_chunks_concurrent() -  name: gt1l_delta_time
1692893320,1556,timing,elapsed_us,39975,start_us,1692893320183705,stop_us,1692893320223680,-,DmrppArray::read_super_chunks_concurrent() -  name: gt2l_delta_time
1692893320,1556,timing,elapsed_us,41914,start_us,1692893320224227,stop_us,1692893320266141,-,DmrppArray::read_super_chunks_concurrent() -  name: gt2r_delta_time
1692893320,1556,timing,elapsed_us,4561566,start_us,1692893315779566,stop_us,1692893320341132,-,BESDapResponseBuilder::serialize_dap4_data() - Timer
1692893320,1556,timing,elapsed_us,4561932,start_us,1692893315779214,stop_us,1692893320341146,http-nio-8080-exec-9:37[bes_client:/-2],get dap for d1 return as dap2; transmitting
1692893320,1556,timing,elapsed_us,558,start_us,1692893320342225,stop_us,1692893320342783,-,BESInterface::execute_request
1692893320,1556,timing,elapsed_us,585,start_us,1692893320342222,stop_us,1692893320342807,-,BESServerHandler::execute
1692893320,1556,timing,elapsed_us,7,start_us,1692893320342769,stop_us,1692893320342776,client: /-2:61,show status; transmitting
1692893320,1556,timing,elapsed_us,7276382,start_us,1692893313064775,stop_us,1692893320341157,-,BESInterface::execute_request
1692893320,1556,timing,elapsed_us,7277454,start_us,1692893313064749,stop_us,1692893320342203,-,BESServerHandler::execute
1692893320,1556,timing,elapsed_us,73193,start_us,1692893319996188,stop_us,1692893320069381,-,DmrppArray::read_super_chunks_concurrent() -  name: gt3r_segment_lat
1692893320,1556,timing,elapsed_us,77720,start_us,1692893320105702,stop_us,1692893320183422,-,DmrppArray::read_super_chunks_concurrent() -  name: gt1r_delta_time
1692893371,1556,timing,elapsed_us,385874,start_us,1692893371297390,stop_us,1692893371683264,-,RemoteResource::get_url() - source url: https://cmr.uat.earthdata.nasa.gov/search/granules.umm_json_v1_4?collection_concept_id=C1241427013-NSIDC_CUAT&granule_ur=ATL13_20200101002212_00810601_005_01.h5
1692893371,1556,timing,elapsed_us,6,start_us,1692893371683939,stop_us,1692893371683945,http-nio-8080-exec-10:38[bes_client:/-2],define d1 in default as ngapContainer with ngapContainer.dap4constraint="/orbit_info_rgt;/orbit_info_crossing_time;/gt3r_segment_lat[0:256:];/gt3r_segment_lon[0:256:];/gt3r_delta_time[0:256:];/gt3l_segment_lat[0:256:];/gt3l_segment_lon[0:256:];/gt3l_delta_time[0:256:];/gt2r_segment_lat[0:256:];/gt2r_segment_lon[0:256:];/gt2r_delta_time[0:256:];/gt2l_segment_lat[0:256:];/gt2l_segment_lon[0:256:];/gt2l_delta_time[0:256:];/gt1r_segment_lat[0:256:];/gt1r_segment_lon[0:256:];/gt1r_delta_time[0:256:];/gt1l_segment_lat[0:256:];/gt1l_segment_lon[0:256:];/gt1l_delta_time[0:256:]"; transmitting
1692893371,1556,timing,elapsed_us,8,start_us,1692893371683709,stop_us,1692893371683717,http-nio-8080-exec-10:38[bes_client:/-2],set container in ngap values ngapContainer,collections/C1241427013-NSIDC_CUAT/granules/ATL13_20200101002212_00810601_005_01.h5; transmitting
1692893373,1556,timing,elapsed_us,2303247,start_us,1692893371684780,stop_us,1692893373988027,-,RemoteResource::get_url() - source url: https://data.nsidc.uat.earthdatacloud.nasa.gov/nsidc-cumulus-uat-protected/ATLAS/ATL13/005/2020/01/ATL13_20200101002212_00810601_005_01.h5.dmrpp
1692893374,1556,timing,elapsed_us,152155,start_us,1692893374764224,stop_us,1692893374916379,-,DmrppArray::read_super_chunks_concurrent() -  name: gt2l_segment_lon
1692893374,1556,timing,elapsed_us,202409,start_us,1692893374561561,stop_us,1692893374763970,-,DmrppArray::read_super_chunks_concurrent() -  name: gt3l_segment_lat
1692893374,1556,timing,elapsed_us,217692,start_us,1692893374084517,stop_us,1692893374302209,-,DmrppArray::read_super_chunks_concurrent() -  name: gt1r_segment_lon
1692893374,1556,timing,elapsed_us,22640,start_us,1692893374429701,stop_us,1692893374452341,-,DmrppArray::read_super_chunks_concurrent() -  name: gt1l_segment_lon
1692893374,1556,timing,elapsed_us,27459,start_us,1692893374401935,stop_us,1692893374429394,-,DmrppArray::read_super_chunks_concurrent() -  name: gt2r_segment_lat
1692893374,1556,timing,elapsed_us,29272,start_us,1692893374371993,stop_us,1692893374401265,-,DmrppArray::read_super_chunks_concurrent() -  name: gt2r_segment_lon
1692893374,1556,timing,elapsed_us,32588,start_us,1692893374452669,stop_us,1692893374485257,-,DmrppArray::read_super_chunks_concurrent() -  name: gt1l_segment_lat
1692893374,1556,timing,elapsed_us,68522,start_us,1692893374302941,stop_us,1692893374371463,-,DmrppArray::read_super_chunks_concurrent() -  name: gt1r_segment_lat
1692893374,1556,timing,elapsed_us,75788,start_us,1692893374485487,stop_us,1692893374561275,-,DmrppArray::read_super_chunks_concurrent() -  name: gt3l_segment_lon
1692893374,1556,timing,elapsed_us,83612,start_us,1692893374000197,stop_us,1692893374083809,-,DmrppArray::read_contiguous() -  name: orbit_info_rgt
1692893375,1556,timing,elapsed_us,119762,start_us,1692893374916965,stop_us,1692893375036727,-,DmrppArray::read_super_chunks_concurrent() -  name: gt2l_segment_lat
1692893375,1556,timing,elapsed_us,1415627,start_us,1692893373998695,stop_us,1692893375414322,-,BESDapResponseBuilder::serialize_dap4_data() - Timer
1692893375,1556,timing,elapsed_us,1415989,start_us,1692893373998353,stop_us,1692893375414342,http-nio-8080-exec-10:38[bes_client:/-2],get dap for d1 return as dap2; transmitting
1692893375,1556,timing,elapsed_us,195,start_us,1692893375416215,stop_us,1692893375416410,-,BESInterface::execute_request
1692893375,1556,timing,elapsed_us,21089,start_us,1692893375287646,stop_us,1692893375308735,-,DmrppArray::read_super_chunks_concurrent() -  name: gt2l_delta_time
1692893375,1556,timing,elapsed_us,222,start_us,1692893375416211,stop_us,1692893375416433,-,BESServerHandler::execute
1692893375,1556,timing,elapsed_us,23316,start_us,1692893375337992,stop_us,1692893375361308,-,DmrppArray::read_super_chunks_concurrent() -  name: gt3l_delta_time
1692893375,1556,timing,elapsed_us,23557,start_us,1692893375390560,stop_us,1692893375414117,-,DmrppArray::read_contiguous() -  name: orbit_info_crossing_time
1692893375,1556,timing,elapsed_us,26001,start_us,1692893375261367,stop_us,1692893375287368,-,DmrppArray::read_super_chunks_concurrent() -  name: gt1r_delta_time
1692893375,1556,timing,elapsed_us,28420,start_us,1692893375309263,stop_us,1692893375337683,-,DmrppArray::read_super_chunks_concurrent() -  name: gt2r_delta_time
1692893375,1556,timing,elapsed_us,28469,start_us,1692893375361971,stop_us,1692893375390440,-,DmrppArray::read_super_chunks_concurrent() -  name: gt3r_delta_time
1692893375,1556,timing,elapsed_us,40283,start_us,1692893375220478,stop_us,1692893375260761,-,DmrppArray::read_super_chunks_concurrent() -  name: gt1l_delta_time
1692893375,1556,timing,elapsed_us,4121581,start_us,1692893371292774,stop_us,1692893375414355,-,BESInterface::execute_request
1692893375,1556,timing,elapsed_us,4123453,start_us,1692893371292739,stop_us,1692893375416192,-,BESServerHandler::execute
1692893375,1556,timing,elapsed_us,6,start_us,1692893375416396,stop_us,1692893375416402,client: /-2:63,show status; transmitting
1692893375,1556,timing,elapsed_us,85057,start_us,1692893375037332,stop_us,1692893375122389,-,DmrppArray::read_super_chunks_concurrent() -  name: gt3r_segment_lon
1692893375,1556,timing,elapsed_us,97043,start_us,1692893375123117,stop_us,1692893375220160,-,DmrppArray::read_super_chunks_concurrent() -  name: gt3r_segment_lat
1692893395,1556,timing,elapsed_us,314911,start_us,1692893394850039,stop_us,1692893395164950,-,RemoteResource::get_url() - source url: https://cmr.uat.earthdata.nasa.gov/search/granules.umm_json_v1_4?collection_concept_id=C1241427013-NSIDC_CUAT&granule_ur=ATL13_20200101002212_00810601_005_01.h5
1692893395,1556,timing,elapsed_us,7,start_us,1692893395165396,stop_us,1692893395165403,http-nio-8080-exec-9:37[bes_client:/-2],set container in ngap values ngapContainer,collections/C1241427013-NSIDC_CUAT/granules/ATL13_20200101002212_00810601_005_01.h5; transmitting
1692893395,1556,timing,elapsed_us,7,start_us,1692893395165617,stop_us,1692893395165624,http-nio-8080-exec-9:37[bes_client:/-2],define d1 in default as ngapContainer with ngapContainer.dap4constraint="/orbit_info_rgt;/orbit_info_crossing_time;/gt3r_segment_lat[0:256:];/gt3r_segment_lon[0:256:];/gt3r_delta_time[0:256:];/gt3l_segment_lat[0:256:];/gt3l_segment_lon[0:256:];/gt3l_delta_time[0:256:];/gt2r_segment_lat[0:256:];/gt2r_segment_lon[0:256:];/gt2r_delta_time[0:256:];/gt2l_segment_lat[0:256:];/gt2l_segment_lon[0:256:];/gt2l_delta_time[0:256:];/gt1r_segment_lat[0:256:];/gt1r_segment_lon[0:256:];/gt1r_delta_time[0:256:];/gt1l_segment_lat[0:256:];/gt1l_segment_lon[0:256:];/gt1l_delta_time[0:256:]"; transmitting
1692893397,1556,timing,elapsed_us,21069,start_us,1692893397844233,stop_us,1692893397865302,-,DmrppArray::read_super_chunks_concurrent() -  name: gt3l_segment_lat
1692893397,1556,timing,elapsed_us,22670,start_us,1692893397821274,stop_us,1692893397843944,-,DmrppArray::read_super_chunks_concurrent() -  name: gt3l_segment_lon
1692893397,1556,timing,elapsed_us,2283453,start_us,1692893395166428,stop_us,1692893397449881,-,RemoteResource::get_url() - source url: https://data.nsidc.uat.earthdatacloud.nasa.gov/nsidc-cumulus-uat-protected/ATLAS/ATL13/005/2020/01/ATL13_20200101002212_00810601_005_01.h5.dmrpp
1692893397,1556,timing,elapsed_us,23203,start_us,1692893397912326,stop_us,1692893397935529,-,DmrppArray::read_super_chunks_concurrent() -  name: gt2l_segment_lat
1692893397,1556,timing,elapsed_us,23930,start_us,1692893397797108,stop_us,1692893397821038,-,DmrppArray::read_super_chunks_concurrent() -  name: gt1l_segment_lat
1692893397,1556,timing,elapsed_us,27333,start_us,1692893397769480,stop_us,1692893397796813,-,DmrppArray::read_super_chunks_concurrent() -  name: gt1l_segment_lon
1692893397,1556,timing,elapsed_us,30774,start_us,1692893397738390,stop_us,1692893397769164,-,DmrppArray::read_super_chunks_concurrent() -  name: gt2r_segment_lat
1692893397,1556,timing,elapsed_us,32063,start_us,1692893397655245,stop_us,1692893397687308,-,DmrppArray::read_super_chunks_concurrent() -  name: gt1r_segment_lat
1692893397,1556,timing,elapsed_us,46500,start_us,1692893397865547,stop_us,1692893397912047,-,DmrppArray::read_super_chunks_concurrent() -  name: gt2l_segment_lon
1692893397,1556,timing,elapsed_us,49921,start_us,1692893397687941,stop_us,1692893397737862,-,DmrppArray::read_super_chunks_concurrent() -  name: gt2r_segment_lon
1692893397,1556,timing,elapsed_us,93262,start_us,1692893397462053,stop_us,1692893397555315,-,DmrppArray::read_contiguous() -  name: orbit_info_rgt
1692893397,1556,timing,elapsed_us,98599,start_us,1692893397556000,stop_us,1692893397654599,-,DmrppArray::read_super_chunks_concurrent() -  name: gt1r_segment_lon
1692893398,1556,timing,elapsed_us,21592,start_us,1692893398328721,stop_us,1692893398350313,-,DmrppArray::read_contiguous() -  name: orbit_info_crossing_time
1692893398,1556,timing,elapsed_us,21970,start_us,1692893398161125,stop_us,1692893398183095,-,DmrppArray::read_super_chunks_concurrent() -  name: gt2l_delta_time
1692893398,1556,timing,elapsed_us,22357,start_us,1692893398093657,stop_us,1692893398116014,-,DmrppArray::read_super_chunks_concurrent() -  name: gt1l_delta_time
1692893398,1556,timing,elapsed_us,240,start_us,1692893398352535,stop_us,1692893398352775,-,BESInterface::execute_request
1692893398,1556,timing,elapsed_us,268,start_us,1692893398352531,stop_us,1692893398352799,-,BESServerHandler::execute
1692893398,1556,timing,elapsed_us,35034,start_us,1692893398224252,stop_us,1692893398259286,-,DmrppArray::read_super_chunks_concurrent() -  name: gt3l_delta_time
1692893398,1556,timing,elapsed_us,3505860,start_us,1692893394844772,stop_us,1692893398350632,-,BESInterface::execute_request
1692893398,1556,timing,elapsed_us,3507774,start_us,1692893394844737,stop_us,1692893398352511,-,BESServerHandler::execute
1692893398,1556,timing,elapsed_us,40291,start_us,1692893398183596,stop_us,1692893398223887,-,DmrppArray::read_super_chunks_concurrent() -  name: gt2r_delta_time
1692893398,1556,timing,elapsed_us,44294,start_us,1692893398116563,stop_us,1692893398160857,-,DmrppArray::read_super_chunks_concurrent() -  name: gt1r_delta_time
1692893398,1556,timing,elapsed_us,68606,start_us,1692893398259952,stop_us,1692893398328558,-,DmrppArray::read_super_chunks_concurrent() -  name: gt3r_delta_time
1692893398,1556,timing,elapsed_us,7,start_us,1692893398352757,stop_us,1692893398352764,client: /-2:65,show status; transmitting
1692893398,1556,timing,elapsed_us,72939,start_us,1692893398020249,stop_us,1692893398093188,-,DmrppArray::read_super_chunks_concurrent() -  name: gt3r_segment_lat
1692893398,1556,timing,elapsed_us,83021,start_us,1692893397936151,stop_us,1692893398019172,-,DmrppArray::read_super_chunks_concurrent() -  name: gt3r_segment_lon
1692893398,1556,timing,elapsed_us,890004,start_us,1692893397460578,stop_us,1692893398350582,-,BESDapResponseBuilder::serialize_dap4_data() - Timer
1692893398,1556,timing,elapsed_us,890373,start_us,1692893397460237,stop_us,1692893398350610,http-nio-8080-exec-9:37[bes_client:/-2],get dap for d1 return as dap2; transmitting
1692893447,1556,timing,elapsed_us,216459,start_us,1692893447785426,stop_us,1692893448001885,-,RemoteResource::get_url() - source url: https://cmr.uat.earthdata.nasa.gov/search/granules.umm_json_v1_4?collection_concept_id=C1241426907-NSIDC_CUAT&granule_ur=ATL08_20200101145654_00900605_005_01.h5
1692893447,1556,timing,elapsed_us,7,start_us,1692893448002343,stop_us,1692893448002350,http-nio-8080-exec-7:35[bes_client:/-2],set container in ngap values ngapContainer,collections/C1241426907-NSIDC_CUAT/granules/ATL08_20200101145654_00900605_005_01.h5; transmitting
1692893447,1556,timing,elapsed_us,8,start_us,1692893448002572,stop_us,1692893448002580,http-nio-8080-exec-7:35[bes_client:/-2],define d1 in default as ngapContainer with ngapContainer.dap4constraint="/orbit_info_rgt;/orbit_info_crossing_time;/gt3r_land_segments_latitude[0:8:];/gt3r_land_segments_longitude[0:8:];/gt3r_land_segments_terrain_h_te_best_fit[0:8:];/gt3r_land_segments_canopy_h_canopy[0:8:];/gt3r_land_segments_delta_time[0:8:];/gt3l_land_segments_latitude[0:8:];/gt3l_land_segments_longitude[0:8:];/gt3l_land_segments_terrain_h_te_best_fit[0:8:];/gt3l_land_segments_canopy_h_canopy[0:8:];/gt3l_land_segments_delta_time[0:8:];/gt2r_land_segments_latitude[0:8:];/gt2r_land_segments_longitude[0:8:];/gt2r_land_segments_terrain_h_te_best_fit[0:8:];/gt2r_land_segments_canopy_h_canopy[0:8:];/gt2r_land_segments_delta_time[0:8:];/gt2l_land_segments_latitude[0:8:];/gt2l_land_segments_longitude[0:8:];/gt2l_land_segments_terrain_h_te_best_fit[0:8:];/gt2l_land_segments_canopy_h_canopy[0:8:];/gt2l_land_segments_delta_time[0:8:];/gt1r_land_segments_latitude[0:8:];/gt1r_land_segments_longitude[0:8:];/gt1r_land_segments_terrain_h_te_best_fit[0:8:];/gt1r_land_segments_canopy_h_canopy[0:8:];/gt1r_land_segments_delta_time[0:8:];/gt1l_land_segments_latitude[0:8:];/gt1l_land_segments_longitude[0:8:];/gt1l_land_segments_terrain_h_te_best_fit[0:8:];/gt1l_land_segments_canopy_h_canopy[0:8:];/gt1l_land_segments_delta_time[0:8:]"; transmitting
1692893450,1556,timing,elapsed_us,17389,start_us,1692893450649353,stop_us,1692893450666742,-,DmrppArray::read_contiguous() -  name: gt1r_land_segments_terrain_h_te_best_fit
1692893450,1556,timing,elapsed_us,17571,start_us,1692893450685073,stop_us,1692893450702644,-,DmrppArray::read_contiguous() -  name: gt1r_land_segments_latitude
1692893450,1556,timing,elapsed_us,17672,start_us,1692893450589841,stop_us,1692893450607513,-,DmrppArray::read_contiguous() -  name: orbit_info_crossing_time
1692893450,1556,timing,elapsed_us,17769,start_us,1692893450571992,stop_us,1692893450589761,-,DmrppArray::read_contiguous() -  name: gt3r_land_segments_delta_time
1692893450,1556,timing,elapsed_us,18073,start_us,1692893450702738,stop_us,1692893450720811,-,DmrppArray::read_contiguous() -  name: gt2r_land_segments_canopy_h_canopy
1692893450,1556,timing,elapsed_us,18165,start_us,1692893450666827,stop_us,1692893450684992,-,DmrppArray::read_contiguous() -  name: gt1r_land_segments_longitude
1692893450,1556,timing,elapsed_us,18259,start_us,1692893450759989,stop_us,1692893450778248,-,DmrppArray::read_contiguous() -  name: gt2r_land_segments_latitude
1692893450,1556,timing,elapsed_us,18487,start_us,1692893450630726,stop_us,1692893450649213,-,DmrppArray::read_contiguous() -  name: gt1r_land_segments_canopy_h_canopy
1692893450,1556,timing,elapsed_us,19217,start_us,1692893450720903,stop_us,1692893450740120,-,DmrppArray::read_contiguous() -  name: gt2r_land_segments_terrain_h_te_best_fit
1692893450,1556,timing,elapsed_us,19568,start_us,1692893450740309,stop_us,1692893450759877,-,DmrppArray::read_contiguous() -  name: gt2r_land_segments_longitude
1692893450,1556,timing,elapsed_us,19798,start_us,1692893450467218,stop_us,1692893450487016,-,DmrppArray::read_contiguous() -  name: gt1r_land_segments_delta_time
1692893450,1556,timing,elapsed_us,21372,start_us,1692893450934011,stop_us,1692893450955383,-,DmrppArray::read_contiguous() -  name: gt3l_land_segments_canopy_h_canopy
1692893450,1556,timing,elapsed_us,22816,start_us,1692893450549099,stop_us,1692893450571915,-,DmrppArray::read_contiguous() -  name: gt3l_land_segments_delta_time
1692893450,1556,timing,elapsed_us,22927,start_us,1692893450607654,stop_us,1692893450630581,-,DmrppArray::read_contiguous() -  name: orbit_info_rgt
1692893450,1556,timing,elapsed_us,2368743,start_us,1692893448003444,stop_us,1692893450372187,-,RemoteResource::get_url() - source url: https://data.nsidc.uat.earthdatacloud.nasa.gov/nsidc-cumulus-uat-protected/ATLAS/ATL08/005/2020/01/01/ATL08_20200101145654_00900605_005_01.h5.dmrpp
1692893450,1556,timing,elapsed_us,23790,start_us,1692893450487116,stop_us,1692893450510906,-,DmrppArray::read_contiguous() -  name: gt2l_land_segments_delta_time
1692893450,1556,timing,elapsed_us,26870,start_us,1692893450907055,stop_us,1692893450933925,-,DmrppArray::read_contiguous() -  name: gt1l_land_segments_latitude
1692893450,1556,timing,elapsed_us,34476,start_us,1692893450955585,stop_us,1692893450990061,-,DmrppArray::read_contiguous() -  name: gt3l_land_segments_terrain_h_te_best_fit
1692893450,1556,timing,elapsed_us,36798,start_us,1692893450778345,stop_us,1692893450815143,-,DmrppArray::read_contiguous() -  name: gt1l_land_segments_canopy_h_canopy
1692893450,1556,timing,elapsed_us,38006,start_us,1692893450510999,stop_us,1692893450549005,-,DmrppArray::read_contiguous() -  name: gt2r_land_segments_delta_time
1692893450,1556,timing,elapsed_us,41203,start_us,1692893450815297,stop_us,1692893450856500,-,DmrppArray::read_contiguous() -  name: gt1l_land_segments_terrain_h_te_best_fit
1692893450,1556,timing,elapsed_us,50249,start_us,1692893450856722,stop_us,1692893450906971,-,DmrppArray::read_contiguous() -  name: gt1l_land_segments_longitude
1692893450,1556,timing,elapsed_us,74876,start_us,1692893450392234,stop_us,1692893450467110,-,DmrppArray::read_contiguous() -  name: gt1l_land_segments_delta_time
1692893451,1556,timing,elapsed_us,16651,start_us,1692893451027739,stop_us,1692893451044390,-,DmrppArray::read_contiguous() -  name: gt2l_land_segments_canopy_h_canopy
1692893451,1556,timing,elapsed_us,17077,start_us,1692893451160777,stop_us,1692893451177854,-,DmrppArray::read_contiguous() -  name: gt3r_land_segments_latitude
1692893451,1556,timing,elapsed_us,18469,start_us,1692893451009064,stop_us,1692893451027533,-,DmrppArray::read_contiguous() -  name: gt3l_land_segments_latitude
1692893451,1556,timing,elapsed_us,18762,start_us,1692893450990221,stop_us,1692893451008983,-,DmrppArray::read_contiguous() -  name: gt3l_land_segments_longitude
1692893451,1556,timing,elapsed_us,18943,start_us,1692893451083098,stop_us,1692893451102041,-,DmrppArray::read_contiguous() -  name: gt2l_land_segments_latitude
1692893451,1556,timing,elapsed_us,19016,start_us,1692893451063997,stop_us,1692893451083013,-,DmrppArray::read_contiguous() -  name: gt2l_land_segments_longitude
1692893451,1556,timing,elapsed_us,19080,start_us,1692893451121977,stop_us,1692893451141057,-,DmrppArray::read_contiguous() -  name: gt3r_land_segments_terrain_h_te_best_fit
1692893451,1556,timing,elapsed_us,19301,start_us,1692893451044550,stop_us,1692893451063851,-,DmrppArray::read_contiguous() -  name: gt2l_land_segments_terrain_h_te_best_fit
1692893451,1556,timing,elapsed_us,19423,start_us,1692893451141137,stop_us,1692893451160560,-,DmrppArray::read_contiguous() -  name: gt3r_land_segments_longitude
1692893451,1556,timing,elapsed_us,19692,start_us,1692893451102127,stop_us,1692893451121819,-,DmrppArray::read_contiguous() -  name: gt3r_land_segments_canopy_h_canopy
1692893451,1556,timing,elapsed_us,212,start_us,1692893451179224,stop_us,1692893451179436,-,BESInterface::execute_request
1692893451,1556,timing,elapsed_us,238,start_us,1692893451179220,stop_us,1692893451179458,-,BESServerHandler::execute
1692893451,1556,timing,elapsed_us,3397223,start_us,1692893447780784,stop_us,1692893451178007,-,BESInterface::execute_request
1692893451,1556,timing,elapsed_us,3398455,start_us,1692893447780747,stop_us,1692893451179202,-,BESServerHandler::execute
1692893451,1556,timing,elapsed_us,787254,start_us,1692893450390733,stop_us,1692893451177987,-,BESDapResponseBuilder::serialize_dap4_data() - Timer
1692893451,1556,timing,elapsed_us,787657,start_us,1692893450390343,stop_us,1692893451178000,http-nio-8080-exec-7:35[bes_client:/-2],get dap for d1 return as dap2; transmitting
1692893451,1556,timing,elapsed_us,8,start_us,1692893451179421,stop_us,1692893451179429,client: /-2:67,show status; transmitting
1692893472,1556,timing,elapsed_us,10,start_us,1692893472624783,stop_us,1692893472624793,http-nio-8080-exec-8:36[bes_client:/-2],define d1 in default as ngapContainer with ngapContainer.dap4constraint="/orbit_info_rgt;/orbit_info_crossing_time;/gt3r_land_segments_latitude[0:8:];/gt3r_land_segments_longitude[0:8:];/gt3r_land_segments_terrain_h_te_best_fit[0:8:];/gt3r_land_segments_canopy_h_canopy[0:8:];/gt3r_land_segments_delta_time[0:8:];/gt3l_land_segments_latitude[0:8:];/gt3l_land_segments_longitude[0:8:];/gt3l_land_segments_terrain_h_te_best_fit[0:8:];/gt3l_land_segments_canopy_h_canopy[0:8:];/gt3l_land_segments_delta_time[0:8:];/gt2r_land_segments_latitude[0:8:];/gt2r_land_segments_longitude[0:8:];/gt2r_land_segments_terrain_h_te_best_fit[0:8:];/gt2r_land_segments_canopy_h_canopy[0:8:];/gt2r_land_segments_delta_time[0:8:];/gt2l_land_segments_latitude[0:8:];/gt2l_land_segments_longitude[0:8:];/gt2l_land_segments_terrain_h_te_best_fit[0:8:];/gt2l_land_segments_canopy_h_canopy[0:8:];/gt2l_land_segments_delta_time[0:8:];/gt1r_land_segments_latitude[0:8:];/gt1r_land_segments_longitude[0:8:];/gt1r_land_segments_terrain_h_te_best_fit[0:8:];/gt1r_land_segments_canopy_h_canopy[0:8:];/gt1r_land_segments_delta_time[0:8:];/gt1l_land_segments_latitude[0:8:];/gt1l_land_segments_longitude[0:8:];/gt1l_land_segments_terrain_h_te_best_fit[0:8:];/gt1l_land_segments_canopy_h_canopy[0:8:];/gt1l_land_segments_delta_time[0:8:]"; transmitting
1692893472,1556,timing,elapsed_us,317900,start_us,1692893472305997,stop_us,1692893472623897,-,RemoteResource::get_url() - source url: https://cmr.uat.earthdata.nasa.gov/search/granules.umm_json_v1_4?collection_concept_id=C1241426907-NSIDC_CUAT&granule_ur=ATL08_20200101145654_00900605_005_01.h5
1692893472,1556,timing,elapsed_us,7,start_us,1692893472624383,stop_us,1692893472624390,http-nio-8080-exec-8:36[bes_client:/-2],set container in ngap values ngapContainer,collections/C1241426907-NSIDC_CUAT/granules/ATL08_20200101145654_00900605_005_01.h5; transmitting
1692893474,1556,timing,elapsed_us,2296207,start_us,1692893472625645,stop_us,1692893474921852,-,RemoteResource::get_url() - source url: https://data.nsidc.uat.earthdatacloud.nasa.gov/nsidc-cumulus-uat-protected/ATLAS/ATL08/005/2020/01/01/ATL08_20200101145654_00900605_005_01.h5.dmrpp
1692893475,1556,timing,elapsed_us,156358,start_us,1692893474941179,stop_us,1692893475097537,-,DmrppArray::read_contiguous() -  name: gt1l_land_segments_delta_time
1692893475,1556,timing,elapsed_us,17023,start_us,1692893475398919,stop_us,1692893475415942,-,DmrppArray::read_contiguous() -  name: gt1r_land_segments_latitude
1692893475,1556,timing,elapsed_us,17028,start_us,1692893475810941,stop_us,1692893475827969,-,DmrppArray::read_contiguous() -  name: gt3r_land_segments_terrain_h_te_best_fit
1692893475,1556,timing,elapsed_us,17092,start_us,1692893475462888,stop_us,1692893475479980,-,DmrppArray::read_contiguous() -  name: gt2r_land_segments_longitude
1692893475,1556,timing,elapsed_us,17563,start_us,1692893475729873,stop_us,1692893475747436,-,DmrppArray::read_contiguous() -  name: gt2l_land_segments_terrain_h_te_best_fit
1692893475,1556,timing,elapsed_us,17602,start_us,1692893475480066,stop_us,1692893475497668,-,DmrppArray::read_contiguous() -  name: gt2r_land_segments_latitude
1692893475,1556,timing,elapsed_us,17738,start_us,1692893475828047,stop_us,1692893475845785,-,DmrppArray::read_contiguous() -  name: gt3r_land_segments_longitude
1692893475,1556,timing,elapsed_us,17811,start_us,1692893475146033,stop_us,1692893475163844,-,DmrppArray::read_contiguous() -  name: gt2r_land_segments_delta_time
1692893475,1556,timing,elapsed_us,17827,start_us,1692893475163930,stop_us,1692893475181757,-,DmrppArray::read_contiguous() -  name: gt3l_land_segments_delta_time
1692893475,1556,timing,elapsed_us,17966,start_us,1692893475622799,stop_us,1692893475640765,-,DmrppArray::read_contiguous() -  name: gt3l_land_segments_terrain_h_te_best_fit
1692893475,1556,timing,elapsed_us,18012,start_us,1692893475640901,stop_us,1692893475658913,-,DmrppArray::read_contiguous() -  name: gt3l_land_segments_longitude
1692893475,1556,timing,elapsed_us,18075,start_us,1692893475127867,stop_us,1692893475145942,-,DmrppArray::read_contiguous() -  name: gt2l_land_segments_delta_time
1692893475,1556,timing,elapsed_us,18486,start_us,1692893475792360,stop_us,1692893475810846,-,DmrppArray::read_contiguous() -  name: gt3r_land_segments_canopy_h_canopy
1692893475,1556,timing,elapsed_us,18678,start_us,1692893475181904,stop_us,1692893475200582,-,DmrppArray::read_contiguous() -  name: gt3r_land_segments_delta_time
1692893475,1556,timing,elapsed_us,18852,start_us,1692893475845899,stop_us,1692893475864751,-,DmrppArray::read_contiguous() -  name: gt3r_land_segments_latitude
1692893475,1556,timing,elapsed_us,191,start_us,1692893475866242,stop_us,1692893475866433,-,BESInterface::execute_request
1692893475,1556,timing,elapsed_us,19460,start_us,1692893475550843,stop_us,1692893475570303,-,DmrppArray::read_contiguous() -  name: gt1l_land_segments_longitude
1692893475,1556,timing,elapsed_us,19835,start_us,1692893475570493,stop_us,1692893475590328,-,DmrppArray::read_contiguous() -  name: gt1l_land_segments_latitude
1692893475,1556,timing,elapsed_us,19849,start_us,1692893475442860,stop_us,1692893475462709,-,DmrppArray::read_contiguous() -  name: gt2r_land_segments_terrain_h_te_best_fit
1692893475,1556,timing,elapsed_us,19976,start_us,1692893475772284,stop_us,1692893475792260,-,DmrppArray::read_contiguous() -  name: gt2l_land_segments_latitude
1692893475,1556,timing,elapsed_us,20043,start_us,1692893475530613,stop_us,1692893475550656,-,DmrppArray::read_contiguous() -  name: gt1l_land_segments_terrain_h_te_best_fit
1692893475,1556,timing,elapsed_us,21265,start_us,1692893475246409,stop_us,1692893475267674,-,DmrppArray::read_contiguous() -  name: orbit_info_rgt
1692893475,1556,timing,elapsed_us,218,start_us,1692893475866238,stop_us,1692893475866456,-,BESServerHandler::execute
1692893475,1556,timing,elapsed_us,24491,start_us,1692893475747627,stop_us,1692893475772118,-,DmrppArray::read_contiguous() -  name: gt2l_land_segments_longitude
1692893475,1556,timing,elapsed_us,24643,start_us,1692893475705064,stop_us,1692893475729707,-,DmrppArray::read_contiguous() -  name: gt2l_land_segments_canopy_h_canopy
1692893475,1556,timing,elapsed_us,25190,start_us,1692893475373629,stop_us,1692893475398819,-,DmrppArray::read_contiguous() -  name: gt1r_land_segments_longitude
1692893475,1556,timing,elapsed_us,26679,start_us,1692893475416016,stop_us,1692893475442695,-,DmrppArray::read_contiguous() -  name: gt2r_land_segments_canopy_h_canopy
1692893475,1556,timing,elapsed_us,29946,start_us,1692893475097762,stop_us,1692893475127708,-,DmrppArray::read_contiguous() -  name: gt1r_land_segments_delta_time
1692893475,1556,timing,elapsed_us,32205,start_us,1692893475590498,stop_us,1692893475622703,-,DmrppArray::read_contiguous() -  name: gt3l_land_segments_canopy_h_canopy
1692893475,1556,timing,elapsed_us,32567,start_us,1692893475497861,stop_us,1692893475530428,-,DmrppArray::read_contiguous() -  name: gt1l_land_segments_canopy_h_canopy
1692893475,1556,timing,elapsed_us,3564217,start_us,1692893472300759,stop_us,1692893475864976,-,BESInterface::execute_request
1692893475,1556,timing,elapsed_us,3565486,start_us,1692893472300733,stop_us,1692893475866219,-,BESServerHandler::execute
1692893475,1556,timing,elapsed_us,44662,start_us,1692893475328880,stop_us,1692893475373542,-,DmrppArray::read_contiguous() -  name: gt1r_land_segments_terrain_h_te_best_fit
1692893475,1556,timing,elapsed_us,45572,start_us,1692893475200682,stop_us,1692893475246254,-,DmrppArray::read_contiguous() -  name: orbit_info_crossing_time
1692893475,1556,timing,elapsed_us,45974,start_us,1692893475658997,stop_us,1692893475704971,-,DmrppArray::read_contiguous() -  name: gt3l_land_segments_latitude
1692893475,1556,timing,elapsed_us,6,start_us,1692893475866420,stop_us,1692893475866426,client: /-2:69,show status; transmitting
1692893475,1556,timing,elapsed_us,60870,start_us,1692893475267843,stop_us,1692893475328713,-,DmrppArray::read_contiguous() -  name: gt1r_land_segments_canopy_h_canopy
1692893475,1556,timing,elapsed_us,925303,start_us,1692893474939654,stop_us,1692893475864957,-,BESDapResponseBuilder::serialize_dap4_data() - Timer
1692893475,1556,timing,elapsed_us,925709,start_us,1692893474939260,stop_us,1692893475864969,http-nio-8080-exec-8:36[bes_client:/-2],get dap for d1 return as dap2; transmitting
1692893493,1556,timing,elapsed_us,213481,start_us,1692893493329878,stop_us,1692893493543359,-,RemoteResource::get_url() - source url: https://cmr.uat.earthdata.nasa.gov/search/granules.umm_json_v1_4?collection_concept_id=C1241426907-NSIDC_CUAT&granule_ur=ATL08_20200101145654_00900605_005_01.h5
1692893493,1556,timing,elapsed_us,7,start_us,1692893493543908,stop_us,1692893493543915,http-nio-8080-exec-7:35[bes_client:/-2],set container in ngap values ngapContainer,collections/C1241426907-NSIDC_CUAT/granules/ATL08_20200101145654_00900605_005_01.h5; transmitting
1692893493,1556,timing,elapsed_us,8,start_us,1692893493544270,stop_us,1692893493544278,http-nio-8080-exec-7:35[bes_client:/-2],define d1 in default as ngapContainer with ngapContainer.dap4constraint="/orbit_info_rgt;/orbit_info_crossing_time;/gt3r_land_segments_latitude[0:8:];/gt3r_land_segments_longitude[0:8:];/gt3r_land_segments_terrain_h_te_best_fit[0:8:];/gt3r_land_segments_canopy_h_canopy[0:8:];/gt3r_land_segments_delta_time[0:8:];/gt3l_land_segments_latitude[0:8:];/gt3l_land_segments_longitude[0:8:];/gt3l_land_segments_terrain_h_te_best_fit[0:8:];/gt3l_land_segments_canopy_h_canopy[0:8:];/gt3l_land_segments_delta_time[0:8:];/gt2r_land_segments_latitude[0:8:];/gt2r_land_segments_longitude[0:8:];/gt2r_land_segments_terrain_h_te_best_fit[0:8:];/gt2r_land_segments_canopy_h_canopy[0:8:];/gt2r_land_segments_delta_time[0:8:];/gt2l_land_segments_latitude[0:8:];/gt2l_land_segments_longitude[0:8:];/gt2l_land_segments_terrain_h_te_best_fit[0:8:];/gt2l_land_segments_canopy_h_canopy[0:8:];/gt2l_land_segments_delta_time[0:8:];/gt1r_land_segments_latitude[0:8:];/gt1r_land_segments_longitude[0:8:];/gt1r_land_segments_terrain_h_te_best_fit[0:8:];/gt1r_land_segments_canopy_h_canopy[0:8:];/gt1r_land_segments_delta_time[0:8:];/gt1l_land_segments_latitude[0:8:];/gt1l_land_segments_longitude[0:8:];/gt1l_land_segments_terrain_h_te_best_fit[0:8:];/gt1l_land_segments_canopy_h_canopy[0:8:];/gt1l_land_segments_delta_time[0:8:]"; transmitting
1692893495,1556,timing,elapsed_us,2408408,start_us,1692893493545153,stop_us,1692893495953561,-,RemoteResource::get_url() - source url: https://data.nsidc.uat.earthdatacloud.nasa.gov/nsidc-cumulus-uat-protected/ATLAS/ATL08/005/2020/01/01/ATL08_20200101145654_00900605_005_01.h5.dmrpp
1692893496,1556,timing,elapsed_us,16643,start_us,1692893496579657,stop_us,1692893496596300,-,DmrppArray::read_contiguous() -  name: gt2l_land_segments_longitude
1692893496,1556,timing,elapsed_us,16734,start_us,1692893496427694,stop_us,1692893496444428,-,DmrppArray::read_contiguous() -  name: gt3l_land_segments_terrain_h_te_best_fit
1692893496,1556,timing,elapsed_us,16754,start_us,1692893496301724,stop_us,1692893496318478,-,DmrppArray::read_contiguous() -  name: gt2r_land_segments_longitude
1692893496,1556,timing,elapsed_us,16780,start_us,1692893496117726,stop_us,1692893496134506,-,DmrppArray::read_contiguous() -  name: gt3l_land_segments_delta_time
1692893496,1556,timing,elapsed_us,17009,start_us,1692893496615766,stop_us,1692893496632775,-,DmrppArray::read_contiguous() -  name: gt3r_land_segments_canopy_h_canopy
1692893496,1556,timing,elapsed_us,17100,start_us,1692893496246294,stop_us,1692893496263394,-,DmrppArray::read_contiguous() -  name: gt1r_land_segments_latitude
1692893496,1556,timing,elapsed_us,17215,start_us,1692893496544399,stop_us,1692893496561614,-,DmrppArray::read_contiguous() -  name: gt2l_land_segments_canopy_h_canopy
1692893496,1556,timing,elapsed_us,17285,start_us,1692893496152463,stop_us,1692893496169748,-,DmrppArray::read_contiguous() -  name: orbit_info_crossing_time
1692893496,1556,timing,elapsed_us,17322,start_us,1692893496318572,stop_us,1692893496335894,-,DmrppArray::read_contiguous() -  name: gt2r_land_segments_latitude
1692893496,1556,timing,elapsed_us,17563,start_us,1692893496444513,stop_us,1692893496462076,-,DmrppArray::read_contiguous() -  name: gt3l_land_segments_longitude
1692893496,1556,timing,elapsed_us,17661,start_us,1692893496134593,stop_us,1692893496152254,-,DmrppArray::read_contiguous() -  name: gt3r_land_segments_delta_time
1692893496,1556,timing,elapsed_us,17811,start_us,1692893496189858,stop_us,1692893496207669,-,DmrppArray::read_contiguous() -  name: gt1r_land_segments_canopy_h_canopy
1692893496,1556,timing,elapsed_us,17821,start_us,1692893496409749,stop_us,1692893496427570,-,DmrppArray::read_contiguous() -  name: gt3l_land_segments_canopy_h_canopy
1692893496,1556,timing,elapsed_us,17899,start_us,1692893496561692,stop_us,1692893496579591,-,DmrppArray::read_contiguous() -  name: gt2l_land_segments_terrain_h_te_best_fit
1692893496,1556,timing,elapsed_us,17925,start_us,1692893496671318,stop_us,1692893496689243,-,DmrppArray::read_contiguous() -  name: gt3r_land_segments_latitude
1692893496,1556,timing,elapsed_us,17938,start_us,1692893496283707,stop_us,1692893496301645,-,DmrppArray::read_contiguous() -  name: gt2r_land_segments_terrain_h_te_best_fit
1692893496,1556,timing,elapsed_us,18009,start_us,1692893496391652,stop_us,1692893496409661,-,DmrppArray::read_contiguous() -  name: gt1l_land_segments_latitude
1692893496,1556,timing,elapsed_us,18040,start_us,1692893496355073,stop_us,1692893496373113,-,DmrppArray::read_contiguous() -  name: gt1l_land_segments_terrain_h_te_best_fit
1692893496,1556,timing,elapsed_us,18202,start_us,1692893496373297,stop_us,1692893496391499,-,DmrppArray::read_contiguous() -  name: gt1l_land_segments_longitude
1692893496,1556,timing,elapsed_us,18452,start_us,1692893496652689,stop_us,1692893496671141,-,DmrppArray::read_contiguous() -  name: gt3r_land_segments_longitude
1692893496,1556,timing,elapsed_us,18577,start_us,1692893496207736,stop_us,1692893496226313,-,DmrppArray::read_contiguous() -  name: gt1r_land_segments_terrain_h_te_best_fit
1692893496,1556,timing,elapsed_us,18659,start_us,1692893496079683,stop_us,1692893496098342,-,DmrppArray::read_contiguous() -  name: gt2l_land_segments_delta_time
1692893496,1556,timing,elapsed_us,187,start_us,1692893496690722,stop_us,1692893496690909,-,BESInterface::execute_request
1692893496,1556,timing,elapsed_us,18835,start_us,1692893496060678,stop_us,1692893496079513,-,DmrppArray::read_contiguous() -  name: gt1r_land_segments_delta_time
1692893496,1556,timing,elapsed_us,18861,start_us,1692893496336037,stop_us,1692893496354898,-,DmrppArray::read_contiguous() -  name: gt1l_land_segments_canopy_h_canopy
1692893496,1556,timing,elapsed_us,19115,start_us,1692893496098530,stop_us,1692893496117645,-,DmrppArray::read_contiguous() -  name: gt2r_land_segments_delta_time
1692893496,1556,timing,elapsed_us,19245,start_us,1692893496596453,stop_us,1692893496615698,-,DmrppArray::read_contiguous() -  name: gt2l_land_segments_latitude
1692893496,1556,timing,elapsed_us,19622,start_us,1692893496226505,stop_us,1692893496246127,-,DmrppArray::read_contiguous() -  name: gt1r_land_segments_longitude
1692893496,1556,timing,elapsed_us,19682,start_us,1692893496632859,stop_us,1692893496652541,-,DmrppArray::read_contiguous() -  name: gt3r_land_segments_terrain_h_te_best_fit
1692893496,1556,timing,elapsed_us,19780,start_us,1692893496169915,stop_us,1692893496189695,-,DmrppArray::read_contiguous() -  name: orbit_info_rgt
1692893496,1556,timing,elapsed_us,20096,start_us,1692893496263484,stop_us,1692893496283580,-,DmrppArray::read_contiguous() -  name: gt2r_land_segments_canopy_h_canopy
1692893496,1556,timing,elapsed_us,212,start_us,1692893496690719,stop_us,1692893496690931,-,BESServerHandler::execute
1692893496,1556,timing,elapsed_us,3364792,start_us,1692893493324755,stop_us,1692893496689547,-,BESInterface::execute_request
1692893496,1556,timing,elapsed_us,3365981,start_us,1692893493324720,stop_us,1692893496690701,-,BESServerHandler::execute
1692893496,1556,timing,elapsed_us,6,start_us,1692893496690896,stop_us,1692893496690902,client: /-2:71,show status; transmitting
1692893496,1556,timing,elapsed_us,718434,start_us,1692893495971067,stop_us,1692893496689501,-,BESDapResponseBuilder::serialize_dap4_data() - Timer
1692893496,1556,timing,elapsed_us,718849,start_us,1692893495970682,stop_us,1692893496689531,http-nio-8080-exec-7:35[bes_client:/-2],get dap for d1 return as dap2; transmitting
1692893496,1556,timing,elapsed_us,81965,start_us,1692893496462240,stop_us,1692893496544205,-,DmrppArray::read_contiguous() -  name: gt3l_land_segments_latitude
1692893496,1556,timing,elapsed_us,87939,start_us,1692893495972534,stop_us,1692893496060473,-,DmrppArray::read_contiguous() -  name: gt1l_land_segments_delta_time
1692893522,1556,timing,elapsed_us,227375,start_us,1692893521901169,stop_us,1692893522128544,-,RemoteResource::get_url() - source url: https://cmr.uat.earthdata.nasa.gov/search/granules.umm_json_v1_4?collection_concept_id=C1241426826-NSIDC_CUAT&granule_ur=ATL03_20200101145654_00900605_005_01.h5
1692893522,1556,timing,elapsed_us,6,start_us,1692893522129466,stop_us,1692893522129472,http-nio-8080-exec-2:30[bes_client:/-2],define d1 in default as ngapContainer with ngapContainer.dap4constraint="/gt3r_geolocation_delta_time;/gt3r_geolocation_reference_photon_lat;/gt3r_geolocation_reference_photon_lon;/gt3r_geolocation_reference_photon_index;/gt3r_geolocation_segment_ph_cnt;/gt3r_geolocation_ph_index_beg;/gt3r_geolocation_segment_id"; transmitting
1692893522,1556,timing,elapsed_us,7,start_us,1692893522129094,stop_us,1692893522129101,http-nio-8080-exec-2:30[bes_client:/-2],set container in ngap values ngapContainer,collections/C1241426826-NSIDC_CUAT/granules/ATL03_20200101145654_00900605_005_01.h5; transmitting
1692893524,1556,timing,elapsed_us,2389797,start_us,1692893522130323,stop_us,1692893524520120,-,RemoteResource::get_url() - source url: https://data.nsidc.uat.earthdatacloud.nasa.gov/nsidc-cumulus-uat-protected/ATLAS/ATL03/005/2020/01/01/ATL03_20200101145654_00900605_005_01.h5.dmrpp
1692893526,1556,timing,elapsed_us,2336997,start_us,1692893524564664,stop_us,1692893526901661,-,CurlUtils::retrieve_effective_url() -  Following Redirects Starting With: https://data.nsidc.uat.earthdatacloud.nasa.gov/nsidc-cumulus-uat-protected/ATLAS/ATL03/005/2020/01/01/ATL03_20200101145654_00900605_005_01.h5
1692893526,1556,timing,elapsed_us,75707,start_us,1692893526903864,stop_us,1692893526979571,-,DmrppArray::read_super_chunks_unconstrained_concurrent() -  name: gt3r_geolocation_segment_ph_cnt
1692893527,1556,timing,elapsed_us,21052,start_us,1692893527027888,stop_us,1692893527048940,-,DmrppArray::read_super_chunks_unconstrained_concurrent() -  name: gt3r_geolocation_ph_index_beg
1692893527,1556,timing,elapsed_us,21728,start_us,1692893527051488,stop_us,1692893527073216,-,DmrppArray::read_super_chunks_unconstrained_concurrent() -  name: gt3r_geolocation_segment_id
1692893527,1556,timing,elapsed_us,242,start_us,1692893527298664,stop_us,1692893527298906,-,BESInterface::execute_request
1692893527,1556,timing,elapsed_us,269,start_us,1692893527298660,stop_us,1692893527298929,-,BESServerHandler::execute
1692893527,1556,timing,elapsed_us,2734040,start_us,1692893524562782,stop_us,1692893527296822,-,BESDapResponseBuilder::serialize_dap4_data() - Timer
1692893527,1556,timing,elapsed_us,2734436,start_us,1692893524562409,stop_us,1692893527296845,http-nio-8080-exec-2:30[bes_client:/-2],get dap for d1 return as dap2; transmitting
1692893527,1556,timing,elapsed_us,43835,start_us,1692893526981404,stop_us,1692893527025239,-,DmrppArray::read_super_chunks_unconstrained_concurrent() -  name: gt3r_geolocation_reference_photon_lon
1692893527,1556,timing,elapsed_us,5400091,start_us,1692893521896763,stop_us,1692893527296854,-,BESInterface::execute_request
1692893527,1556,timing,elapsed_us,5401913,start_us,1692893521896730,stop_us,1692893527298643,-,BESServerHandler::execute
1692893527,1556,timing,elapsed_us,57779,start_us,1692893527170044,stop_us,1692893527227823,-,DmrppArray::read_super_chunks_unconstrained_concurrent() -  name: gt3r_geolocation_reference_photon_index
1692893527,1556,timing,elapsed_us,6,start_us,1692893527298893,stop_us,1692893527298899,client: /-2:73,show status; transmitting
1692893527,1556,timing,elapsed_us,64649,start_us,1692893527229412,stop_us,1692893527294061,-,DmrppArray::read_super_chunks_unconstrained_concurrent() -  name: gt3r_geolocation_delta_time
1692893527,1556,timing,elapsed_us,92130,start_us,1692893527075346,stop_us,1692893527167476,-,DmrppArray::read_super_chunks_unconstrained_concurrent() -  name: gt3r_geolocation_reference_photon_lat
1692893583,1556,timing,elapsed_us,243405,start_us,1692893583717350,stop_us,1692893583960755,-,RemoteResource::get_url() - source url: https://cmr.uat.earthdata.nasa.gov/search/granules.umm_json_v1_4?collection_concept_id=C1241426826-NSIDC_CUAT&granule_ur=ATL03_20200101145654_00900605_005_01.h5
1692893583,1556,timing,elapsed_us,5,start_us,1692893583961986,stop_us,1692893583961991,http-nio-8080-exec-3:31[bes_client:/-2],define d1 in default as ngapContainer with ngapContainer.dap4constraint="/gt3r_geolocation_delta_time;/gt3r_geolocation_reference_photon_lat;/gt3r_geolocation_reference_photon_lon;/gt3r_geolocation_reference_photon_index;/gt3r_geolocation_segment_ph_cnt;/gt3r_geolocation_ph_index_beg;/gt3r_geolocation_segment_id"; transmitting
1692893583,1556,timing,elapsed_us,8,start_us,1692893583961254,stop_us,1692893583961262,http-nio-8080-exec-3:31[bes_client:/-2],set container in ngap values ngapContainer,collections/C1241426826-NSIDC_CUAT/granules/ATL03_20200101145654_00900605_005_01.h5; transmitting
1692893586,1556,timing,elapsed_us,21848,start_us,1692893586513457,stop_us,1692893586535305,-,DmrppArray::read_super_chunks_unconstrained_concurrent() -  name: gt3r_geolocation_reference_photon_index
1692893586,1556,timing,elapsed_us,22990,start_us,1692893586455603,stop_us,1692893586478593,-,DmrppArray::read_super_chunks_unconstrained_concurrent() -  name: gt3r_geolocation_segment_id
1692893586,1556,timing,elapsed_us,2306677,start_us,1692893583962863,stop_us,1692893586269540,-,RemoteResource::get_url() - source url: https://data.nsidc.uat.earthdatacloud.nasa.gov/nsidc-cumulus-uat-protected/ATLAS/ATL03/005/2020/01/01/ATL03_20200101145654_00900605_005_01.h5.dmrpp
1692893586,1556,timing,elapsed_us,23904,start_us,1692893586429150,stop_us,1692893586453054,-,DmrppArray::read_super_chunks_unconstrained_concurrent() -  name: gt3r_geolocation_ph_index_beg
1692893586,1556,timing,elapsed_us,246,start_us,1692893586571278,stop_us,1692893586571524,-,BESInterface::execute_request
1692893586,1556,timing,elapsed_us,258586,start_us,1692893586310633,stop_us,1692893586569219,-,BESDapResponseBuilder::serialize_dap4_data() - Timer
1692893586,1556,timing,elapsed_us,258928,start_us,1692893586310312,stop_us,1692893586569240,http-nio-8080-exec-3:31[bes_client:/-2],get dap for d1 return as dap2; transmitting
1692893586,1556,timing,elapsed_us,274,start_us,1692893586571274,stop_us,1692893586571548,-,BESServerHandler::execute
1692893586,1556,timing,elapsed_us,2856484,start_us,1692893583712764,stop_us,1692893586569248,-,BESInterface::execute_request
1692893586,1556,timing,elapsed_us,2858531,start_us,1692893583712726,stop_us,1692893586571257,-,BESServerHandler::execute
1692893586,1556,timing,elapsed_us,29529,start_us,1692893586536933,stop_us,1692893586566462,-,DmrppArray::read_super_chunks_unconstrained_concurrent() -  name: gt3r_geolocation_delta_time
1692893586,1556,timing,elapsed_us,30463,start_us,1692893586480442,stop_us,1692893586510905,-,DmrppArray::read_super_chunks_unconstrained_concurrent() -  name: gt3r_geolocation_reference_photon_lat
1692893586,1556,timing,elapsed_us,35047,start_us,1692893586391480,stop_us,1692893586426527,-,DmrppArray::read_super_chunks_unconstrained_concurrent() -  name: gt3r_geolocation_reference_photon_lon
1692893586,1556,timing,elapsed_us,7,start_us,1692893586571509,stop_us,1692893586571516,client: /-2:75,show status; transmitting
1692893586,1556,timing,elapsed_us,77169,start_us,1692893586312656,stop_us,1692893586389825,-,DmrppArray::read_super_chunks_unconstrained_concurrent() -  name: gt3r_geolocation_segment_ph_cnt
1692893629,1556,timing,elapsed_us,370977,start_us,1692893629069896,stop_us,1692893629440873,-,RemoteResource::get_url() - source url: https://cmr.uat.earthdata.nasa.gov/search/granules.umm_json_v1_4?collection_concept_id=C1241426826-NSIDC_CUAT&granule_ur=ATL03_20200101145654_00900605_005_01.h5
1692893629,1556,timing,elapsed_us,5,start_us,1692893629442044,stop_us,1692893629442049,http-nio-8080-exec-3:31[bes_client:/-2],define d1 in default as ngapContainer with ngapContainer.dap4constraint="/gt3r_geolocation_delta_time;/gt3r_geolocation_reference_photon_lat;/gt3r_geolocation_reference_photon_lon;/gt3r_geolocation_reference_photon_index;/gt3r_geolocation_segment_ph_cnt;/gt3r_geolocation_ph_index_beg;/gt3r_geolocation_segment_id"; transmitting
1692893629,1556,timing,elapsed_us,7,start_us,1692893629441310,stop_us,1692893629441317,http-nio-8080-exec-3:31[bes_client:/-2],set container in ngap values ngapContainer,collections/C1241426826-NSIDC_CUAT/granules/ATL03_20200101145654_00900605_005_01.h5; transmitting
1692893631,1556,timing,elapsed_us,110588,start_us,1692893631811687,stop_us,1692893631922275,-,DmrppArray::read_super_chunks_unconstrained_concurrent() -  name: gt3r_geolocation_segment_ph_cnt
1692893631,1556,timing,elapsed_us,18752,start_us,1692893631982545,stop_us,1692893632001297,-,DmrppArray::read_super_chunks_unconstrained_concurrent() -  name: gt3r_geolocation_segment_id
1692893631,1556,timing,elapsed_us,2324915,start_us,1692893629442915,stop_us,1692893631767830,-,RemoteResource::get_url() - source url: https://data.nsidc.uat.earthdatacloud.nasa.gov/nsidc-cumulus-uat-protected/ATLAS/ATL03/005/2020/01/01/ATL03_20200101145654_00900605_005_01.h5.dmrpp
1692893631,1556,timing,elapsed_us,24971,start_us,1692893631954875,stop_us,1692893631979846,-,DmrppArray::read_super_chunks_unconstrained_concurrent() -  name: gt3r_geolocation_ph_index_beg
1692893631,1556,timing,elapsed_us,28464,start_us,1692893631923779,stop_us,1692893631952243,-,DmrppArray::read_super_chunks_unconstrained_concurrent() -  name: gt3r_geolocation_reference_photon_lon
1692893632,1556,timing,elapsed_us,20642,start_us,1692893632036184,stop_us,1692893632056826,-,DmrppArray::read_super_chunks_unconstrained_concurrent() -  name: gt3r_geolocation_reference_photon_index
1692893632,1556,timing,elapsed_us,210,start_us,1692893632088755,stop_us,1692893632088965,-,BESInterface::execute_request
1692893632,1556,timing,elapsed_us,238,start_us,1692893632088751,stop_us,1692893632088989,-,BESServerHandler::execute
1692893632,1556,timing,elapsed_us,25815,start_us,1692893632058364,stop_us,1692893632084179,-,DmrppArray::read_super_chunks_unconstrained_concurrent() -  name: gt3r_geolocation_delta_time
1692893632,1556,timing,elapsed_us,277271,start_us,1692893631809682,stop_us,1692893632086953,-,BESDapResponseBuilder::serialize_dap4_data() - Timer
1692893632,1556,timing,elapsed_us,277614,start_us,1692893631809358,stop_us,1692893632086972,http-nio-8080-exec-3:31[bes_client:/-2],get dap for d1 return as dap2; transmitting
1692893632,1556,timing,elapsed_us,3022243,start_us,1692893629064737,stop_us,1692893632086980,-,BESInterface::execute_request
1692893632,1556,timing,elapsed_us,3024017,start_us,1692893629064702,stop_us,1692893632088719,-,BESServerHandler::execute
1692893632,1556,timing,elapsed_us,30576,start_us,1692893632003072,stop_us,1692893632033648,-,DmrppArray::read_super_chunks_unconstrained_concurrent() -  name: gt3r_geolocation_reference_photon_lat
1692893632,1556,timing,elapsed_us,7,start_us,1692893632088951,stop_us,1692893632088958,client: /-2:77,show status; transmitting
1692893680,1556,timing,elapsed_us,195401,start_us,1692893680509090,stop_us,1692893680704491,-,RemoteResource::get_url() - source url: https://cmr.uat.earthdata.nasa.gov/search/granules.umm_json_v1_4?collection_concept_id=C1241426826-NSIDC_CUAT&granule_ur=ATL03_20200101145654_00900605_005_01.h5
1692893680,1556,timing,elapsed_us,6,start_us,1692893680705715,stop_us,1692893680705721,http-nio-8080-exec-7:35[bes_client:/-2],define d1 in default as ngapContainer with ngapContainer.dap4constraint="/gt3r_heights_delta_time[6710118:149:8209976];/gt3r_heights_lat_ph[6710118:149:8209976];/gt3r_heights_lon_ph[6710118:149:8209976];/gt3r_heights_h_ph[6710118:149:8209976];/gt3r_heights_signal_conf_ph[6710118:149:8209976][0:1:4]"; transmitting
1692893680,1556,timing,elapsed_us,8,start_us,1692893680704962,stop_us,1692893680704970,http-nio-8080-exec-7:35[bes_client:/-2],set container in ngap values ngapContainer,collections/C1241426826-NSIDC_CUAT/granules/ATL03_20200101145654_00900605_005_01.h5; transmitting
1692893683,1556,timing,elapsed_us,143901,start_us,1692893683088793,stop_us,1692893683232694,-,DmrppArray::read_super_chunks_concurrent() -  name: gt3r_heights_lat_ph
1692893683,1556,timing,elapsed_us,2337895,start_us,1692893680706569,stop_us,1692893683044464,-,RemoteResource::get_url() - source url: https://data.nsidc.uat.earthdatacloud.nasa.gov/nsidc-cumulus-uat-protected/ATLAS/ATL03/005/2020/01/01/ATL03_20200101145654_00900605_005_01.h5.dmrpp
1692893683,1556,timing,elapsed_us,240,start_us,1692893683492574,stop_us,1692893683492814,-,BESInterface::execute_request
1692893683,1556,timing,elapsed_us,268,start_us,1692893683492570,stop_us,1692893683492838,-,BESServerHandler::execute
1692893683,1556,timing,elapsed_us,2985319,start_us,1692893680504761,stop_us,1692893683490080,-,BESInterface::execute_request
1692893683,1556,timing,elapsed_us,2987820,start_us,1692893680504727,stop_us,1692893683492547,-,BESServerHandler::execute
1692893683,1556,timing,elapsed_us,30232,start_us,1692893683459398,stop_us,1692893683489630,-,DmrppArray::read_super_chunks_concurrent() -  name: gt3r_heights_delta_time
1692893683,1556,timing,elapsed_us,406391,start_us,1692893683083666,stop_us,1692893683490057,-,BESDapResponseBuilder::serialize_dap4_data() - Timer
1692893683,1556,timing,elapsed_us,406715,start_us,1692893683083357,stop_us,1692893683490072,http-nio-8080-exec-7:35[bes_client:/-2],get dap for d1 return as dap2; transmitting
1692893683,1556,timing,elapsed_us,41294,start_us,1692893683236501,stop_us,1692893683277795,-,DmrppArray::read_super_chunks_concurrent() -  name: gt3r_heights_signal_conf_ph
1692893683,1556,timing,elapsed_us,6,start_us,1692893683492797,stop_us,1692893683492803,client: /-2:79,show status; transmitting
1692893683,1556,timing,elapsed_us,77218,start_us,1692893683281489,stop_us,1692893683358707,-,DmrppArray::read_super_chunks_concurrent() -  name: gt3r_heights_h_ph
1692893683,1556,timing,elapsed_us,93292,start_us,1692893683362406,stop_us,1692893683455698,-,DmrppArray::read_super_chunks_concurrent() -  name: gt3r_heights_lon_ph
1692893699,1556,timing,elapsed_us,278769,start_us,1692893699413531,stop_us,1692893699692300,-,RemoteResource::get_url() - source url: https://cmr.uat.earthdata.nasa.gov/search/granules.umm_json_v1_4?collection_concept_id=C1241426826-NSIDC_CUAT&granule_ur=ATL03_20200101145654_00900605_005_01.h5
1692893699,1556,timing,elapsed_us,5,start_us,1692893699693560,stop_us,1692893699693565,http-nio-8080-exec-1:29[bes_client:/-2],define d1 in default as ngapContainer with ngapContainer.dap4constraint="/gt3r_heights_delta_time[6710118:149:8209976];/gt3r_heights_lat_ph[6710118:149:8209976];/gt3r_heights_lon_ph[6710118:149:8209976];/gt3r_heights_h_ph[6710118:149:8209976];/gt3r_heights_signal_conf_ph[6710118:149:8209976][0:1:4]"; transmitting
1692893699,1556,timing,elapsed_us,7,start_us,1692893699692778,stop_us,1692893699692785,http-nio-8080-exec-1:29[bes_client:/-2],set container in ngap values ngapContainer,collections/C1241426826-NSIDC_CUAT/granules/ATL03_20200101145654_00900605_005_01.h5; transmitting
1692893702,1556,timing,elapsed_us,124235,start_us,1692893702140612,stop_us,1692893702264847,-,DmrppArray::read_super_chunks_concurrent() -  name: gt3r_heights_lat_ph
1692893702,1556,timing,elapsed_us,207,start_us,1692893702525974,stop_us,1692893702526181,-,BESInterface::execute_request
1692893702,1556,timing,elapsed_us,236,start_us,1692893702525970,stop_us,1692893702526206,-,BESServerHandler::execute
1692893702,1556,timing,elapsed_us,2401565,start_us,1692893699694404,stop_us,1692893702095969,-,RemoteResource::get_url() - source url: https://data.nsidc.uat.earthdatacloud.nasa.gov/nsidc-cumulus-uat-protected/ATLAS/ATL03/005/2020/01/01/ATL03_20200101145654_00900605_005_01.h5.dmrpp
1692893702,1556,timing,elapsed_us,29990,start_us,1692893702493027,stop_us,1692893702523017,-,DmrppArray::read_super_chunks_concurrent() -  name: gt3r_heights_delta_time
1692893702,1556,timing,elapsed_us,3114698,start_us,1692893699408785,stop_us,1692893702523483,-,BESInterface::execute_request
1692893702,1556,timing,elapsed_us,3117193,start_us,1692893699408750,stop_us,1692893702525943,-,BESServerHandler::execute
1692893702,1556,timing,elapsed_us,35827,start_us,1692893702268593,stop_us,1692893702304420,-,DmrppArray::read_super_chunks_concurrent() -  name: gt3r_heights_signal_conf_ph
1692893702,1556,timing,elapsed_us,387947,start_us,1692893702135505,stop_us,1692893702523452,-,BESDapResponseBuilder::serialize_dap4_data() - Timer
1692893702,1556,timing,elapsed_us,388253,start_us,1692893702135220,stop_us,1692893702523473,http-nio-8080-exec-1:29[bes_client:/-2],get dap for d1 return as dap2; transmitting
1692893702,1556,timing,elapsed_us,6,start_us,1692893702526167,stop_us,1692893702526173,client: /-2:81,show status; transmitting
1692893702,1556,timing,elapsed_us,80157,start_us,1692893702308072,stop_us,1692893702388229,-,DmrppArray::read_super_chunks_concurrent() -  name: gt3r_heights_h_ph
1692893702,1556,timing,elapsed_us,97441,start_us,1692893702391782,stop_us,1692893702489223,-,DmrppArray::read_super_chunks_concurrent() -  name: gt3r_heights_lon_ph
1692893714,1556,timing,elapsed_us,337763,start_us,1692893714353958,stop_us,1692893714691721,-,RemoteResource::get_url() - source url: https://cmr.uat.earthdata.nasa.gov/search/granules.umm_json_v1_4?collection_concept_id=C1241426826-NSIDC_CUAT&granule_ur=ATL03_20200101145654_00900605_005_01.h5
1692893714,1556,timing,elapsed_us,7,start_us,1692893714692222,stop_us,1692893714692229,http-nio-8080-exec-6:34[bes_client:/-2],set container in ngap values ngapContainer,collections/C1241426826-NSIDC_CUAT/granules/ATL03_20200101145654_00900605_005_01.h5; transmitting
1692893714,1556,timing,elapsed_us,7,start_us,1692893714693039,stop_us,1692893714693046,http-nio-8080-exec-6:34[bes_client:/-2],define d1 in default as ngapContainer with ngapContainer.dap4constraint="/gt3r_heights_delta_time[6710118:149:8209976];/gt3r_heights_lat_ph[6710118:149:8209976];/gt3r_heights_lon_ph[6710118:149:8209976];/gt3r_heights_h_ph[6710118:149:8209976];/gt3r_heights_signal_conf_ph[6710118:149:8209976][0:1:4]"; transmitting
1692893717,1556,timing,elapsed_us,101918,start_us,1692893717396003,stop_us,1692893717497921,-,DmrppArray::read_super_chunks_concurrent() -  name: gt3r_heights_lon_ph
1692893717,1556,timing,elapsed_us,134853,start_us,1692893717143005,stop_us,1692893717277858,-,DmrppArray::read_super_chunks_concurrent() -  name: gt3r_heights_lat_ph
1692893717,1556,timing,elapsed_us,160,start_us,1692893717542707,stop_us,1692893717542867,-,BESInterface::execute_request
1692893717,1556,timing,elapsed_us,189,start_us,1692893717542703,stop_us,1692893717542892,-,BESServerHandler::execute
1692893717,1556,timing,elapsed_us,2404462,start_us,1692893714693920,stop_us,1692893717098382,-,RemoteResource::get_url() - source url: https://data.nsidc.uat.earthdatacloud.nasa.gov/nsidc-cumulus-uat-protected/ATLAS/ATL03/005/2020/01/01/ATL03_20200101145654_00900605_005_01.h5.dmrpp
1692893717,1556,timing,elapsed_us,27423,start_us,1692893717281641,stop_us,1692893717309064,-,DmrppArray::read_super_chunks_concurrent() -  name: gt3r_heights_signal_conf_ph
1692893717,1556,timing,elapsed_us,3191397,start_us,1692893714348770,stop_us,1692893717540167,-,BESInterface::execute_request
1692893717,1556,timing,elapsed_us,3193937,start_us,1692893714348739,stop_us,1692893717542676,-,BESServerHandler::execute
1692893717,1556,timing,elapsed_us,37952,start_us,1692893717501705,stop_us,1692893717539657,-,DmrppArray::read_super_chunks_concurrent() -  name: gt3r_heights_delta_time
1692893717,1556,timing,elapsed_us,402228,start_us,1692893717137909,stop_us,1692893717540137,-,BESDapResponseBuilder::serialize_dap4_data() - Timer
1692893717,1556,timing,elapsed_us,402533,start_us,1692893717137625,stop_us,1692893717540158,http-nio-8080-exec-6:34[bes_client:/-2],get dap for d1 return as dap2; transmitting
1692893717,1556,timing,elapsed_us,6,start_us,1692893717542854,stop_us,1692893717542860,client: /-2:83,show status; transmitting
1692893717,1556,timing,elapsed_us,79754,start_us,1692893717312638,stop_us,1692893717392392,-,DmrppArray::read_super_chunks_concurrent() -  name: gt3r_heights_h_ph
1692897110,1556,timing,elapsed_us,237918,start_us,1692897109778010,stop_us,1692897110015928,-,RemoteResource::get_url() - source url: https://cmr.uat.earthdata.nasa.gov/search/granules.umm_json_v1_4?collection_concept_id=C1259239346-POCUMULUS&granule_ur=20230821140000-STAR-L2P_GHRSST-SSTsubskin-AHI_H09-ACSPO_V2.90-v02.0-fv01.0
1692897110,1556,timing,elapsed_us,7,start_us,1692897110016412,stop_us,1692897110016419,http-nio-8080-exec-6:34[bes_client:/-2],set container in ngap values ngapContainer,collections/C1259239346-POCUMULUS/granules/20230821140000-STAR-L2P_GHRSST-SSTsubskin-AHI_H09-ACSPO_V2.90-v02.0-fv01.0; transmitting
1692897110,1556,timing,elapsed_us,8,start_us,1692897110017258,stop_us,1692897110017266,http-nio-8080-exec-6:34[bes_client:/-2],define d1 in default as ngapContainer; transmitting
1692897112,1556,timing,elapsed_us,2266553,start_us,1692897110019398,stop_us,1692897112285951,-,RemoteResource::get_url() - source url: https://archive.podaac.sit.earthdata.nasa.gov/podaac-sit-cumulus-protected/H09-AHI-L2P-ACSPO-v2.90/20230821140000-STAR-L2P_GHRSST-SSTsubskin-AHI_H09-ACSPO_V2.90-v02.0-fv01.0.nc.dmrpp
1692897114,1556,timing,elapsed_us,2385112,start_us,1692897112287990,stop_us,1692897114673102,-,CurlUtils::retrieve_effective_url() -  Following Redirects Starting With: https://archive.podaac.sit.earthdata.nasa.gov/podaac-sit-cumulus-protected/H09-AHI-L2P-ACSPO-v2.90/20230821140000-STAR-L2P_GHRSST-SSTsubskin-AHI_H09-ACSPO_V2.90-v02.0-fv01.0.nc
1692897114,1556,timing,elapsed_us,2530001,start_us,1692897112287879,stop_us,1692897114817880,-,DmrppArray::read_contiguous() -  name: nj
1692897114,1556,timing,elapsed_us,52796,start_us,1692897114819860,stop_us,1692897114872656,-,DmrppArray::read_contiguous() -  name: time
1692897114,1556,timing,elapsed_us,61955,start_us,1692897114872763,stop_us,1692897114934718,-,DmrppArray::read_contiguous() -  name: ni
1692897115,1556,timing,elapsed_us,479027,start_us,1692897114937056,stop_us,1692897115416083,-,DmrppArray::read_super_chunks_unconstrained_concurrent() -  name: brightness_temperature_11um2
1692897119,1556,timing,elapsed_us,412099,start_us,1692897119200338,stop_us,1692897119612437,-,DmrppArray::read_super_chunks_unconstrained_concurrent() -  name: brightness_temperature_08um6
1692897123,1556,timing,elapsed_us,58649,start_us,1692897123295583,stop_us,1692897123354232,-,DmrppArray::read_super_chunks_unconstrained_concurrent() -  name: sst_dtime
1692897126,1556,timing,elapsed_us,424871,start_us,1692897125645695,stop_us,1692897126070566,-,DmrppArray::read_super_chunks_unconstrained_concurrent() -  name: sst_front_position
1692897127,1556,timing,elapsed_us,109672,start_us,1692897127833752,stop_us,1692897127943424,-,DmrppArray::read_super_chunks_unconstrained_concurrent() -  name: l2p_flags
1692897130,1556,timing,elapsed_us,142675,start_us,1692897130033121,stop_us,1692897130175796,-,DmrppArray::read_super_chunks_unconstrained_concurrent() -  name: sea_surface_temperature
1692897133,1556,timing,elapsed_us,55564,start_us,1692897133854665,stop_us,1692897133910229,-,DmrppArray::read_super_chunks_unconstrained_concurrent() -  name: quality_level
1692897136,1556,timing,elapsed_us,396884,start_us,1692897135687546,stop_us,1692897136084430,-,DmrppArray::read_super_chunks_unconstrained_concurrent() -  name: dt_analysis
1692897139,1556,timing,elapsed_us,191732,start_us,1692897139322221,stop_us,1692897139513953,-,DmrppArray::read_super_chunks_unconstrained_concurrent() -  name: brightness_temperature_12um3
1692897143,1556,timing,elapsed_us,204503,start_us,1692897143275157,stop_us,1692897143479660,-,DmrppArray::read_super_chunks_unconstrained_concurrent() -  name: satellite_zenith_angle
1692897154,1556,timing,elapsed_us,92711,start_us,1692897154823559,stop_us,1692897154916270,-,DmrppArray::read_super_chunks_unconstrained_concurrent() -  name: sst_gradient_magnitude
1692897157,1556,timing,elapsed_us,152538,start_us,1692897157202748,stop_us,1692897157355286,-,DmrppArray::read_super_chunks_unconstrained_concurrent() -  name: wind_speed
1692897159,1556,timing,elapsed_us,195842,start_us,1692897159522584,stop_us,1692897159718426,-,DmrppArray::read_super_chunks_unconstrained_concurrent() -  name: brightness_temperature_10um4
1692897163,1556,timing,elapsed_us,169616,start_us,1692897163445492,stop_us,1692897163615108,-,DmrppArray::read_super_chunks_unconstrained_concurrent() -  name: sses_bias
1692897166,1556,timing,elapsed_us,319938,start_us,1692897165777427,stop_us,1692897166097365,-,DmrppArray::read_super_chunks_unconstrained_concurrent() -  name: sses_standard_deviation
1692897168,1556,timing,elapsed_us,263,start_us,1692897168363254,stop_us,1692897168363517,-,BESInterface::execute_request
1692897168,1556,timing,elapsed_us,308,start_us,1692897168363243,stop_us,1692897168363551,-,BESServerHandler::execute
1692897168,1556,timing,elapsed_us,55987843,start_us,1692897112287755,stop_us,1692897168275598,http-nio-8080-exec-6:34[bes_client:/-2],get dap for d1 return as csv; transmitting
1692897168,1556,timing,elapsed_us,58506850,start_us,1692897109768792,stop_us,1692897168275642,-,BESInterface::execute_request
1692897168,1556,timing,elapsed_us,58540605,start_us,1692897109768756,stop_us,1692897168309361,-,BESServerHandler::execute
1692897168,1556,timing,elapsed_us,9,start_us,1692897168363491,stop_us,1692897168363500,client: /-2:85,show status; transmitting
1692899152,1556,timing,elapsed_us,471787,start_us,1692899152230249,stop_us,1692899152702036,-,RemoteResource::get_url() - source url: https://cmr.uat.earthdata.nasa.gov/search/granules.umm_json_v1_4?collection_concept_id=C1259239381-POCUMULUS&granule_ur=20230821130000-STAR-L3C_GHRSST-SSTsubskin-AHI_H09-ACSPO_V2.90-v02.0-fv01.0
1692899152,1556,timing,elapsed_us,6,start_us,1692899152702210,stop_us,1692899152702216,http-nio-8080-exec-4:32[bes_client:/-2],set container in ngap values ngapContainer,collections/C1259239381-POCUMULUS/granules/20230821130000-STAR-L3C_GHRSST-SSTsubskin-AHI_H09-ACSPO_V2.90-v02.0-fv01.0; transmitting
1692899152,1556,timing,elapsed_us,6,start_us,1692899152702286,stop_us,1692899152702292,http-nio-8080-exec-4:32[bes_client:/-2],define d1 in default as ngapContainer; transmitting
1692899155,1556,timing,elapsed_us,104,start_us,1692899155440187,stop_us,1692899155440291,-,BESInterface::execute_request
1692899155,1556,timing,elapsed_us,132,start_us,1692899155440182,stop_us,1692899155440314,-,BESServerHandler::execute
1692899155,1556,timing,elapsed_us,2733361,start_us,1692899152704240,stop_us,1692899155437601,-,RemoteResource::get_url() - source url: https://archive.podaac.sit.earthdata.nasa.gov/podaac-sit-cumulus-protected/H09-AHI-L3C-ACSPO-v2.90/20230821130000-STAR-L3C_GHRSST-SSTsubskin-AHI_H09-ACSPO_V2.90-v02.0-fv01.0.nc.dmrpp
1692899155,1556,timing,elapsed_us,3219296,start_us,1692899152220769,stop_us,1692899155440065,-,BESInterface::execute_request
1692899155,1556,timing,elapsed_us,3219385,start_us,1692899152220731,stop_us,1692899155440116,-,BESServerHandler::execute
1692899155,1556,timing,elapsed_us,5,start_us,1692899155440278,stop_us,1692899155440283,client: /-2:87,show status; transmitting
1692899155,1556,timing,elapsed_us,653,start_us,1692899155439398,stop_us,1692899155440051,http-nio-8080-exec-4:32[bes_client:/-2],get dmr for d1 return as dap2; transmitting
1692899329,1556,timing,elapsed_us,498515,start_us,1692899329494119,stop_us,1692899329992634,-,RemoteResource::get_url() - source url: https://cmr.uat.earthdata.nasa.gov/search/granules.umm_json_v1_4?collection_concept_id=C1259239381-POCUMULUS&granule_ur=20230821130000-STAR-L3C_GHRSST-SSTsubskin-AHI_H09-ACSPO_V2.90-v02.0-fv01.0
1692899329,1556,timing,elapsed_us,5,start_us,1692899329993145,stop_us,1692899329993150,http-nio-8080-exec-2:30[bes_client:/-2],define d1 in default as ngapContainer; transmitting
1692899329,1556,timing,elapsed_us,7,start_us,1692899329993064,stop_us,1692899329993071,http-nio-8080-exec-2:30[bes_client:/-2],set container in ngap values ngapContainer,collections/C1259239381-POCUMULUS/granules/20230821130000-STAR-L3C_GHRSST-SSTsubskin-AHI_H09-ACSPO_V2.90-v02.0-fv01.0; transmitting
1692899332,1556,timing,elapsed_us,2723989,start_us,1692899329994444,stop_us,1692899332718433,-,RemoteResource::get_url() - source url: https://archive.podaac.sit.earthdata.nasa.gov/podaac-sit-cumulus-protected/H09-AHI-L3C-ACSPO-v2.90/20230821130000-STAR-L3C_GHRSST-SSTsubskin-AHI_H09-ACSPO_V2.90-v02.0-fv01.0.nc.dmrpp
1692899335,1556,timing,elapsed_us,104077,start_us,1692899335149819,stop_us,1692899335253896,-,DmrppArray::read_super_chunks_unconstrained_concurrent() -  name: sses_standard_deviation
1692899335,1556,timing,elapsed_us,20355,start_us,1692899335091175,stop_us,1692899335111530,-,DmrppArray::read_contiguous() -  name: lon
1692899335,1556,timing,elapsed_us,2281072,start_us,1692899332720834,stop_us,1692899335001906,-,CurlUtils::retrieve_effective_url() -  Following Redirects Starting With: https://archive.podaac.sit.earthdata.nasa.gov/podaac-sit-cumulus-protected/H09-AHI-L3C-ACSPO-v2.90/20230821130000-STAR-L3C_GHRSST-SSTsubskin-AHI_H09-ACSPO_V2.90-v02.0-fv01.0.nc
1692899335,1556,timing,elapsed_us,2369995,start_us,1692899332720781,stop_us,1692899335090776,-,DmrppArray::read_contiguous() -  name: lat
1692899335,1556,timing,elapsed_us,37415,start_us,1692899335111830,stop_us,1692899335149245,-,DmrppArray::read_contiguous() -  name: time
1692899337,1556,timing,elapsed_us,340171,start_us,1692899337344372,stop_us,1692899337684543,-,DmrppArray::read_super_chunks_unconstrained_concurrent() -  name: sst_dtime
1692899345,1556,timing,elapsed_us,170082,start_us,1692899345423108,stop_us,1692899345593190,-,DmrppArray::read_super_chunks_unconstrained_concurrent() -  name: sst_front_position
1692899347,1556,timing,elapsed_us,160960,start_us,1692899347535663,stop_us,1692899347696623,-,DmrppArray::read_super_chunks_unconstrained_concurrent() -  name: l2p_flags
1692899351,1556,timing,elapsed_us,212078,start_us,1692899351688814,stop_us,1692899351900892,-,DmrppArray::read_super_chunks_unconstrained_concurrent() -  name: sea_surface_temperature
1692899356,1556,timing,elapsed_us,99420,start_us,1692899356031831,stop_us,1692899356131251,-,DmrppArray::read_super_chunks_unconstrained_concurrent() -  name: quality_level
1692899358,1556,timing,elapsed_us,216957,start_us,1692899358151540,stop_us,1692899358368497,-,DmrppArray::read_super_chunks_unconstrained_concurrent() -  name: dt_analysis
1692899362,1556,timing,elapsed_us,225099,start_us,1692899362553924,stop_us,1692899362779023,-,DmrppArray::read_super_chunks_unconstrained_concurrent() -  name: satellite_zenith_angle
1692899367,1556,timing,elapsed_us,96428,start_us,1692899366929675,stop_us,1692899367026103,-,DmrppArray::read_super_chunks_unconstrained_concurrent() -  name: wind_speed
1692899369,1556,timing,elapsed_us,198238,start_us,1692899369031667,stop_us,1692899369229905,-,DmrppArray::read_super_chunks_unconstrained_concurrent() -  name: sst_gradient_magnitude
1692899373,1556,timing,elapsed_us,154362,start_us,1692899373395659,stop_us,1692899373550021,-,DmrppArray::read_super_chunks_unconstrained_concurrent() -  name: or_number_of_pixels
1692899377,1556,timing,elapsed_us,114669,start_us,1692899377532381,stop_us,1692899377647050,-,DmrppArray::read_super_chunks_unconstrained_concurrent() -  name: sses_bias
1692899379,1556,timing,elapsed_us,47112743,start_us,1692899332720395,stop_us,1692899379833138,-,BESDapResponseBuilder::serialize_dap4_data() - Timer
1692899379,1556,timing,elapsed_us,47112831,start_us,1692899332720348,stop_us,1692899379833179,http-nio-8080-exec-2:30[bes_client:/-2],get dap for d1 return as dap2; transmitting
1692899379,1556,timing,elapsed_us,50348445,start_us,1692899329484758,stop_us,1692899379833203,-,BESInterface::execute_request
1692899380,1556,timing,elapsed_us,238,start_us,1692899380007681,stop_us,1692899380007919,-,BESInterface::execute_request
1692899380,1556,timing,elapsed_us,284,start_us,1692899380007675,stop_us,1692899380007959,-,BESServerHandler::execute
1692899380,1556,timing,elapsed_us,50522885,start_us,1692899329484721,stop_us,1692899380007606,-,BESServerHandler::execute
1692899380,1556,timing,elapsed_us,7,start_us,1692899380007903,stop_us,1692899380007910,client: /-2:89,show status; transmitting
1692899540,1556,timing,elapsed_us,330428,start_us,1692899540237803,stop_us,1692899540568231,-,RemoteResource::get_url() - source url: https://cmr.uat.earthdata.nasa.gov/search/granules.umm_json_v1_4?collection_concept_id=C1259239346-POCUMULUS&granule_ur=20230821140000-STAR-L2P_GHRSST-SSTsubskin-AHI_H09-ACSPO_V2.90-v02.0-fv01.0
1692899540,1556,timing,elapsed_us,6,start_us,1692899540568707,stop_us,1692899540568713,http-nio-8080-exec-2:30[bes_client:/-2],define d1 in default as ngapContainer; transmitting
1692899540,1556,timing,elapsed_us,8,start_us,1692899540568634,stop_us,1692899540568642,http-nio-8080-exec-2:30[bes_client:/-2],set container in ngap values ngapContainer,collections/C1259239346-POCUMULUS/granules/20230821140000-STAR-L2P_GHRSST-SSTsubskin-AHI_H09-ACSPO_V2.90-v02.0-fv01.0; transmitting
1692899541,1556,timing,elapsed_us,1256390,start_us,1692899540570020,stop_us,1692899541826410,-,RemoteResource::get_url() - source url: https://archive.podaac.sit.earthdata.nasa.gov/podaac-sit-cumulus-protected/H09-AHI-L2P-ACSPO-v2.90/20230821140000-STAR-L2P_GHRSST-SSTsubskin-AHI_H09-ACSPO_V2.90-v02.0-fv01.0.nc.dmrpp
1692899541,1556,timing,elapsed_us,171154,start_us,1692899541828301,stop_us,1692899541999455,-,DmrppArray::read_contiguous() -  name: nj
1692899542,1556,timing,elapsed_us,405504,start_us,1692899542134064,stop_us,1692899542539568,-,DmrppArray::read_super_chunks_unconstrained_concurrent() -  name: brightness_temperature_11um2
1692899542,1556,timing,elapsed_us,53086,start_us,1692899542078939,stop_us,1692899542132025,-,DmrppArray::read_contiguous() -  name: ni
1692899542,1556,timing,elapsed_us,77250,start_us,1692899542001581,stop_us,1692899542078831,-,DmrppArray::read_contiguous() -  name: time
1692899546,1556,timing,elapsed_us,104989,start_us,1692899546478226,stop_us,1692899546583215,-,DmrppArray::read_super_chunks_unconstrained_concurrent() -  name: brightness_temperature_08um6
1692899551,1556,timing,elapsed_us,56252,start_us,1692899551622807,stop_us,1692899551679059,-,DmrppArray::read_super_chunks_unconstrained_concurrent() -  name: sst_dtime
1692899557,1556,timing,elapsed_us,63894,start_us,1692899556981022,stop_us,1692899557044916,-,DmrppArray::read_super_chunks_unconstrained_concurrent() -  name: sst_front_position
1692899559,1556,timing,elapsed_us,84022,start_us,1692899558982665,stop_us,1692899559066687,-,DmrppArray::read_super_chunks_unconstrained_concurrent() -  name: l2p_flags
1692899563,1556,timing,elapsed_us,139731,start_us,1692899563443595,stop_us,1692899563583326,-,DmrppArray::read_super_chunks_unconstrained_concurrent() -  name: sea_surface_temperature
1692899568,1556,timing,elapsed_us,42819,start_us,1692899568757347,stop_us,1692899568800166,-,DmrppArray::read_super_chunks_unconstrained_concurrent() -  name: quality_level
1692899571,1556,timing,elapsed_us,111501,start_us,1692899571472186,stop_us,1692899571583687,-,DmrppArray::read_super_chunks_unconstrained_concurrent() -  name: dt_analysis
1692899576,1556,timing,elapsed_us,110023,start_us,1692899576648624,stop_us,1692899576758647,-,DmrppArray::read_super_chunks_unconstrained_concurrent() -  name: brightness_temperature_12um3
1692899582,1556,timing,elapsed_us,126069,start_us,1692899582356043,stop_us,1692899582482112,-,DmrppArray::read_super_chunks_unconstrained_concurrent() -  name: satellite_zenith_angle
1692899586,1556,timing,elapsed_us,40469,start_us,1692899586844012,stop_us,1692899586884481,-,DmrppArray::read_super_chunks_unconstrained_concurrent() -  name: sst_gradient_magnitude
1692899592,1556,timing,elapsed_us,74443,start_us,1692899592588099,stop_us,1692899592662542,-,DmrppArray::read_super_chunks_unconstrained_concurrent() -  name: wind_speed
1692899596,1556,timing,elapsed_us,142898,start_us,1692899595894050,stop_us,1692899596036948,-,DmrppArray::read_super_chunks_unconstrained_concurrent() -  name: brightness_temperature_10um4
1692899601,1556,timing,elapsed_us,128802,start_us,1692899601468209,stop_us,1692899601597011,-,DmrppArray::read_super_chunks_unconstrained_concurrent() -  name: sses_bias
1692899605,1556,timing,elapsed_us,64183,start_us,1692899605339532,stop_us,1692899605403715,-,DmrppArray::read_super_chunks_unconstrained_concurrent() -  name: sses_standard_deviation
1692899609,1556,timing,elapsed_us,257,start_us,1692899609481468,stop_us,1692899609481725,-,BESInterface::execute_request
1692899609,1556,timing,elapsed_us,313,start_us,1692899609481447,stop_us,1692899609481760,-,BESServerHandler::execute
1692899609,1556,timing,elapsed_us,67414995,start_us,1692899541828231,stop_us,1692899609243226,http-nio-8080-exec-2:30[bes_client:/-2],get dap for d1 return as csv; transmitting
1692899609,1556,timing,elapsed_us,69014653,start_us,1692899540228618,stop_us,1692899609243271,-,BESInterface::execute_request
1692899609,1556,timing,elapsed_us,69055509,start_us,1692899540228574,stop_us,1692899609284083,-,BESServerHandler::execute
1692899609,1556,timing,elapsed_us,8,start_us,1692899609481695,stop_us,1692899609481703,client: /-2:91,show status; transmitting
1692900448,1556,timing,elapsed_us,10,start_us,1692900448108080,stop_us,1692900448108090,http-nio-8080-exec-8:36[bes_client:/-2],set container in ngap values ngapContainer,collections/C1259239346-POCUMULUS/granules/20230821140000-STAR-L2P_GHRSST-SSTsubskin-AHI_H09-ACSPO_V2.90-v02.0-fv01.0; transmitting
1692900448,1556,timing,elapsed_us,421527,start_us,1692900447686036,stop_us,1692900448107563,-,RemoteResource::get_url() - source url: https://cmr.uat.earthdata.nasa.gov/search/granules.umm_json_v1_4?collection_concept_id=C1259239346-POCUMULUS&granule_ur=20230821140000-STAR-L2P_GHRSST-SSTsubskin-AHI_H09-ACSPO_V2.90-v02.0-fv01.0
1692900448,1556,timing,elapsed_us,6,start_us,1692900448108175,stop_us,1692900448108181,http-nio-8080-exec-8:36[bes_client:/-2],define d1 in default as ngapContainer; transmitting
1692900450,1556,timing,elapsed_us,103,start_us,1692900450383693,stop_us,1692900450383796,-,BESInterface::execute_request
1692900450,1556,timing,elapsed_us,134,start_us,1692900450383689,stop_us,1692900450383823,-,BESServerHandler::execute
1692900450,1556,timing,elapsed_us,2272138,start_us,1692900448109469,stop_us,1692900450381607,-,RemoteResource::get_url() - source url: https://archive.podaac.sit.earthdata.nasa.gov/podaac-sit-cumulus-protected/H09-AHI-L2P-ACSPO-v2.90/20230821140000-STAR-L2P_GHRSST-SSTsubskin-AHI_H09-ACSPO_V2.90-v02.0-fv01.0.nc.dmrpp
1692900450,1556,timing,elapsed_us,2706805,start_us,1692900447676761,stop_us,1692900450383566,-,BESInterface::execute_request
1692900450,1556,timing,elapsed_us,2706903,start_us,1692900447676722,stop_us,1692900450383625,-,BESServerHandler::execute
1692900450,1556,timing,elapsed_us,472,start_us,1692900450383082,stop_us,1692900450383554,http-nio-8080-exec-8:36[bes_client:/-2],get dmr for d1 return as dap2; transmitting
1692900450,1556,timing,elapsed_us,6,start_us,1692900450383782,stop_us,1692900450383788,client: /-2:93,show status; transmitting
1692903035,1556,timing,elapsed_us,503356,start_us,1692903034753053,stop_us,1692903035256409,-,RemoteResource::get_url() - source url: https://cmr.uat.earthdata.nasa.gov/search/granules.umm_json_v1_4?collection_concept_id=C1241426872-NSIDC_CUAT&granule_ur=ATL06_20200101223747_00950603_005_01.h5
1692903035,1556,timing,elapsed_us,7,start_us,1692903035256844,stop_us,1692903035256851,http-nio-8080-exec-2:30[bes_client:/-2],set container in ngap values ngapContainer,collections/C1241426872-NSIDC_CUAT/granules/ATL06_20200101223747_00950603_005_01.h5; transmitting
1692903035,1556,timing,elapsed_us,8,start_us,1692903035256922,stop_us,1692903035256930,http-nio-8080-exec-2:30[bes_client:/-2],define d1 in default as ngapContainer with ngapContainer.dap4constraint="/orbit_info_rgt;/orbit_info_crossing_time;/gt3r_land_ice_segments_latitude[0:256:];/gt3r_land_ice_segments_longitude[0:256:];/gt3r_land_ice_segments_delta_time[0:256:];/gt3l_land_ice_segments_latitude[0:256:];/gt3l_land_ice_segments_longitude[0:256:];/gt3l_land_ice_segments_delta_time[0:256:];/gt2r_land_ice_segments_latitude[0:256:];/gt2r_land_ice_segments_longitude[0:256:];/gt2r_land_ice_segments_delta_time[0:256:];/gt2l_land_ice_segments_latitude[0:256:];/gt2l_land_ice_segments_longitude[0:256:];/gt2l_land_ice_segments_delta_time[0:256:];/gt1r_land_ice_segments_latitude[0:256:];/gt1r_land_ice_segments_longitude[0:256:];/gt1r_land_ice_segments_delta_time[0:256:];/gt1l_land_ice_segments_latitude[0:256:];/gt1l_land_ice_segments_longitude[0:256:];/gt1l_land_ice_segments_delta_time[0:256:]"; transmitting
1692903038,1556,timing,elapsed_us,3309864,start_us,1692903035257780,stop_us,1692903038567644,-,RemoteResource::get_url() - source url: https://data.nsidc.uat.earthdatacloud.nasa.gov/nsidc-cumulus-uat-protected/ATLAS/ATL06/005/2020/01/01/ATL06_20200101223747_00950603_005_01.h5.dmrpp
1692903041,1556,timing,elapsed_us,2476901,start_us,1692903038578224,stop_us,1692903041055125,-,CurlUtils::retrieve_effective_url() -  Following Redirects Starting With: https://data.nsidc.uat.earthdatacloud.nasa.gov/nsidc-cumulus-uat-protected/ATLAS/ATL06/005/2020/01/01/ATL06_20200101223747_00950603_005_01.h5
1692903041,1556,timing,elapsed_us,2642114,start_us,1692903038578176,stop_us,1692903041220290,-,DmrppArray::read_contiguous() -  name: orbit_info_rgt
1692903041,1556,timing,elapsed_us,415348,start_us,1692903041220547,stop_us,1692903041635895,-,DmrppArray::read_super_chunks_concurrent() -  name: gt1r_land_ice_segments_longitude
1692903042,1556,timing,elapsed_us,161759,start_us,1692903042808183,stop_us,1692903042969942,-,DmrppArray::read_super_chunks_concurrent() -  name: gt3l_land_ice_segments_longitude
1692903042,1556,timing,elapsed_us,174145,start_us,1692903042460664,stop_us,1692903042634809,-,DmrppArray::read_super_chunks_concurrent() -  name: gt2r_land_ice_segments_latitude
1692903042,1556,timing,elapsed_us,215606,start_us,1692903042244736,stop_us,1692903042460342,-,DmrppArray::read_super_chunks_concurrent() -  name: gt2r_land_ice_segments_longitude
1692903042,1556,timing,elapsed_us,607915,start_us,1692903041636478,stop_us,1692903042244393,-,DmrppArray::read_super_chunks_concurrent() -  name: gt1r_land_ice_segments_latitude
1692903042,1556,timing,elapsed_us,84411,start_us,1692903042635111,stop_us,1692903042719522,-,DmrppArray::read_super_chunks_concurrent() -  name: gt1l_land_ice_segments_longitude
1692903042,1556,timing,elapsed_us,88034,start_us,1692903042719854,stop_us,1692903042807888,-,DmrppArray::read_super_chunks_concurrent() -  name: gt1l_land_ice_segments_latitude
1692903043,1556,timing,elapsed_us,100649,start_us,1692903043203734,stop_us,1692903043304383,-,DmrppArray::read_super_chunks_concurrent() -  name: gt3r_land_ice_segments_longitude
1692903043,1556,timing,elapsed_us,111727,start_us,1692903042970217,stop_us,1692903043081944,-,DmrppArray::read_super_chunks_concurrent() -  name: gt3l_land_ice_segments_latitude
1692903043,1556,timing,elapsed_us,159761,start_us,1692903043445518,stop_us,1692903043605279,-,DmrppArray::read_super_chunks_concurrent() -  name: gt1r_land_ice_segments_delta_time
1692903043,1556,timing,elapsed_us,180,start_us,1692903043895576,stop_us,1692903043895756,-,BESInterface::execute_request
1692903043,1556,timing,elapsed_us,208,start_us,1692903043895572,stop_us,1692903043895780,-,BESServerHandler::execute
1692903043,1556,timing,elapsed_us,25881,start_us,1692903043868080,stop_us,1692903043893961,-,DmrppArray::read_contiguous() -  name: orbit_info_crossing_time
1692903043,1556,timing,elapsed_us,49969,start_us,1692903043818004,stop_us,1692903043867973,-,DmrppArray::read_super_chunks_concurrent() -  name: gt3r_land_ice_segments_delta_time
1692903043,1556,timing,elapsed_us,5317473,start_us,1692903038576737,stop_us,1692903043894210,-,BESDapResponseBuilder::serialize_dap4_data() - Timer
1692903043,1556,timing,elapsed_us,5317852,start_us,1692903038576386,stop_us,1692903043894238,http-nio-8080-exec-2:30[bes_client:/-2],get dap for d1 return as dap2; transmitting
1692903043,1556,timing,elapsed_us,59173,start_us,1692903043082228,stop_us,1692903043141401,-,DmrppArray::read_super_chunks_concurrent() -  name: gt2l_land_ice_segments_longitude
1692903043,1556,timing,elapsed_us,61674,start_us,1692903043141778,stop_us,1692903043203452,-,DmrppArray::read_super_chunks_concurrent() -  name: gt2l_land_ice_segments_latitude
1692903043,1556,timing,elapsed_us,64680,start_us,1692903043753046,stop_us,1692903043817726,-,DmrppArray::read_super_chunks_concurrent() -  name: gt3l_land_ice_segments_delta_time
1692903043,1556,timing,elapsed_us,64736,start_us,1692903043380544,stop_us,1692903043445280,-,DmrppArray::read_super_chunks_concurrent() -  name: gt1l_land_ice_segments_delta_time
1692903043,1556,timing,elapsed_us,69772,start_us,1692903043682994,stop_us,1692903043752766,-,DmrppArray::read_super_chunks_concurrent() -  name: gt2r_land_ice_segments_delta_time
1692903043,1556,timing,elapsed_us,7,start_us,1692903043895742,stop_us,1692903043895749,client: /-2:95,show status; transmitting
1692903043,1556,timing,elapsed_us,75537,start_us,1692903043304712,stop_us,1692903043380249,-,DmrppArray::read_super_chunks_concurrent() -  name: gt3r_land_ice_segments_latitude
1692903043,1556,timing,elapsed_us,77191,start_us,1692903043605529,stop_us,1692903043682720,-,DmrppArray::read_super_chunks_concurrent() -  name: gt2l_land_ice_segments_delta_time
1692903043,1556,timing,elapsed_us,9145483,start_us,1692903034748776,stop_us,1692903043894259,-,BESInterface::execute_request
1692903043,1556,timing,elapsed_us,9146813,start_us,1692903034748741,stop_us,1692903043895554,-,BESServerHandler::execute
1692903115,1556,timing,elapsed_us,274515,start_us,1692903115005010,stop_us,1692903115279525,-,RemoteResource::get_url() - source url: https://cmr.uat.earthdata.nasa.gov/search/granules.umm_json_v1_4?collection_concept_id=C1241426872-NSIDC_CUAT&granule_ur=ATL06_20200101223747_00950603_005_01.h5
1692903115,1556,timing,elapsed_us,7,start_us,1692903115279937,stop_us,1692903115279944,http-nio-8080-exec-10:38[bes_client:/-2],set container in ngap values ngapContainer,collections/C1241426872-NSIDC_CUAT/granules/ATL06_20200101223747_00950603_005_01.h5; transmitting
1692903115,1556,timing,elapsed_us,9,start_us,1692903115280156,stop_us,1692903115280165,http-nio-8080-exec-10:38[bes_client:/-2],define d1 in default as ngapContainer with ngapContainer.dap4constraint="/orbit_info_rgt;/orbit_info_crossing_time;/gt3r_land_ice_segments_latitude[0:256:];/gt3r_land_ice_segments_longitude[0:256:];/gt3r_land_ice_segments_delta_time[0:256:];/gt3l_land_ice_segments_latitude[0:256:];/gt3l_land_ice_segments_longitude[0:256:];/gt3l_land_ice_segments_delta_time[0:256:];/gt2r_land_ice_segments_latitude[0:256:];/gt2r_land_ice_segments_longitude[0:256:];/gt2r_land_ice_segments_delta_time[0:256:];/gt2l_land_ice_segments_latitude[0:256:];/gt2l_land_ice_segments_longitude[0:256:];/gt2l_land_ice_segments_delta_time[0:256:];/gt1r_land_ice_segments_latitude[0:256:];/gt1r_land_ice_segments_longitude[0:256:];/gt1r_land_ice_segments_delta_time[0:256:];/gt1l_land_ice_segments_latitude[0:256:];/gt1l_land_ice_segments_longitude[0:256:];/gt1l_land_ice_segments_delta_time[0:256:]"; transmitting
1692903117,1556,timing,elapsed_us,106116,start_us,1692903117579149,stop_us,1692903117685265,-,DmrppArray::read_contiguous() -  name: orbit_info_rgt
1692903117,1556,timing,elapsed_us,21783,start_us,1692903117840072,stop_us,1692903117861855,-,DmrppArray::read_super_chunks_concurrent() -  name: gt2r_land_ice_segments_latitude
1692903117,1556,timing,elapsed_us,2286651,start_us,1692903115281039,stop_us,1692903117567690,-,RemoteResource::get_url() - source url: https://data.nsidc.uat.earthdatacloud.nasa.gov/nsidc-cumulus-uat-protected/ATLAS/ATL06/005/2020/01/01/ATL06_20200101223747_00950603_005_01.h5.dmrpp
1692903117,1556,timing,elapsed_us,25978,start_us,1692903117813674,stop_us,1692903117839652,-,DmrppArray::read_super_chunks_concurrent() -  name: gt2r_land_ice_segments_longitude
1692903117,1556,timing,elapsed_us,30908,start_us,1692903117782477,stop_us,1692903117813385,-,DmrppArray::read_super_chunks_concurrent() -  name: gt1r_land_ice_segments_latitude
1692903117,1556,timing,elapsed_us,32082,start_us,1692903117946801,stop_us,1692903117978883,-,DmrppArray::read_super_chunks_concurrent() -  name: gt3l_land_ice_segments_longitude
1692903117,1556,timing,elapsed_us,34531,start_us,1692903117862176,stop_us,1692903117896707,-,DmrppArray::read_super_chunks_concurrent() -  name: gt1l_land_ice_segments_longitude
1692903117,1556,timing,elapsed_us,49500,start_us,1692903117897001,stop_us,1692903117946501,-,DmrppArray::read_super_chunks_concurrent() -  name: gt1l_land_ice_segments_latitude
1692903117,1556,timing,elapsed_us,96659,start_us,1692903117685504,stop_us,1692903117782163,-,DmrppArray::read_super_chunks_concurrent() -  name: gt1r_land_ice_segments_longitude
1692903118,1556,timing,elapsed_us,1030650,start_us,1692903117577726,stop_us,1692903118608376,-,BESDapResponseBuilder::serialize_dap4_data() - Timer
1692903118,1556,timing,elapsed_us,1031022,start_us,1692903117577385,stop_us,1692903118608407,http-nio-8080-exec-10:38[bes_client:/-2],get dap for d1 return as dap2; transmitting
1692903118,1556,timing,elapsed_us,103399,start_us,1692903118460162,stop_us,1692903118563561,-,DmrppArray::read_super_chunks_concurrent() -  name: gt3r_land_ice_segments_delta_time
1692903118,1556,timing,elapsed_us,180,start_us,1692903118609627,stop_us,1692903118609807,-,BESInterface::execute_request
1692903118,1556,timing,elapsed_us,207,start_us,1692903118609623,stop_us,1692903118609830,-,BESServerHandler::execute
1692903118,1556,timing,elapsed_us,24393,start_us,1692903118246825,stop_us,1692903118271218,-,DmrppArray::read_super_chunks_concurrent() -  name: gt1l_land_ice_segments_delta_time
1692903118,1556,timing,elapsed_us,25806,start_us,1692903118271524,stop_us,1692903118297330,-,DmrppArray::read_super_chunks_concurrent() -  name: gt1r_land_ice_segments_delta_time
1692903118,1556,timing,elapsed_us,33341,start_us,1692903118213187,stop_us,1692903118246528,-,DmrppArray::read_super_chunks_concurrent() -  name: gt3r_land_ice_segments_latitude
1692903118,1556,timing,elapsed_us,3607674,start_us,1692903115000754,stop_us,1692903118608428,-,BESInterface::execute_request
1692903118,1556,timing,elapsed_us,3608884,start_us,1692903115000717,stop_us,1692903118609601,-,BESServerHandler::execute
1692903118,1556,timing,elapsed_us,44442,start_us,1692903118563670,stop_us,1692903118608112,-,DmrppArray::read_contiguous() -  name: orbit_info_crossing_time
1692903118,1556,timing,elapsed_us,47004,start_us,1692903118297654,stop_us,1692903118344658,-,DmrppArray::read_super_chunks_concurrent() -  name: gt2l_land_ice_segments_delta_time
1692903118,1556,timing,elapsed_us,50187,start_us,1692903118409685,stop_us,1692903118459872,-,DmrppArray::read_super_chunks_concurrent() -  name: gt3l_land_ice_segments_delta_time
1692903118,1556,timing,elapsed_us,52802,start_us,1692903118038725,stop_us,1692903118091527,-,DmrppArray::read_super_chunks_concurrent() -  name: gt2l_land_ice_segments_longitude
1692903118,1556,timing,elapsed_us,59220,start_us,1692903118091818,stop_us,1692903118151038,-,DmrppArray::read_super_chunks_concurrent() -  name: gt2l_land_ice_segments_latitude
1692903118,1556,timing,elapsed_us,59289,start_us,1692903117979144,stop_us,1692903118038433,-,DmrppArray::read_super_chunks_concurrent() -  name: gt3l_land_ice_segments_latitude
1692903118,1556,timing,elapsed_us,61531,start_us,1692903118151363,stop_us,1692903118212894,-,DmrppArray::read_super_chunks_concurrent() -  name: gt3r_land_ice_segments_longitude
1692903118,1556,timing,elapsed_us,64431,start_us,1692903118344936,stop_us,1692903118409367,-,DmrppArray::read_super_chunks_concurrent() -  name: gt2r_land_ice_segments_delta_time
1692903118,1556,timing,elapsed_us,7,start_us,1692903118609792,stop_us,1692903118609799,client: /-2:97,show status; transmitting
1692903160,1556,timing,elapsed_us,10,start_us,1692903160048017,stop_us,1692903160048027,http-nio-8080-exec-7:35[bes_client:/-2],define d1 in default as ngapContainer with ngapContainer.dap4constraint="/orbit_info_rgt;/orbit_info_crossing_time;/gt3r_sea_ice_segments_latitude[0:1024:];/gt3r_sea_ice_segments_longitude[0:1024:];/gt3r_sea_ice_segments_delta_time[0:1024:];/gt3l_sea_ice_segments_latitude[0:1024:];/gt3l_sea_ice_segments_longitude[0:1024:];/gt3l_sea_ice_segments_delta_time[0:1024:];/gt2r_sea_ice_segments_latitude[0:1024:];/gt2r_sea_ice_segments_longitude[0:1024:];/gt2r_sea_ice_segments_delta_time[0:1024:];/gt2l_sea_ice_segments_latitude[0:1024:];/gt2l_sea_ice_segments_longitude[0:1024:];/gt2l_sea_ice_segments_delta_time[0:1024:];/gt1r_sea_ice_segments_latitude[0:1024:];/gt1r_sea_ice_segments_longitude[0:1024:];/gt1r_sea_ice_segments_delta_time[0:1024:];/gt1l_sea_ice_segments_latitude[0:1024:];/gt1l_sea_ice_segments_longitude[0:1024:];/gt1l_sea_ice_segments_delta_time[0:1024:]"; transmitting
1692903160,1556,timing,elapsed_us,245118,start_us,1692903159802214,stop_us,1692903160047332,-,RemoteResource::get_url() - source url: https://cmr.uat.earthdata.nasa.gov/search/granules.umm_json_v1_4?collection_concept_id=C1241426887-NSIDC_CUAT&granule_ur=ATL07-01_20200101015629_00820601_005_01.h5
1692903160,1556,timing,elapsed_us,7,start_us,1692903160047808,stop_us,1692903160047815,http-nio-8080-exec-7:35[bes_client:/-2],set container in ngap values ngapContainer,collections/C1241426887-NSIDC_CUAT/granules/ATL07-01_20200101015629_00820601_005_01.h5; transmitting
1692903162,1556,timing,elapsed_us,2582206,start_us,1692903160048910,stop_us,1692903162631116,-,RemoteResource::get_url() - source url: https://data.nsidc.uat.earthdatacloud.nasa.gov/nsidc-cumulus-uat-protected/ATLAS/ATL07/005/2020/01/01/ATL07-01_20200101015629_00820601_005_01.h5.dmrpp
1692903165,1556,timing,elapsed_us,2618927,start_us,1692903162648909,stop_us,1692903165267836,-,CurlUtils::retrieve_effective_url() -  Following Redirects Starting With: https://data.nsidc.uat.earthdatacloud.nasa.gov/nsidc-cumulus-uat-protected/ATLAS/ATL07/005/2020/01/01/ATL07-01_20200101015629_00820601_005_01.h5
1692903165,1556,timing,elapsed_us,2857649,start_us,1692903162648863,stop_us,1692903165506512,-,DmrppArray::read_contiguous() -  name: orbit_info_rgt
1692903165,1556,timing,elapsed_us,479150,start_us,1692903165507905,stop_us,1692903165987055,-,DmrppArray::read_super_chunks_concurrent() -  name: gt1r_sea_ice_segments_longitude
1692903166,1556,timing,elapsed_us,153288,start_us,1692903165988380,stop_us,1692903166141668,-,DmrppArray::read_super_chunks_concurrent() -  name: gt1r_sea_ice_segments_latitude
1692903166,1556,timing,elapsed_us,204996,start_us,1692903166477501,stop_us,1692903166682497,-,DmrppArray::read_super_chunks_concurrent() -  name: gt2r_sea_ice_segments_latitude
1692903166,1556,timing,elapsed_us,333889,start_us,1692903166142589,stop_us,1692903166476478,-,DmrppArray::read_super_chunks_concurrent() -  name: gt2r_sea_ice_segments_longitude
1692903167,1556,timing,elapsed_us,208289,start_us,1692903167632701,stop_us,1692903167840990,-,DmrppArray::read_super_chunks_concurrent() -  name: gt1l_sea_ice_segments_latitude
1692903167,1556,timing,elapsed_us,947926,start_us,1692903166683600,stop_us,1692903167631526,-,DmrppArray::read_super_chunks_concurrent() -  name: gt1l_sea_ice_segments_longitude
1692903168,1556,timing,elapsed_us,205827,start_us,1692903168244960,stop_us,1692903168450787,-,DmrppArray::read_super_chunks_concurrent() -  name: gt3l_sea_ice_segments_latitude
1692903168,1556,timing,elapsed_us,401167,start_us,1692903167842729,stop_us,1692903168243896,-,DmrppArray::read_super_chunks_concurrent() -  name: gt3l_sea_ice_segments_longitude
1692903168,1556,timing,elapsed_us,513247,start_us,1692903168451728,stop_us,1692903168964975,-,DmrppArray::read_super_chunks_concurrent() -  name: gt2l_sea_ice_segments_longitude
1692903169,1556,timing,elapsed_us,143811,start_us,1692903168965854,stop_us,1692903169109665,-,DmrppArray::read_super_chunks_concurrent() -  name: gt2l_sea_ice_segments_latitude
1692903169,1556,timing,elapsed_us,156604,start_us,1692903169759623,stop_us,1692903169916227,-,DmrppArray::read_super_chunks_concurrent() -  name: gt1r_sea_ice_segments_delta_time
1692903169,1556,timing,elapsed_us,167088,start_us,1692903169110822,stop_us,1692903169277910,-,DmrppArray::read_super_chunks_concurrent() -  name: gt3r_sea_ice_segments_longitude
1692903169,1556,timing,elapsed_us,231938,start_us,1692903169526643,stop_us,1692903169758581,-,DmrppArray::read_super_chunks_concurrent() -  name: gt1l_sea_ice_segments_delta_time
1692903169,1556,timing,elapsed_us,245906,start_us,1692903169279601,stop_us,1692903169525507,-,DmrppArray::read_super_chunks_concurrent() -  name: gt3r_sea_ice_segments_latitude
1692903169,1556,timing,elapsed_us,61188,start_us,1692903169917162,stop_us,1692903169978350,-,DmrppArray::read_super_chunks_concurrent() -  name: gt2l_sea_ice_segments_delta_time
1692903170,1556,timing,elapsed_us,10638021,start_us,1692903159796729,stop_us,1692903170434750,-,BESInterface::execute_request
1692903170,1556,timing,elapsed_us,10640159,start_us,1692903159796696,stop_us,1692903170436855,-,BESServerHandler::execute
1692903170,1556,timing,elapsed_us,108200,start_us,1692903170058775,stop_us,1692903170166975,-,DmrppArray::read_super_chunks_concurrent() -  name: gt3l_sea_ice_segments_delta_time
1692903170,1556,timing,elapsed_us,202,start_us,1692903170436882,stop_us,1692903170437084,-,BESInterface::execute_request
1692903170,1556,timing,elapsed_us,230277,start_us,1692903170168077,stop_us,1692903170398354,-,DmrppArray::read_super_chunks_concurrent() -  name: gt3r_sea_ice_segments_delta_time
1692903170,1556,timing,elapsed_us,236,start_us,1692903170436878,stop_us,1692903170437114,-,BESServerHandler::execute
1692903170,1556,timing,elapsed_us,35924,start_us,1692903170398507,stop_us,1692903170434431,-,DmrppArray::read_contiguous() -  name: orbit_info_crossing_time
1692903170,1556,timing,elapsed_us,7,start_us,1692903170437070,stop_us,1692903170437077,client: /-2:99,show status; transmitting
1692903170,1556,timing,elapsed_us,7787159,start_us,1692903162647543,stop_us,1692903170434702,-,BESDapResponseBuilder::serialize_dap4_data() - Timer
1692903170,1556,timing,elapsed_us,7787555,start_us,1692903162647175,stop_us,1692903170434730,http-nio-8080-exec-7:35[bes_client:/-2],get dap for d1 return as dap2; transmitting
1692903170,1556,timing,elapsed_us,78173,start_us,1692903169979456,stop_us,1692903170057629,-,DmrppArray::read_super_chunks_concurrent() -  name: gt2r_sea_ice_segments_delta_time
1692903205,1556,timing,elapsed_us,226074,start_us,1692903205241462,stop_us,1692903205467536,-,RemoteResource::get_url() - source url: https://cmr.uat.earthdata.nasa.gov/search/granules.umm_json_v1_4?collection_concept_id=C1241426887-NSIDC_CUAT&granule_ur=ATL07-01_20200101015629_00820601_005_01.h5
1692903205,1556,timing,elapsed_us,6,start_us,1692903205468111,stop_us,1692903205468117,http-nio-8080-exec-6:34[bes_client:/-2],set container in ngap values ngapContainer,collections/C1241426887-NSIDC_CUAT/granules/ATL07-01_20200101015629_00820601_005_01.h5; transmitting
1692903205,1556,timing,elapsed_us,8,start_us,1692903205468478,stop_us,1692903205468486,http-nio-8080-exec-6:34[bes_client:/-2],define d1 in default as ngapContainer with ngapContainer.dap4constraint="/orbit_info_rgt;/orbit_info_crossing_time;/gt3r_sea_ice_segments_latitude[0:1024:];/gt3r_sea_ice_segments_longitude[0:1024:];/gt3r_sea_ice_segments_delta_time[0:1024:];/gt3l_sea_ice_segments_latitude[0:1024:];/gt3l_sea_ice_segments_longitude[0:1024:];/gt3l_sea_ice_segments_delta_time[0:1024:];/gt2r_sea_ice_segments_latitude[0:1024:];/gt2r_sea_ice_segments_longitude[0:1024:];/gt2r_sea_ice_segments_delta_time[0:1024:];/gt2l_sea_ice_segments_latitude[0:1024:];/gt2l_sea_ice_segments_longitude[0:1024:];/gt2l_sea_ice_segments_delta_time[0:1024:];/gt1r_sea_ice_segments_latitude[0:1024:];/gt1r_sea_ice_segments_longitude[0:1024:];/gt1r_sea_ice_segments_delta_time[0:1024:];/gt1l_sea_ice_segments_latitude[0:1024:];/gt1l_sea_ice_segments_longitude[0:1024:];/gt1l_sea_ice_segments_delta_time[0:1024:]"; transmitting
1692903207,1556,timing,elapsed_us,141643,start_us,1692903207849608,stop_us,1692903207991251,-,DmrppArray::read_super_chunks_concurrent() -  name: gt1r_sea_ice_segments_longitude
1692903207,1556,timing,elapsed_us,2284415,start_us,1692903205469393,stop_us,1692903207753808,-,RemoteResource::get_url() - source url: https://data.nsidc.uat.earthdatacloud.nasa.gov/nsidc-cumulus-uat-protected/ATLAS/ATL07/005/2020/01/01/ATL07-01_20200101015629_00820601_005_01.h5.dmrpp
1692903207,1556,timing,elapsed_us,75830,start_us,1692903207772470,stop_us,1692903207848300,-,DmrppArray::read_contiguous() -  name: orbit_info_rgt
1692903208,1556,timing,elapsed_us,1174329,start_us,1692903207771168,stop_us,1692903208945497,-,BESDapResponseBuilder::serialize_dap4_data() - Timer
1692903208,1556,timing,elapsed_us,1174724,start_us,1692903207770803,stop_us,1692903208945527,http-nio-8080-exec-6:34[bes_client:/-2],get dap for d1 return as dap2; transmitting
1692903208,1556,timing,elapsed_us,185,start_us,1692903208947510,stop_us,1692903208947695,-,BESInterface::execute_request
1692903208,1556,timing,elapsed_us,19741,start_us,1692903208925486,stop_us,1692903208945227,-,DmrppArray::read_contiguous() -  name: orbit_info_crossing_time
1692903208,1556,timing,elapsed_us,213,start_us,1692903208947506,stop_us,1692903208947719,-,BESServerHandler::execute
1692903208,1556,timing,elapsed_us,31151,start_us,1692903208739817,stop_us,1692903208770968,-,DmrppArray::read_super_chunks_concurrent() -  name: gt2l_sea_ice_segments_delta_time
1692903208,1556,timing,elapsed_us,33743,start_us,1692903208772013,stop_us,1692903208805756,-,DmrppArray::read_super_chunks_concurrent() -  name: gt2r_sea_ice_segments_delta_time
1692903208,1556,timing,elapsed_us,33931,start_us,1692903208659119,stop_us,1692903208693050,-,DmrppArray::read_super_chunks_concurrent() -  name: gt1l_sea_ice_segments_delta_time
1692903208,1556,timing,elapsed_us,3708781,start_us,1692903205236771,stop_us,1692903208945552,-,BESInterface::execute_request
1692903208,1556,timing,elapsed_us,3710742,start_us,1692903205236741,stop_us,1692903208947483,-,BESServerHandler::execute
1692903208,1556,timing,elapsed_us,42912,start_us,1692903208195273,stop_us,1692903208238185,-,DmrppArray::read_super_chunks_concurrent() -  name: gt1l_sea_ice_segments_latitude
1692903208,1556,timing,elapsed_us,44556,start_us,1692903208694200,stop_us,1692903208738756,-,DmrppArray::read_super_chunks_concurrent() -  name: gt1r_sea_ice_segments_delta_time
1692903208,1556,timing,elapsed_us,45979,start_us,1692903207992420,stop_us,1692903208038399,-,DmrppArray::read_super_chunks_concurrent() -  name: gt1r_sea_ice_segments_latitude
1692903208,1556,timing,elapsed_us,46688,start_us,1692903208878655,stop_us,1692903208925343,-,DmrppArray::read_super_chunks_concurrent() -  name: gt3r_sea_ice_segments_delta_time
1692903208,1556,timing,elapsed_us,49817,start_us,1692903208039353,stop_us,1692903208089170,-,DmrppArray::read_super_chunks_concurrent() -  name: gt2r_sea_ice_segments_longitude
1692903208,1556,timing,elapsed_us,49912,start_us,1692903208090133,stop_us,1692903208140045,-,DmrppArray::read_super_chunks_concurrent() -  name: gt2r_sea_ice_segments_latitude
1692903208,1556,timing,elapsed_us,53056,start_us,1692903208141155,stop_us,1692903208194211,-,DmrppArray::read_super_chunks_concurrent() -  name: gt1l_sea_ice_segments_longitude
1692903208,1556,timing,elapsed_us,54607,start_us,1692903208333077,stop_us,1692903208387684,-,DmrppArray::read_super_chunks_concurrent() -  name: gt3l_sea_ice_segments_latitude
1692903208,1556,timing,elapsed_us,60429,start_us,1692903208388510,stop_us,1692903208448939,-,DmrppArray::read_super_chunks_concurrent() -  name: gt2l_sea_ice_segments_longitude
1692903208,1556,timing,elapsed_us,62146,start_us,1692903208595851,stop_us,1692903208657997,-,DmrppArray::read_super_chunks_concurrent() -  name: gt3r_sea_ice_segments_latitude
1692903208,1556,timing,elapsed_us,69427,start_us,1692903208525113,stop_us,1692903208594540,-,DmrppArray::read_super_chunks_concurrent() -  name: gt3r_sea_ice_segments_longitude
1692903208,1556,timing,elapsed_us,7,start_us,1692903208947679,stop_us,1692903208947686,client: /-2:101,show status; transmitting
1692903208,1556,timing,elapsed_us,70854,start_us,1692903208806746,stop_us,1692903208877600,-,DmrppArray::read_super_chunks_concurrent() -  name: gt3l_sea_ice_segments_delta_time
1692903208,1556,timing,elapsed_us,73936,start_us,1692903208449915,stop_us,1692903208523851,-,DmrppArray::read_super_chunks_concurrent() -  name: gt2l_sea_ice_segments_latitude
1692903208,1556,timing,elapsed_us,92741,start_us,1692903208239168,stop_us,1692903208331909,-,DmrppArray::read_super_chunks_concurrent() -  name: gt3l_sea_ice_segments_longitude
1692903241,1556,timing,elapsed_us,10,start_us,1692903241208897,stop_us,1692903241208907,http-nio-8080-exec-8:36[bes_client:/-2],define d1 in default as ngapContainer with ngapContainer.dap4constraint="/orbit_info_rgt;/orbit_info_crossing_time;/gt3r_sea_ice_segments_latitude[0:1024:];/gt3r_sea_ice_segments_longitude[0:1024:];/gt3r_sea_ice_segments_delta_time[0:1024:];/gt3l_sea_ice_segments_latitude[0:1024:];/gt3l_sea_ice_segments_longitude[0:1024:];/gt3l_sea_ice_segments_delta_time[0:1024:];/gt2r_sea_ice_segments_latitude[0:1024:];/gt2r_sea_ice_segments_longitude[0:1024:];/gt2r_sea_ice_segments_delta_time[0:1024:];/gt2l_sea_ice_segments_latitude[0:1024:];/gt2l_sea_ice_segments_longitude[0:1024:];/gt2l_sea_ice_segments_delta_time[0:1024:];/gt1r_sea_ice_segments_latitude[0:1024:];/gt1r_sea_ice_segments_longitude[0:1024:];/gt1r_sea_ice_segments_delta_time[0:1024:];/gt1l_sea_ice_segments_latitude[0:1024:];/gt1l_sea_ice_segments_longitude[0:1024:];/gt1l_sea_ice_segments_delta_time[0:1024:]"; transmitting
1692903241,1556,timing,elapsed_us,207057,start_us,1692903241000888,stop_us,1692903241207945,-,RemoteResource::get_url() - source url: https://cmr.uat.earthdata.nasa.gov/search/granules.umm_json_v1_4?collection_concept_id=C1241426887-NSIDC_CUAT&granule_ur=ATL07-01_20200101015629_00820601_005_01.h5
1692903241,1556,timing,elapsed_us,7,start_us,1692903241208508,stop_us,1692903241208515,http-nio-8080-exec-8:36[bes_client:/-2],set container in ngap values ngapContainer,collections/C1241426887-NSIDC_CUAT/granules/ATL07-01_20200101015629_00820601_005_01.h5; transmitting
1692903243,1556,timing,elapsed_us,121447,start_us,1692903243588818,stop_us,1692903243710265,-,DmrppArray::read_super_chunks_concurrent() -  name: gt1r_sea_ice_segments_longitude
1692903243,1556,timing,elapsed_us,2289306,start_us,1692903241209784,stop_us,1692903243499090,-,RemoteResource::get_url() - source url: https://data.nsidc.uat.earthdatacloud.nasa.gov/nsidc-cumulus-uat-protected/ATLAS/ATL07/005/2020/01/01/ATL07-01_20200101015629_00820601_005_01.h5.dmrpp
1692903243,1556,timing,elapsed_us,65543,start_us,1692903243796521,stop_us,1692903243862064,-,DmrppArray::read_super_chunks_concurrent() -  name: gt2r_sea_ice_segments_longitude
1692903243,1556,timing,elapsed_us,70737,start_us,1692903243517002,stop_us,1692903243587739,-,DmrppArray::read_contiguous() -  name: orbit_info_rgt
1692903243,1556,timing,elapsed_us,79505,start_us,1692903243862949,stop_us,1692903243942454,-,DmrppArray::read_super_chunks_concurrent() -  name: gt2r_sea_ice_segments_latitude
1692903243,1556,timing,elapsed_us,84027,start_us,1692903243711509,stop_us,1692903243795536,-,DmrppArray::read_super_chunks_concurrent() -  name: gt1r_sea_ice_segments_latitude
1692903244,1556,timing,elapsed_us,108217,start_us,1692903244655317,stop_us,1692903244763534,-,DmrppArray::read_super_chunks_concurrent() -  name: gt3r_sea_ice_segments_latitude
1692903244,1556,timing,elapsed_us,114040,start_us,1692903244079714,stop_us,1692903244193754,-,DmrppArray::read_super_chunks_concurrent() -  name: gt1l_sea_ice_segments_latitude
1692903244,1556,timing,elapsed_us,135090,start_us,1692903243943533,stop_us,1692903244078623,-,DmrppArray::read_super_chunks_concurrent() -  name: gt1l_sea_ice_segments_longitude
1692903244,1556,timing,elapsed_us,167743,start_us,1692903244194741,stop_us,1692903244362484,-,DmrppArray::read_super_chunks_concurrent() -  name: gt3l_sea_ice_segments_longitude
1692903244,1556,timing,elapsed_us,32578,start_us,1692903244897411,stop_us,1692903244929989,-,DmrppArray::read_super_chunks_concurrent() -  name: gt2r_sea_ice_segments_delta_time
1692903244,1556,timing,elapsed_us,33496,start_us,1692903244764655,stop_us,1692903244798151,-,DmrppArray::read_super_chunks_concurrent() -  name: gt1l_sea_ice_segments_delta_time
1692903244,1556,timing,elapsed_us,46104,start_us,1692903244799149,stop_us,1692903244845253,-,DmrppArray::read_super_chunks_concurrent() -  name: gt1r_sea_ice_segments_delta_time
1692903244,1556,timing,elapsed_us,49900,start_us,1692903244532164,stop_us,1692903244582064,-,DmrppArray::read_super_chunks_concurrent() -  name: gt2l_sea_ice_segments_latitude
1692903244,1556,timing,elapsed_us,50090,start_us,1692903244846274,stop_us,1692903244896364,-,DmrppArray::read_super_chunks_concurrent() -  name: gt2l_sea_ice_segments_delta_time
1692903244,1556,timing,elapsed_us,53223,start_us,1692903244931005,stop_us,1692903244984228,-,DmrppArray::read_super_chunks_concurrent() -  name: gt3l_sea_ice_segments_delta_time
1692903244,1556,timing,elapsed_us,70762,start_us,1692903244583313,stop_us,1692903244654075,-,DmrppArray::read_super_chunks_concurrent() -  name: gt3r_sea_ice_segments_longitude
1692903244,1556,timing,elapsed_us,73661,start_us,1692903244457671,stop_us,1692903244531332,-,DmrppArray::read_super_chunks_concurrent() -  name: gt2l_sea_ice_segments_longitude
1692903244,1556,timing,elapsed_us,93228,start_us,1692903244363573,stop_us,1692903244456801,-,DmrppArray::read_super_chunks_concurrent() -  name: gt3l_sea_ice_segments_latitude
1692903245,1556,timing,elapsed_us,1562090,start_us,1692903243515705,stop_us,1692903245077795,-,BESDapResponseBuilder::serialize_dap4_data() - Timer
1692903245,1556,timing,elapsed_us,1562490,start_us,1692903243515321,stop_us,1692903245077811,http-nio-8080-exec-8:36[bes_client:/-2],get dap for d1 return as dap2; transmitting
1692903245,1556,timing,elapsed_us,188,start_us,1692903245079430,stop_us,1692903245079618,-,BESInterface::execute_request
1692903245,1556,timing,elapsed_us,216,start_us,1692903245079426,stop_us,1692903245079642,-,BESServerHandler::execute
1692903245,1556,timing,elapsed_us,36726,start_us,1692903245040895,stop_us,1692903245077621,-,DmrppArray::read_contiguous() -  name: orbit_info_crossing_time
1692903245,1556,timing,elapsed_us,4081124,start_us,1692903240996696,stop_us,1692903245077820,-,BESInterface::execute_request
1692903245,1556,timing,elapsed_us,4082736,start_us,1692903240996672,stop_us,1692903245079408,-,BESServerHandler::execute
1692903245,1556,timing,elapsed_us,55330,start_us,1692903244985447,stop_us,1692903245040777,-,DmrppArray::read_super_chunks_concurrent() -  name: gt3r_sea_ice_segments_delta_time
1692903245,1556,timing,elapsed_us,6,start_us,1692903245079605,stop_us,1692903245079611,client: /-2:103,show status; transmitting
1692903279,1556,timing,elapsed_us,332936,start_us,1692903279633276,stop_us,1692903279966212,-,RemoteResource::get_url() - source url: https://cmr.uat.earthdata.nasa.gov/search/granules.umm_json_v1_4?collection_concept_id=C1241426887-NSIDC_CUAT&granule_ur=ATL07-01_20200101015629_00820601_005_01.h5
1692903279,1556,timing,elapsed_us,7,start_us,1692903279966708,stop_us,1692903279966715,http-nio-8080-exec-1:29[bes_client:/-2],set container in ngap values ngapContainer,collections/C1241426887-NSIDC_CUAT/granules/ATL07-01_20200101015629_00820601_005_01.h5; transmitting
1692903279,1556,timing,elapsed_us,8,start_us,1692903279967079,stop_us,1692903279967087,http-nio-8080-exec-1:29[bes_client:/-2],define d1 in default as ngapContainer with ngapContainer.dap4constraint="/orbit_info_rgt;/orbit_info_crossing_time;/gt3r_sea_ice_segments_latitude[0:1024:];/gt3r_sea_ice_segments_longitude[0:1024:];/gt3r_sea_ice_segments_delta_time[0:1024:];/gt3l_sea_ice_segments_latitude[0:1024:];/gt3l_sea_ice_segments_longitude[0:1024:];/gt3l_sea_ice_segments_delta_time[0:1024:];/gt2r_sea_ice_segments_latitude[0:1024:];/gt2r_sea_ice_segments_longitude[0:1024:];/gt2r_sea_ice_segments_delta_time[0:1024:];/gt2l_sea_ice_segments_latitude[0:1024:];/gt2l_sea_ice_segments_longitude[0:1024:];/gt2l_sea_ice_segments_delta_time[0:1024:];/gt1r_sea_ice_segments_latitude[0:1024:];/gt1r_sea_ice_segments_longitude[0:1024:];/gt1r_sea_ice_segments_delta_time[0:1024:];/gt1l_sea_ice_segments_latitude[0:1024:];/gt1l_sea_ice_segments_longitude[0:1024:];/gt1l_sea_ice_segments_delta_time[0:1024:]"; transmitting
1692903282,1556,timing,elapsed_us,2313214,start_us,1692903279967976,stop_us,1692903282281190,-,RemoteResource::get_url() - source url: https://data.nsidc.uat.earthdatacloud.nasa.gov/nsidc-cumulus-uat-protected/ATLAS/ATL07/005/2020/01/01/ATL07-01_20200101015629_00820601_005_01.h5.dmrpp
1692903282,1556,timing,elapsed_us,33471,start_us,1692903282574119,stop_us,1692903282607590,-,DmrppArray::read_super_chunks_concurrent() -  name: gt2r_sea_ice_segments_latitude
1692903282,1556,timing,elapsed_us,38227,start_us,1692903282534972,stop_us,1692903282573199,-,DmrppArray::read_super_chunks_concurrent() -  name: gt2r_sea_ice_segments_longitude
1692903282,1556,timing,elapsed_us,40907,start_us,1692903282651762,stop_us,1692903282692669,-,DmrppArray::read_super_chunks_concurrent() -  name: gt1l_sea_ice_segments_latitude
1692903282,1556,timing,elapsed_us,41357,start_us,1692903282879722,stop_us,1692903282921079,-,DmrppArray::read_super_chunks_concurrent() -  name: gt2l_sea_ice_segments_latitude
1692903282,1556,timing,elapsed_us,42044,start_us,1692903282608571,stop_us,1692903282650615,-,DmrppArray::read_super_chunks_concurrent() -  name: gt1l_sea_ice_segments_longitude
1692903282,1556,timing,elapsed_us,52634,start_us,1692903282481338,stop_us,1692903282533972,-,DmrppArray::read_super_chunks_concurrent() -  name: gt1r_sea_ice_segments_latitude
1692903282,1556,timing,elapsed_us,53308,start_us,1692903282825431,stop_us,1692903282878739,-,DmrppArray::read_super_chunks_concurrent() -  name: gt2l_sea_ice_segments_longitude
1692903282,1556,timing,elapsed_us,57524,start_us,1692903282767062,stop_us,1692903282824586,-,DmrppArray::read_super_chunks_concurrent() -  name: gt3l_sea_ice_segments_latitude
1692903282,1556,timing,elapsed_us,70481,start_us,1692903282922189,stop_us,1692903282992670,-,DmrppArray::read_super_chunks_concurrent() -  name: gt3r_sea_ice_segments_longitude
1692903282,1556,timing,elapsed_us,72294,start_us,1692903282693815,stop_us,1692903282766109,-,DmrppArray::read_super_chunks_concurrent() -  name: gt3l_sea_ice_segments_longitude
1692903282,1556,timing,elapsed_us,85171,start_us,1692903282299346,stop_us,1692903282384517,-,DmrppArray::read_contiguous() -  name: orbit_info_rgt
1692903282,1556,timing,elapsed_us,94575,start_us,1692903282385595,stop_us,1692903282480170,-,DmrppArray::read_super_chunks_concurrent() -  name: gt1r_sea_ice_segments_longitude
1692903283,1556,timing,elapsed_us,118761,start_us,1692903283604990,stop_us,1692903283723751,-,DmrppArray::read_super_chunks_concurrent() -  name: gt3l_sea_ice_segments_delta_time
1692903283,1556,timing,elapsed_us,122035,start_us,1692903283724791,stop_us,1692903283846826,-,DmrppArray::read_super_chunks_concurrent() -  name: gt3r_sea_ice_segments_delta_time
1692903283,1556,timing,elapsed_us,1583792,start_us,1692903282298030,stop_us,1692903283881822,-,BESDapResponseBuilder::serialize_dap4_data() - Timer
1692903283,1556,timing,elapsed_us,1584189,start_us,1692903282297647,stop_us,1692903283881836,http-nio-8080-exec-1:29[bes_client:/-2],get dap for d1 return as dap2; transmitting
1692903283,1556,timing,elapsed_us,185360,start_us,1692903283215119,stop_us,1692903283400479,-,DmrppArray::read_super_chunks_concurrent() -  name: gt2l_sea_ice_segments_delta_time
1692903283,1556,timing,elapsed_us,200,start_us,1692903283883745,stop_us,1692903283883945,-,BESInterface::execute_request
1692903283,1556,timing,elapsed_us,202404,start_us,1692903283401404,stop_us,1692903283603808,-,DmrppArray::read_super_chunks_concurrent() -  name: gt2r_sea_ice_segments_delta_time
1692903283,1556,timing,elapsed_us,226,start_us,1692903283883741,stop_us,1692903283883967,-,BESServerHandler::execute
1692903283,1556,timing,elapsed_us,34655,start_us,1692903283846966,stop_us,1692903283881621,-,DmrppArray::read_contiguous() -  name: orbit_info_crossing_time
1692903283,1556,timing,elapsed_us,4253075,start_us,1692903279628777,stop_us,1692903283881852,-,BESInterface::execute_request
1692903283,1556,timing,elapsed_us,4254980,start_us,1692903279628740,stop_us,1692903283883720,-,BESServerHandler::execute
1692903283,1556,timing,elapsed_us,48811,start_us,1692903282993884,stop_us,1692903283042695,-,DmrppArray::read_super_chunks_concurrent() -  name: gt3r_sea_ice_segments_latitude
1692903283,1556,timing,elapsed_us,6,start_us,1692903283883931,stop_us,1692903283883937,client: /-2:105,show status; transmitting
1692903283,1556,timing,elapsed_us,71989,start_us,1692903283043700,stop_us,1692903283115689,-,DmrppArray::read_super_chunks_concurrent() -  name: gt1l_sea_ice_segments_delta_time
1692903283,1556,timing,elapsed_us,97359,start_us,1692903283116905,stop_us,1692903283214264,-,DmrppArray::read_super_chunks_concurrent() -  name: gt1r_sea_ice_segments_delta_time
1692903320,1556,timing,elapsed_us,324277,start_us,1692903320033365,stop_us,1692903320357642,-,RemoteResource::get_url() - source url: https://cmr.uat.earthdata.nasa.gov/search/granules.umm_json_v1_4?collection_concept_id=C1241426907-NSIDC_CUAT&granule_ur=ATL08_20200101145654_00900605_005_01.h5
1692903320,1556,timing,elapsed_us,5,start_us,1692903320358501,stop_us,1692903320358506,http-nio-8080-exec-3:31[bes_client:/-2],define d1 in default as ngapContainer with ngapContainer.dap4constraint="/orbit_info_rgt;/orbit_info_crossing_time;/gt3r_land_segments_latitude[0:64:];/gt3r_land_segments_longitude[0:64:];/gt3r_land_segments_delta_time[0:64:];/gt3l_land_segments_latitude[0:64:];/gt3l_land_segments_longitude[0:64:];/gt3l_land_segments_delta_time[0:64:];/gt2r_land_segments_latitude[0:64:];/gt2r_land_segments_longitude[0:64:];/gt2r_land_segments_delta_time[0:64:];/gt2l_land_segments_latitude[0:64:];/gt2l_land_segments_longitude[0:64:];/gt2l_land_segments_delta_time[0:64:];/gt1r_land_segments_latitude[0:64:];/gt1r_land_segments_longitude[0:64:];/gt1r_land_segments_delta_time[0:64:];/gt1l_land_segments_latitude[0:64:];/gt1l_land_segments_longitude[0:64:];/gt1l_land_segments_delta_time[0:64:]"; transmitting
1692903320,1556,timing,elapsed_us,8,start_us,1692903320358141,stop_us,1692903320358149,http-nio-8080-exec-3:31[bes_client:/-2],set container in ngap values ngapContainer,collections/C1241426907-NSIDC_CUAT/granules/ATL08_20200101145654_00900605_005_01.h5; transmitting
1692903322,1556,timing,elapsed_us,2314372,start_us,1692903320359379,stop_us,1692903322673751,-,RemoteResource::get_url() - source url: https://data.nsidc.uat.earthdatacloud.nasa.gov/nsidc-cumulus-uat-protected/ATLAS/ATL08/005/2020/01/01/ATL08_20200101145654_00900605_005_01.h5.dmrpp
1692903325,1556,timing,elapsed_us,15251,start_us,1692903325136645,stop_us,1692903325151896,-,DmrppArray::read_contiguous() -  name: gt2r_land_segments_delta_time
1692903325,1556,timing,elapsed_us,15276,start_us,1692903325152066,stop_us,1692903325167342,-,DmrppArray::read_contiguous() -  name: gt3l_land_segments_delta_time
1692903325,1556,timing,elapsed_us,16592,start_us,1692903325547621,stop_us,1692903325564213,-,DmrppArray::read_contiguous() -  name: gt2l_land_segments_latitude
1692903325,1556,timing,elapsed_us,17122,start_us,1692903325119419,stop_us,1692903325136541,-,DmrppArray::read_contiguous() -  name: gt2l_land_segments_delta_time
1692903325,1556,timing,elapsed_us,17451,start_us,1692903325167422,stop_us,1692903325184873,-,DmrppArray::read_contiguous() -  name: gt3r_land_segments_delta_time
1692903325,1556,timing,elapsed_us,17529,start_us,1692903325101808,stop_us,1692903325119337,-,DmrppArray::read_contiguous() -  name: gt1r_land_segments_delta_time
1692903325,1556,timing,elapsed_us,18116,start_us,1692903325184952,stop_us,1692903325203068,-,DmrppArray::read_contiguous() -  name: orbit_info_crossing_time
1692903325,1556,timing,elapsed_us,18164,start_us,1692903325203214,stop_us,1692903325221378,-,DmrppArray::read_contiguous() -  name: orbit_info_rgt
1692903325,1556,timing,elapsed_us,18837,start_us,1692903325243592,stop_us,1692903325262429,-,DmrppArray::read_contiguous() -  name: gt1r_land_segments_latitude
1692903325,1556,timing,elapsed_us,209,start_us,1692903325638939,stop_us,1692903325639148,-,BESInterface::execute_request
1692903325,1556,timing,elapsed_us,21966,start_us,1692903325221532,stop_us,1692903325243498,-,DmrppArray::read_contiguous() -  name: gt1r_land_segments_longitude
1692903325,1556,timing,elapsed_us,2338971,start_us,1692903322693748,stop_us,1692903325032719,-,CurlUtils::retrieve_effective_url() -  Following Redirects Starting With: https://data.nsidc.uat.earthdatacloud.nasa.gov/nsidc-cumulus-uat-protected/ATLAS/ATL08/005/2020/01/01/ATL08_20200101145654_00900605_005_01.h5
1692903325,1556,timing,elapsed_us,237,start_us,1692903325638935,stop_us,1692903325639172,-,BESServerHandler::execute
1692903325,1556,timing,elapsed_us,2407917,start_us,1692903322693697,stop_us,1692903325101614,-,DmrppArray::read_contiguous() -  name: gt1l_land_segments_delta_time
1692903325,1556,timing,elapsed_us,26058,start_us,1692903325294118,stop_us,1692903325320176,-,DmrppArray::read_contiguous() -  name: gt2r_land_segments_latitude
1692903325,1556,timing,elapsed_us,27615,start_us,1692903325564310,stop_us,1692903325591925,-,DmrppArray::read_contiguous() -  name: gt3r_land_segments_longitude
1692903325,1556,timing,elapsed_us,2945207,start_us,1692903322692326,stop_us,1692903325637533,-,BESDapResponseBuilder::serialize_dap4_data() - Timer
1692903325,1556,timing,elapsed_us,2945471,start_us,1692903322692081,stop_us,1692903325637552,http-nio-8080-exec-3:31[bes_client:/-2],get dap for d1 return as dap2; transmitting
1692903325,1556,timing,elapsed_us,30712,start_us,1692903325439384,stop_us,1692903325470096,-,DmrppArray::read_contiguous() -  name: gt3l_land_segments_latitude
1692903325,1556,timing,elapsed_us,31447,start_us,1692903325262521,stop_us,1692903325293968,-,DmrppArray::read_contiguous() -  name: gt2r_land_segments_longitude
1692903325,1556,timing,elapsed_us,31709,start_us,1692903325360968,stop_us,1692903325392677,-,DmrppArray::read_contiguous() -  name: gt1l_land_segments_latitude
1692903325,1556,timing,elapsed_us,40536,start_us,1692903325320260,stop_us,1692903325360796,-,DmrppArray::read_contiguous() -  name: gt1l_land_segments_longitude
1692903325,1556,timing,elapsed_us,45258,start_us,1692903325592087,stop_us,1692903325637345,-,DmrppArray::read_contiguous() -  name: gt3r_land_segments_latitude
1692903325,1556,timing,elapsed_us,46449,start_us,1692903325392849,stop_us,1692903325439298,-,DmrppArray::read_contiguous() -  name: gt3l_land_segments_longitude
1692903325,1556,timing,elapsed_us,5608819,start_us,1692903320028750,stop_us,1692903325637569,-,BESInterface::execute_request
1692903325,1556,timing,elapsed_us,5610197,start_us,1692903320028720,stop_us,1692903325638917,-,BESServerHandler::execute
1692903325,1556,timing,elapsed_us,6,start_us,1692903325639135,stop_us,1692903325639141,client: /-2:107,show status; transmitting
1692903325,1556,timing,elapsed_us,77308,start_us,1692903325470169,stop_us,1692903325547477,-,DmrppArray::read_contiguous() -  name: gt2l_land_segments_longitude
1692903343,1556,timing,elapsed_us,211807,start_us,1692903343342058,stop_us,1692903343553865,-,RemoteResource::get_url() - source url: https://cmr.uat.earthdata.nasa.gov/search/granules.umm_json_v1_4?collection_concept_id=C1241426907-NSIDC_CUAT&granule_ur=ATL08_20200101145654_00900605_005_01.h5
1692903343,1556,timing,elapsed_us,5,start_us,1692903343554728,stop_us,1692903343554733,http-nio-8080-exec-3:31[bes_client:/-2],define d1 in default as ngapContainer with ngapContainer.dap4constraint="/orbit_info_rgt;/orbit_info_crossing_time;/gt3r_land_segments_latitude[0:64:];/gt3r_land_segments_longitude[0:64:];/gt3r_land_segments_delta_time[0:64:];/gt3l_land_segments_latitude[0:64:];/gt3l_land_segments_longitude[0:64:];/gt3l_land_segments_delta_time[0:64:];/gt2r_land_segments_latitude[0:64:];/gt2r_land_segments_longitude[0:64:];/gt2r_land_segments_delta_time[0:64:];/gt2l_land_segments_latitude[0:64:];/gt2l_land_segments_longitude[0:64:];/gt2l_land_segments_delta_time[0:64:];/gt1r_land_segments_latitude[0:64:];/gt1r_land_segments_longitude[0:64:];/gt1r_land_segments_delta_time[0:64:];/gt1l_land_segments_latitude[0:64:];/gt1l_land_segments_longitude[0:64:];/gt1l_land_segments_delta_time[0:64:]"; transmitting
1692903343,1556,timing,elapsed_us,7,start_us,1692903343554347,stop_us,1692903343554354,http-nio-8080-exec-3:31[bes_client:/-2],set container in ngap values ngapContainer,collections/C1241426907-NSIDC_CUAT/granules/ATL08_20200101145654_00900605_005_01.h5; transmitting
1692903345,1556,timing,elapsed_us,17214,start_us,1692903345979347,stop_us,1692903345996561,-,DmrppArray::read_contiguous() -  name: gt1r_land_segments_delta_time
1692903345,1556,timing,elapsed_us,2332022,start_us,1692903343555615,stop_us,1692903345887637,-,RemoteResource::get_url() - source url: https://data.nsidc.uat.earthdatacloud.nasa.gov/nsidc-cumulus-uat-protected/ATLAS/ATL08/005/2020/01/01/ATL08_20200101145654_00900605_005_01.h5.dmrpp
1692903345,1556,timing,elapsed_us,71298,start_us,1692903345907958,stop_us,1692903345979256,-,DmrppArray::read_contiguous() -  name: gt1l_land_segments_delta_time
1692903346,1556,timing,elapsed_us,15814,start_us,1692903346458159,stop_us,1692903346473973,-,DmrppArray::read_contiguous() -  name: gt3r_land_segments_latitude
1692903346,1556,timing,elapsed_us,16002,start_us,1692903346222140,stop_us,1692903346238142,-,DmrppArray::read_contiguous() -  name: gt2r_land_segments_latitude
1692903346,1556,timing,elapsed_us,16238,start_us,1692903346205821,stop_us,1692903346222059,-,DmrppArray::read_contiguous() -  name: gt2r_land_segments_longitude
1692903346,1556,timing,elapsed_us,17053,start_us,1692903346037198,stop_us,1692903346054251,-,DmrppArray::read_contiguous() -  name: gt3l_land_segments_delta_time
1692903346,1556,timing,elapsed_us,17450,start_us,1692903345996656,stop_us,1692903346014106,-,DmrppArray::read_contiguous() -  name: gt2l_land_segments_delta_time
1692903346,1556,timing,elapsed_us,17850,start_us,1692903346054328,stop_us,1692903346072178,-,DmrppArray::read_contiguous() -  name: gt3r_land_segments_delta_time
1692903346,1556,timing,elapsed_us,18300,start_us,1692903346263769,stop_us,1692903346282069,-,DmrppArray::read_contiguous() -  name: gt1l_land_segments_latitude
1692903346,1556,timing,elapsed_us,18757,start_us,1692903346282148,stop_us,1692903346300905,-,DmrppArray::read_contiguous() -  name: gt3l_land_segments_longitude
1692903346,1556,timing,elapsed_us,18783,start_us,1692903346329276,stop_us,1692903346348059,-,DmrppArray::read_contiguous() -  name: gt2l_land_segments_longitude
1692903346,1556,timing,elapsed_us,201,start_us,1692903346475316,stop_us,1692903346475517,-,BESInterface::execute_request
1692903346,1556,timing,elapsed_us,21695,start_us,1692903346184014,stop_us,1692903346205709,-,DmrppArray::read_contiguous() -  name: gt1r_land_segments_latitude
1692903346,1556,timing,elapsed_us,227,start_us,1692903346475313,stop_us,1692903346475540,-,BESServerHandler::execute
1692903346,1556,timing,elapsed_us,22930,start_us,1692903346014190,stop_us,1692903346037120,-,DmrppArray::read_contiguous() -  name: gt2r_land_segments_delta_time
1692903346,1556,timing,elapsed_us,25409,start_us,1692903346238215,stop_us,1692903346263624,-,DmrppArray::read_contiguous() -  name: gt1l_land_segments_longitude
1692903346,1556,timing,elapsed_us,27678,start_us,1692903346156180,stop_us,1692903346183858,-,DmrppArray::read_contiguous() -  name: gt1r_land_segments_longitude
1692903346,1556,timing,elapsed_us,28162,start_us,1692903346300995,stop_us,1692903346329157,-,DmrppArray::read_contiguous() -  name: gt3l_land_segments_latitude
1692903346,1556,timing,elapsed_us,3137378,start_us,1692903343336784,stop_us,1692903346474162,-,BESInterface::execute_request
1692903346,1556,timing,elapsed_us,3138541,start_us,1692903343336754,stop_us,1692903346475295,-,BESServerHandler::execute
1692903346,1556,timing,elapsed_us,36137,start_us,1692903346421942,stop_us,1692903346458079,-,DmrppArray::read_contiguous() -  name: gt3r_land_segments_longitude
1692903346,1556,timing,elapsed_us,40210,start_us,1692903346072255,stop_us,1692903346112465,-,DmrppArray::read_contiguous() -  name: orbit_info_crossing_time
1692903346,1556,timing,elapsed_us,43352,start_us,1692903346112666,stop_us,1692903346156018,-,DmrppArray::read_contiguous() -  name: orbit_info_rgt
1692903346,1556,timing,elapsed_us,567468,start_us,1692903345906674,stop_us,1692903346474142,-,BESDapResponseBuilder::serialize_dap4_data() - Timer
1692903346,1556,timing,elapsed_us,567730,start_us,1692903345906425,stop_us,1692903346474155,http-nio-8080-exec-3:31[bes_client:/-2],get dap for d1 return as dap2; transmitting
1692903346,1556,timing,elapsed_us,7,start_us,1692903346475502,stop_us,1692903346475509,client: /-2:109,show status; transmitting
1692903346,1556,timing,elapsed_us,73639,start_us,1692903346348133,stop_us,1692903346421772,-,DmrppArray::read_contiguous() -  name: gt2l_land_segments_latitude
1692903378,1556,timing,elapsed_us,230702,start_us,1692903378033629,stop_us,1692903378264331,-,RemoteResource::get_url() - source url: https://cmr.uat.earthdata.nasa.gov/search/granules.umm_json_v1_4?collection_concept_id=C1241426907-NSIDC_CUAT&granule_ur=ATL08_20200101145654_00900605_005_01.h5
1692903378,1556,timing,elapsed_us,8,start_us,1692903378264790,stop_us,1692903378264798,http-nio-8080-exec-10:38[bes_client:/-2],set container in ngap values ngapContainer,collections/C1241426907-NSIDC_CUAT/granules/ATL08_20200101145654_00900605_005_01.h5; transmitting
1692903378,1556,timing,elapsed_us,9,start_us,1692903378265179,stop_us,1692903378265188,http-nio-8080-exec-10:38[bes_client:/-2],define d1 in default as ngapContainer with ngapContainer.dap4constraint="/orbit_info_rgt;/orbit_info_crossing_time;/gt3r_land_segments_latitude[0:64:];/gt3r_land_segments_longitude[0:64:];/gt3r_land_segments_delta_time[0:64:];/gt3l_land_segments_latitude[0:64:];/gt3l_land_segments_longitude[0:64:];/gt3l_land_segments_delta_time[0:64:];/gt2r_land_segments_latitude[0:64:];/gt2r_land_segments_longitude[0:64:];/gt2r_land_segments_delta_time[0:64:];/gt2l_land_segments_latitude[0:64:];/gt2l_land_segments_longitude[0:64:];/gt2l_land_segments_delta_time[0:64:];/gt1r_land_segments_latitude[0:64:];/gt1r_land_segments_longitude[0:64:];/gt1r_land_segments_delta_time[0:64:];/gt1l_land_segments_latitude[0:64:];/gt1l_land_segments_longitude[0:64:];/gt1l_land_segments_delta_time[0:64:]"; transmitting
1692903380,1556,timing,elapsed_us,104462,start_us,1692903380709400,stop_us,1692903380813862,-,DmrppArray::read_contiguous() -  name: gt1r_land_segments_delta_time
1692903380,1556,timing,elapsed_us,125072,start_us,1692903380814043,stop_us,1692903380939115,-,DmrppArray::read_contiguous() -  name: gt2l_land_segments_delta_time
1692903380,1556,timing,elapsed_us,2356218,start_us,1692903378266039,stop_us,1692903380622257,-,RemoteResource::get_url() - source url: https://data.nsidc.uat.earthdatacloud.nasa.gov/nsidc-cumulus-uat-protected/ATLAS/ATL08/005/2020/01/01/ATL08_20200101145654_00900605_005_01.h5.dmrpp
1692903380,1556,timing,elapsed_us,53664,start_us,1692903380939307,stop_us,1692903380992971,-,DmrppArray::read_contiguous() -  name: gt2r_land_segments_delta_time
1692903380,1556,timing,elapsed_us,67021,start_us,1692903380642246,stop_us,1692903380709267,-,DmrppArray::read_contiguous() -  name: gt1l_land_segments_delta_time
1692903381,1556,timing,elapsed_us,100221,start_us,1692903380993159,stop_us,1692903381093380,-,DmrppArray::read_contiguous() -  name: gt3l_land_segments_delta_time
1692903381,1556,timing,elapsed_us,16048,start_us,1692903381419474,stop_us,1692903381435522,-,DmrppArray::read_contiguous() -  name: gt1l_land_segments_longitude
1692903381,1556,timing,elapsed_us,17029,start_us,1692903381504267,stop_us,1692903381521296,-,DmrppArray::read_contiguous() -  name: gt2l_land_segments_longitude
1692903381,1556,timing,elapsed_us,187,start_us,1692903381621965,stop_us,1692903381622152,-,BESInterface::execute_request
1692903381,1556,timing,elapsed_us,18763,start_us,1692903381485358,stop_us,1692903381504121,-,DmrppArray::read_contiguous() -  name: gt3l_land_segments_latitude
1692903381,1556,timing,elapsed_us,19399,start_us,1692903381559906,stop_us,1692903381579305,-,DmrppArray::read_contiguous() -  name: gt3r_land_segments_longitude
1692903381,1556,timing,elapsed_us,19709,start_us,1692903381295485,stop_us,1692903381315194,-,DmrppArray::read_contiguous() -  name: gt1r_land_segments_longitude
1692903381,1556,timing,elapsed_us,20541,start_us,1692903381435636,stop_us,1692903381456177,-,DmrppArray::read_contiguous() -  name: gt1l_land_segments_latitude
1692903381,1556,timing,elapsed_us,215,start_us,1692903381621961,stop_us,1692903381622176,-,BESServerHandler::execute
1692903381,1556,timing,elapsed_us,22846,start_us,1692903381396559,stop_us,1692903381419405,-,DmrppArray::read_contiguous() -  name: gt2r_land_segments_latitude
1692903381,1556,timing,elapsed_us,25935,start_us,1692903381370557,stop_us,1692903381396492,-,DmrppArray::read_contiguous() -  name: gt2r_land_segments_longitude
1692903381,1556,timing,elapsed_us,28921,start_us,1692903381456263,stop_us,1692903381485184,-,DmrppArray::read_contiguous() -  name: gt3l_land_segments_longitude
1692903381,1556,timing,elapsed_us,3591821,start_us,1692903378028748,stop_us,1692903381620569,-,BESInterface::execute_request
1692903381,1556,timing,elapsed_us,3593218,start_us,1692903378028719,stop_us,1692903381621937,-,BESServerHandler::execute
1692903381,1556,timing,elapsed_us,38344,start_us,1692903381521397,stop_us,1692903381559741,-,DmrppArray::read_contiguous() -  name: gt2l_land_segments_latitude
1692903381,1556,timing,elapsed_us,41024,start_us,1692903381579410,stop_us,1692903381620434,-,DmrppArray::read_contiguous() -  name: gt3r_land_segments_latitude
1692903381,1556,timing,elapsed_us,46098,start_us,1692903381249208,stop_us,1692903381295306,-,DmrppArray::read_contiguous() -  name: orbit_info_rgt
1692903381,1556,timing,elapsed_us,55113,start_us,1692903381315365,stop_us,1692903381370478,-,DmrppArray::read_contiguous() -  name: gt1r_land_segments_latitude
1692903381,1556,timing,elapsed_us,6,start_us,1692903381622139,stop_us,1692903381622145,client: /-2:111,show status; transmitting
1692903381,1556,timing,elapsed_us,65614,start_us,1692903381093471,stop_us,1692903381159085,-,DmrppArray::read_contiguous() -  name: gt3r_land_segments_delta_time
1692903381,1556,timing,elapsed_us,89880,start_us,1692903381159158,stop_us,1692903381249038,-,DmrppArray::read_contiguous() -  name: orbit_info_crossing_time
1692903381,1556,timing,elapsed_us,979587,start_us,1692903380640962,stop_us,1692903381620549,-,BESDapResponseBuilder::serialize_dap4_data() - Timer
1692903381,1556,timing,elapsed_us,979854,start_us,1692903380640708,stop_us,1692903381620562,http-nio-8080-exec-10:38[bes_client:/-2],get dap for d1 return as dap2; transmitting
1692903424,1556,timing,elapsed_us,13,start_us,1692903424360247,stop_us,1692903424360260,http-nio-8080-exec-3:31[bes_client:/-2],define d1 in default as ngapContainer with ngapContainer.dap4constraint="/orbit_info_rgt;/orbit_info_crossing_time;/gt3r_freeboard_beam_segment_beam_freeboard_latitude[0:2048:];/gt3r_freeboard_beam_segment_beam_freeboard_longitude[0:2048:];/gt3r_freeboard_beam_segment_beam_freeboard_delta_time[0:2048:];/gt3l_freeboard_beam_segment_beam_freeboard_latitude[0:2048:];/gt3l_freeboard_beam_segment_beam_freeboard_longitude[0:2048:];/gt3l_freeboard_beam_segment_beam_freeboard_delta_time[0:2048:];/gt2r_freeboard_beam_segment_beam_freeboard_latitude[0:2048:];/gt2r_freeboard_beam_segment_beam_freeboard_longitude[0:2048:];/gt2r_freeboard_beam_segment_beam_freeboard_delta_time[0:2048:];/gt2l_freeboard_beam_segment_beam_freeboard_latitude[0:2048:];/gt2l_freeboard_beam_segment_beam_freeboard_longitude[0:2048:];/gt2l_freeboard_beam_segment_beam_freeboard_delta_time[0:2048:];/gt1r_freeboard_beam_segment_beam_freeboard_latitude[0:2048:];/gt1r_freeboard_beam_segment_beam_freeboard_longitude[0:2048:];/gt1r_freeboard_beam_segment_beam_freeboard_delta_time[0:2048:];/gt1l_freeboard_beam_segment_beam_freeboard_latitude[0:2048:];/gt1l_freeboard_beam_segment_beam_freeboard_longitude[0:2048:];/gt1l_freeboard_beam_segment_beam_freeboard_delta_time[0:2048:]"; transmitting
1692903424,1556,timing,elapsed_us,217494,start_us,1692903424141890,stop_us,1692903424359384,-,RemoteResource::get_url() - source url: https://cmr.uat.earthdata.nasa.gov/search/granules.umm_json_v1_4?collection_concept_id=C1241426950-NSIDC_CUAT&granule_ur=ATL10-01_20200101002212_00810601_005_02.h5
1692903424,1556,timing,elapsed_us,7,start_us,1692903424359826,stop_us,1692903424359833,http-nio-8080-exec-3:31[bes_client:/-2],set container in ngap values ngapContainer,collections/C1241426950-NSIDC_CUAT/granules/ATL10-01_20200101002212_00810601_005_02.h5; transmitting
1692903426,1556,timing,elapsed_us,2400783,start_us,1692903424361245,stop_us,1692903426762028,-,RemoteResource::get_url() - source url: https://data.nsidc.uat.earthdatacloud.nasa.gov/nsidc-cumulus-uat-protected/ATLAS/ATL10/005/2020/01/01/ATL10-01_20200101002212_00810601_005_02.h5.dmrpp
1692903429,1556,timing,elapsed_us,122978,start_us,1692903429205431,stop_us,1692903429328409,-,DmrppArray::read_super_chunks_concurrent() -  name: gt1r_freeboard_beam_segment_beam_freeboard_delta_time
1692903429,1556,timing,elapsed_us,137768,start_us,1692903429400418,stop_us,1692903429538186,-,DmrppArray::read_super_chunks_concurrent() -  name: gt2r_freeboard_beam_segment_beam_freeboard_delta_time
1692903429,1556,timing,elapsed_us,141272,start_us,1692903429062957,stop_us,1692903429204229,-,DmrppArray::read_super_chunks_concurrent() -  name: gt1l_freeboard_beam_segment_beam_freeboard_delta_time
1692903429,1556,timing,elapsed_us,153090,start_us,1692903429539047,stop_us,1692903429692137,-,DmrppArray::read_super_chunks_concurrent() -  name: gt3l_freeboard_beam_segment_beam_freeboard_delta_time
1692903429,1556,timing,elapsed_us,168111,start_us,1692903429692914,stop_us,1692903429861025,-,DmrppArray::read_super_chunks_concurrent() -  name: gt3r_freeboard_beam_segment_beam_freeboard_delta_time
1692903429,1556,timing,elapsed_us,19084,start_us,1692903429882297,stop_us,1692903429901381,-,DmrppArray::read_contiguous() -  name: orbit_info_rgt
1692903429,1556,timing,elapsed_us,20993,start_us,1692903429861153,stop_us,1692903429882146,-,DmrppArray::read_contiguous() -  name: orbit_info_crossing_time
1692903429,1556,timing,elapsed_us,2286442,start_us,1692903426774034,stop_us,1692903429060476,-,CurlUtils::retrieve_effective_url() -  Following Redirects Starting With: https://data.nsidc.uat.earthdatacloud.nasa.gov/nsidc-cumulus-uat-protected/ATLAS/ATL10/005/2020/01/01/ATL10-01_20200101002212_00810601_005_02.h5
1692903429,1556,timing,elapsed_us,70713,start_us,1692903429329032,stop_us,1692903429399745,-,DmrppArray::read_super_chunks_concurrent() -  name: gt2l_freeboard_beam_segment_beam_freeboard_delta_time
1692903430,1556,timing,elapsed_us,133873,start_us,1692903430205022,stop_us,1692903430338895,-,DmrppArray::read_super_chunks_concurrent() -  name: gt2r_freeboard_beam_segment_beam_freeboard_longitude
1692903430,1556,timing,elapsed_us,186274,start_us,1692903430378605,stop_us,1692903430564879,-,DmrppArray::read_super_chunks_concurrent() -  name: gt1l_freeboard_beam_segment_beam_freeboard_longitude
1692903430,1556,timing,elapsed_us,214,start_us,1692903430951146,stop_us,1692903430951360,-,BESInterface::execute_request
1692903430,1556,timing,elapsed_us,245,start_us,1692903430951141,stop_us,1692903430951386,-,BESServerHandler::execute
1692903430,1556,timing,elapsed_us,259780,start_us,1692903429902527,stop_us,1692903430162307,-,DmrppArray::read_super_chunks_concurrent() -  name: gt1r_freeboard_beam_segment_beam_freeboard_longitude
1692903430,1556,timing,elapsed_us,36859,start_us,1692903430872967,stop_us,1692903430909826,-,DmrppArray::read_super_chunks_concurrent() -  name: gt3r_freeboard_beam_segment_beam_freeboard_longitude
1692903430,1556,timing,elapsed_us,36971,start_us,1692903430835229,stop_us,1692903430872200,-,DmrppArray::read_super_chunks_concurrent() -  name: gt2l_freeboard_beam_segment_beam_freeboard_latitude
1692903430,1556,timing,elapsed_us,38268,start_us,1692903430339587,stop_us,1692903430377855,-,DmrppArray::read_super_chunks_concurrent() -  name: gt2r_freeboard_beam_segment_beam_freeboard_latitude
1692903430,1556,timing,elapsed_us,38652,start_us,1692903430910529,stop_us,1692903430949181,-,DmrppArray::read_super_chunks_concurrent() -  name: gt3r_freeboard_beam_segment_beam_freeboard_latitude
1692903430,1556,timing,elapsed_us,41231,start_us,1692903430163161,stop_us,1692903430204392,-,DmrppArray::read_super_chunks_concurrent() -  name: gt1r_freeboard_beam_segment_beam_freeboard_latitude
1692903430,1556,timing,elapsed_us,4176651,start_us,1692903426772708,stop_us,1692903430949359,-,BESDapResponseBuilder::serialize_dap4_data() - Timer
1692903430,1556,timing,elapsed_us,4176920,start_us,1692903426772463,stop_us,1692903430949383,http-nio-8080-exec-3:31[bes_client:/-2],get dap for d1 return as dap2; transmitting
1692903430,1556,timing,elapsed_us,55239,start_us,1692903430565589,stop_us,1692903430620828,-,DmrppArray::read_super_chunks_concurrent() -  name: gt1l_freeboard_beam_segment_beam_freeboard_latitude
1692903430,1556,timing,elapsed_us,55285,start_us,1692903430621509,stop_us,1692903430676794,-,DmrppArray::read_super_chunks_concurrent() -  name: gt3l_freeboard_beam_segment_beam_freeboard_longitude
1692903430,1556,timing,elapsed_us,6,start_us,1692903430951334,stop_us,1692903430951340,client: /-2:113,show status; transmitting
1692903430,1556,timing,elapsed_us,6812629,start_us,1692903424136768,stop_us,1692903430949397,-,BESInterface::execute_request
1692903430,1556,timing,elapsed_us,6814384,start_us,1692903424136731,stop_us,1692903430951115,-,BESServerHandler::execute
1692903430,1556,timing,elapsed_us,75770,start_us,1692903430758872,stop_us,1692903430834642,-,DmrppArray::read_super_chunks_concurrent() -  name: gt2l_freeboard_beam_segment_beam_freeboard_longitude
1692903430,1556,timing,elapsed_us,80762,start_us,1692903430677547,stop_us,1692903430758309,-,DmrppArray::read_super_chunks_concurrent() -  name: gt3l_freeboard_beam_segment_beam_freeboard_latitude
1692903497,1556,timing,elapsed_us,196757,start_us,1692903497065451,stop_us,1692903497262208,-,RemoteResource::get_url() - source url: https://cmr.uat.earthdata.nasa.gov/search/granules.umm_json_v1_4?collection_concept_id=C1241426950-NSIDC_CUAT&granule_ur=ATL10-01_20200101002212_00810601_005_02.h5
1692903497,1556,timing,elapsed_us,6,start_us,1692903497262436,stop_us,1692903497262442,http-nio-8080-exec-8:36[bes_client:/-2],set container in ngap values ngapContainer,collections/C1241426950-NSIDC_CUAT/granules/ATL10-01_20200101002212_00810601_005_02.h5; transmitting
1692903497,1556,timing,elapsed_us,9,start_us,1692903497262738,stop_us,1692903497262747,http-nio-8080-exec-8:36[bes_client:/-2],define d1 in default as ngapContainer with ngapContainer.dap4constraint="/orbit_info_rgt;/orbit_info_crossing_time;/gt3r_freeboard_beam_segment_beam_freeboard_latitude[0:2048:];/gt3r_freeboard_beam_segment_beam_freeboard_longitude[0:2048:];/gt3r_freeboard_beam_segment_beam_freeboard_delta_time[0:2048:];/gt3l_freeboard_beam_segment_beam_freeboard_latitude[0:2048:];/gt3l_freeboard_beam_segment_beam_freeboard_longitude[0:2048:];/gt3l_freeboard_beam_segment_beam_freeboard_delta_time[0:2048:];/gt2r_freeboard_beam_segment_beam_freeboard_latitude[0:2048:];/gt2r_freeboard_beam_segment_beam_freeboard_longitude[0:2048:];/gt2r_freeboard_beam_segment_beam_freeboard_delta_time[0:2048:];/gt2l_freeboard_beam_segment_beam_freeboard_latitude[0:2048:];/gt2l_freeboard_beam_segment_beam_freeboard_longitude[0:2048:];/gt2l_freeboard_beam_segment_beam_freeboard_delta_time[0:2048:];/gt1r_freeboard_beam_segment_beam_freeboard_latitude[0:2048:];/gt1r_freeboard_beam_segment_beam_freeboard_longitude[0:2048:];/gt1r_freeboard_beam_segment_beam_freeboard_delta_time[0:2048:];/gt1l_freeboard_beam_segment_beam_freeboard_latitude[0:2048:];/gt1l_freeboard_beam_segment_beam_freeboard_longitude[0:2048:];/gt1l_freeboard_beam_segment_beam_freeboard_delta_time[0:2048:]"; transmitting
1692903499,1556,timing,elapsed_us,109181,start_us,1692903499728846,stop_us,1692903499838027,-,DmrppArray::read_super_chunks_concurrent() -  name: gt2l_freeboard_beam_segment_beam_freeboard_delta_time
1692903499,1556,timing,elapsed_us,2327780,start_us,1692903497263659,stop_us,1692903499591439,-,RemoteResource::get_url() - source url: https://data.nsidc.uat.earthdatacloud.nasa.gov/nsidc-cumulus-uat-protected/ATLAS/ATL10/005/2020/01/01/ATL10-01_20200101002212_00810601_005_02.h5.dmrpp
1692903499,1556,timing,elapsed_us,30408,start_us,1692903499697823,stop_us,1692903499728231,-,DmrppArray::read_super_chunks_concurrent() -  name: gt1r_freeboard_beam_segment_beam_freeboard_delta_time
1692903499,1556,timing,elapsed_us,31058,start_us,1692903499838627,stop_us,1692903499869685,-,DmrppArray::read_super_chunks_concurrent() -  name: gt2r_freeboard_beam_segment_beam_freeboard_delta_time
1692903499,1556,timing,elapsed_us,32953,start_us,1692903499870540,stop_us,1692903499903493,-,DmrppArray::read_super_chunks_concurrent() -  name: gt3l_freeboard_beam_segment_beam_freeboard_delta_time
1692903499,1556,timing,elapsed_us,52984,start_us,1692903499904250,stop_us,1692903499957234,-,DmrppArray::read_super_chunks_concurrent() -  name: gt3r_freeboard_beam_segment_beam_freeboard_delta_time
1692903499,1556,timing,elapsed_us,91584,start_us,1692903499605506,stop_us,1692903499697090,-,DmrppArray::read_super_chunks_concurrent() -  name: gt1l_freeboard_beam_segment_beam_freeboard_delta_time
1692903500,1556,timing,elapsed_us,223,start_us,1692903500604538,stop_us,1692903500604761,-,BESInterface::execute_request
1692903500,1556,timing,elapsed_us,252,start_us,1692903500604534,stop_us,1692903500604786,-,BESServerHandler::execute
1692903500,1556,timing,elapsed_us,32752,start_us,1692903500434722,stop_us,1692903500467474,-,DmrppArray::read_super_chunks_concurrent() -  name: gt2l_freeboard_beam_segment_beam_freeboard_longitude
1692903500,1556,timing,elapsed_us,33748,start_us,1692903500005698,stop_us,1692903500039446,-,DmrppArray::read_contiguous() -  name: orbit_info_rgt
1692903500,1556,timing,elapsed_us,3541892,start_us,1692903497060793,stop_us,1692903500602685,-,BESInterface::execute_request
1692903500,1556,timing,elapsed_us,3543756,start_us,1692903497060755,stop_us,1692903500604511,-,BESServerHandler::execute
1692903500,1556,timing,elapsed_us,37591,start_us,1692903500040360,stop_us,1692903500077951,-,DmrppArray::read_super_chunks_concurrent() -  name: gt1r_freeboard_beam_segment_beam_freeboard_longitude
1692903500,1556,timing,elapsed_us,39122,start_us,1692903500395036,stop_us,1692903500434158,-,DmrppArray::read_super_chunks_concurrent() -  name: gt3l_freeboard_beam_segment_beam_freeboard_latitude
1692903500,1556,timing,elapsed_us,40044,start_us,1692903500354307,stop_us,1692903500394351,-,DmrppArray::read_super_chunks_concurrent() -  name: gt3l_freeboard_beam_segment_beam_freeboard_longitude
1692903500,1556,timing,elapsed_us,40765,start_us,1692903500561732,stop_us,1692903500602497,-,DmrppArray::read_super_chunks_concurrent() -  name: gt3r_freeboard_beam_segment_beam_freeboard_latitude
1692903500,1556,timing,elapsed_us,41497,start_us,1692903500468048,stop_us,1692903500509545,-,DmrppArray::read_super_chunks_concurrent() -  name: gt2l_freeboard_beam_segment_beam_freeboard_latitude
1692903500,1556,timing,elapsed_us,42127,start_us,1692903500311493,stop_us,1692903500353620,-,DmrppArray::read_super_chunks_concurrent() -  name: gt1l_freeboard_beam_segment_beam_freeboard_latitude
1692903500,1556,timing,elapsed_us,48219,start_us,1692903499957316,stop_us,1692903500005535,-,DmrppArray::read_contiguous() -  name: orbit_info_crossing_time
1692903500,1556,timing,elapsed_us,50764,start_us,1692903500510293,stop_us,1692903500561057,-,DmrppArray::read_super_chunks_concurrent() -  name: gt3r_freeboard_beam_segment_beam_freeboard_longitude
1692903500,1556,timing,elapsed_us,54101,start_us,1692903500256552,stop_us,1692903500310653,-,DmrppArray::read_super_chunks_concurrent() -  name: gt1l_freeboard_beam_segment_beam_freeboard_longitude
1692903500,1556,timing,elapsed_us,54395,start_us,1692903500201323,stop_us,1692903500255718,-,DmrppArray::read_super_chunks_concurrent() -  name: gt2r_freeboard_beam_segment_beam_freeboard_latitude
1692903500,1556,timing,elapsed_us,59133,start_us,1692903500141624,stop_us,1692903500200757,-,DmrppArray::read_super_chunks_concurrent() -  name: gt2r_freeboard_beam_segment_beam_freeboard_longitude
1692903500,1556,timing,elapsed_us,62400,start_us,1692903500078651,stop_us,1692903500141051,-,DmrppArray::read_super_chunks_concurrent() -  name: gt1r_freeboard_beam_segment_beam_freeboard_latitude
1692903500,1556,timing,elapsed_us,8,start_us,1692903500604741,stop_us,1692903500604749,client: /-2:115,show status; transmitting
1692903500,1556,timing,elapsed_us,999022,start_us,1692903499603633,stop_us,1692903500602655,-,BESDapResponseBuilder::serialize_dap4_data() - Timer
1692903500,1556,timing,elapsed_us,999277,start_us,1692903499603397,stop_us,1692903500602674,http-nio-8080-exec-8:36[bes_client:/-2],get dap for d1 return as dap2; transmitting
1692903526,1556,timing,elapsed_us,368829,start_us,1692903526425497,stop_us,1692903526794326,-,RemoteResource::get_url() - source url: https://cmr.uat.earthdata.nasa.gov/search/granules.umm_json_v1_4?collection_concept_id=C1241426950-NSIDC_CUAT&granule_ur=ATL10-01_20200101002212_00810601_005_02.h5
1692903526,1556,timing,elapsed_us,7,start_us,1692903526794816,stop_us,1692903526794823,http-nio-8080-exec-10:38[bes_client:/-2],set container in ngap values ngapContainer,collections/C1241426950-NSIDC_CUAT/granules/ATL10-01_20200101002212_00810601_005_02.h5; transmitting
1692903526,1556,timing,elapsed_us,9,start_us,1692903526795116,stop_us,1692903526795125,http-nio-8080-exec-10:38[bes_client:/-2],define d1 in default as ngapContainer with ngapContainer.dap4constraint="/orbit_info_rgt;/orbit_info_crossing_time;/gt3r_freeboard_beam_segment_beam_freeboard_latitude[0:2048:];/gt3r_freeboard_beam_segment_beam_freeboard_longitude[0:2048:];/gt3r_freeboard_beam_segment_beam_freeboard_delta_time[0:2048:];/gt3l_freeboard_beam_segment_beam_freeboard_latitude[0:2048:];/gt3l_freeboard_beam_segment_beam_freeboard_longitude[0:2048:];/gt3l_freeboard_beam_segment_beam_freeboard_delta_time[0:2048:];/gt2r_freeboard_beam_segment_beam_freeboard_latitude[0:2048:];/gt2r_freeboard_beam_segment_beam_freeboard_longitude[0:2048:];/gt2r_freeboard_beam_segment_beam_freeboard_delta_time[0:2048:];/gt2l_freeboard_beam_segment_beam_freeboard_latitude[0:2048:];/gt2l_freeboard_beam_segment_beam_freeboard_longitude[0:2048:];/gt2l_freeboard_beam_segment_beam_freeboard_delta_time[0:2048:];/gt1r_freeboard_beam_segment_beam_freeboard_latitude[0:2048:];/gt1r_freeboard_beam_segment_beam_freeboard_longitude[0:2048:];/gt1r_freeboard_beam_segment_beam_freeboard_delta_time[0:2048:];/gt1l_freeboard_beam_segment_beam_freeboard_latitude[0:2048:];/gt1l_freeboard_beam_segment_beam_freeboard_longitude[0:2048:];/gt1l_freeboard_beam_segment_beam_freeboard_delta_time[0:2048:]"; transmitting
1692903529,1556,timing,elapsed_us,3127058,start_us,1692903526796018,stop_us,1692903529923076,-,RemoteResource::get_url() - source url: https://data.nsidc.uat.earthdatacloud.nasa.gov/nsidc-cumulus-uat-protected/ATLAS/ATL10/005/2020/01/01/ATL10-01_20200101002212_00810601_005_02.h5.dmrpp
1692903530,1556,timing,elapsed_us,17077,start_us,1692903530185187,stop_us,1692903530202264,-,DmrppArray::read_contiguous() -  name: orbit_info_rgt
1692903530,1556,timing,elapsed_us,17479,start_us,1692903530167555,stop_us,1692903530185034,-,DmrppArray::read_contiguous() -  name: orbit_info_crossing_time
1692903530,1556,timing,elapsed_us,175,start_us,1692903530726875,stop_us,1692903530727050,-,BESInterface::execute_request
1692903530,1556,timing,elapsed_us,204,start_us,1692903530726871,stop_us,1692903530727075,-,BESServerHandler::execute
1692903530,1556,timing,elapsed_us,26665,start_us,1692903530045791,stop_us,1692903530072456,-,DmrppArray::read_super_chunks_concurrent() -  name: gt2l_freeboard_beam_segment_beam_freeboard_delta_time
1692903530,1556,timing,elapsed_us,29646,start_us,1692903530073101,stop_us,1692903530102747,-,DmrppArray::read_super_chunks_concurrent() -  name: gt2r_freeboard_beam_segment_beam_freeboard_delta_time
1692903530,1556,timing,elapsed_us,30250,start_us,1692903530103483,stop_us,1692903530133733,-,DmrppArray::read_super_chunks_concurrent() -  name: gt3l_freeboard_beam_segment_beam_freeboard_delta_time
1692903530,1556,timing,elapsed_us,31950,start_us,1692903530013263,stop_us,1692903530045213,-,DmrppArray::read_super_chunks_concurrent() -  name: gt1r_freeboard_beam_segment_beam_freeboard_delta_time
1692903530,1556,timing,elapsed_us,32755,start_us,1692903530603005,stop_us,1692903530635760,-,DmrppArray::read_super_chunks_concurrent() -  name: gt2l_freeboard_beam_segment_beam_freeboard_latitude
1692903530,1556,timing,elapsed_us,33052,start_us,1692903530134427,stop_us,1692903530167479,-,DmrppArray::read_super_chunks_concurrent() -  name: gt3r_freeboard_beam_segment_beam_freeboard_delta_time
1692903530,1556,timing,elapsed_us,35027,start_us,1692903530294696,stop_us,1692903530329723,-,DmrppArray::read_super_chunks_concurrent() -  name: gt2r_freeboard_beam_segment_beam_freeboard_longitude
1692903530,1556,timing,elapsed_us,35081,start_us,1692903530330289,stop_us,1692903530365370,-,DmrppArray::read_super_chunks_concurrent() -  name: gt2r_freeboard_beam_segment_beam_freeboard_latitude
1692903530,1556,timing,elapsed_us,37628,start_us,1692903530636706,stop_us,1692903530674334,-,DmrppArray::read_super_chunks_concurrent() -  name: gt3r_freeboard_beam_segment_beam_freeboard_longitude
1692903530,1556,timing,elapsed_us,37899,start_us,1692903530523912,stop_us,1692903530561811,-,DmrppArray::read_super_chunks_concurrent() -  name: gt3l_freeboard_beam_segment_beam_freeboard_latitude
1692903530,1556,timing,elapsed_us,39950,start_us,1692903530562469,stop_us,1692903530602419,-,DmrppArray::read_super_chunks_concurrent() -  name: gt2l_freeboard_beam_segment_beam_freeboard_longitude
1692903530,1556,timing,elapsed_us,42000,start_us,1692903530481232,stop_us,1692903530523232,-,DmrppArray::read_super_chunks_concurrent() -  name: gt3l_freeboard_beam_segment_beam_freeboard_longitude
1692903530,1556,timing,elapsed_us,4304555,start_us,1692903526420751,stop_us,1692903530725306,-,BESInterface::execute_request
1692903530,1556,timing,elapsed_us,4306128,start_us,1692903526420722,stop_us,1692903530726850,-,BESServerHandler::execute
1692903530,1556,timing,elapsed_us,44457,start_us,1692903530249664,stop_us,1692903530294121,-,DmrppArray::read_super_chunks_concurrent() -  name: gt1r_freeboard_beam_segment_beam_freeboard_latitude
1692903530,1556,timing,elapsed_us,45432,start_us,1692903530203392,stop_us,1692903530248824,-,DmrppArray::read_super_chunks_concurrent() -  name: gt1r_freeboard_beam_segment_beam_freeboard_longitude
1692903530,1556,timing,elapsed_us,50132,start_us,1692903530674993,stop_us,1692903530725125,-,DmrppArray::read_super_chunks_concurrent() -  name: gt3r_freeboard_beam_segment_beam_freeboard_latitude
1692903530,1556,timing,elapsed_us,50938,start_us,1692903530429566,stop_us,1692903530480504,-,DmrppArray::read_super_chunks_concurrent() -  name: gt1l_freeboard_beam_segment_beam_freeboard_latitude
1692903530,1556,timing,elapsed_us,62796,start_us,1692903530366076,stop_us,1692903530428872,-,DmrppArray::read_super_chunks_concurrent() -  name: gt1l_freeboard_beam_segment_beam_freeboard_longitude
1692903530,1556,timing,elapsed_us,7,start_us,1692903530727036,stop_us,1692903530727043,client: /-2:117,show status; transmitting
1692903530,1556,timing,elapsed_us,75742,start_us,1692903529936670,stop_us,1692903530012412,-,DmrppArray::read_super_chunks_concurrent() -  name: gt1l_freeboard_beam_segment_beam_freeboard_delta_time
1692903530,1556,timing,elapsed_us,790470,start_us,1692903529934809,stop_us,1692903530725279,-,BESDapResponseBuilder::serialize_dap4_data() - Timer
1692903530,1556,timing,elapsed_us,790718,start_us,1692903529934575,stop_us,1692903530725293,http-nio-8080-exec-10:38[bes_client:/-2],get dap for d1 return as dap2; transmitting
1692903571,1556,timing,elapsed_us,229925,start_us,1692903571304736,stop_us,1692903571534661,-,RemoteResource::get_url() - source url: https://cmr.uat.earthdata.nasa.gov/search/granules.umm_json_v1_4?collection_concept_id=C1241426998-NSIDC_CUAT&granule_ur=ATL12_20200101002212_00810601_005_02.h5
1692903571,1556,timing,elapsed_us,6,start_us,1692903571535495,stop_us,1692903571535501,http-nio-8080-exec-1:29[bes_client:/-2],define d1 in default as ngapContainer with ngapContainer.dap4constraint="/orbit_info_rgt;/orbit_info_crossing_time;/gt3r_ssh_segments_latitude[0:8:];/gt3r_ssh_segments_longitude[0:8:];/gt3r_ssh_segments_delta_time[0:8:];/gt3l_ssh_segments_latitude[0:8:];/gt3l_ssh_segments_longitude[0:8:];/gt3l_ssh_segments_delta_time[0:8:];/gt2r_ssh_segments_latitude[0:8:];/gt2r_ssh_segments_longitude[0:8:];/gt2r_ssh_segments_delta_time[0:8:];/gt2l_ssh_segments_latitude[0:8:];/gt2l_ssh_segments_longitude[0:8:];/gt2l_ssh_segments_delta_time[0:8:];/gt1r_ssh_segments_latitude[0:8:];/gt1r_ssh_segments_longitude[0:8:];/gt1r_ssh_segments_delta_time[0:8:];/gt1l_ssh_segments_latitude[0:8:];/gt1l_ssh_segments_longitude[0:8:];/gt1l_ssh_segments_delta_time[0:8:]"; transmitting
1692903571,1556,timing,elapsed_us,7,start_us,1692903571535204,stop_us,1692903571535211,http-nio-8080-exec-1:29[bes_client:/-2],set container in ngap values ngapContainer,collections/C1241426998-NSIDC_CUAT/granules/ATL12_20200101002212_00810601_005_02.h5; transmitting
1692903573,1556,timing,elapsed_us,2285375,start_us,1692903571536319,stop_us,1692903573821694,-,RemoteResource::get_url() - source url: https://data.nsidc.uat.earthdatacloud.nasa.gov/nsidc-cumulus-uat-protected/ATLAS/ATL12/005/2020/01/ATL12_20200101002212_00810601_005_02.h5.dmrpp
1692903576,1556,timing,elapsed_us,102789,start_us,1692903576538713,stop_us,1692903576641502,-,DmrppArray::read_contiguous() -  name: gt2l_ssh_segments_latitude
1692903576,1556,timing,elapsed_us,16995,start_us,1692903576807847,stop_us,1692903576824842,-,DmrppArray::read_contiguous() -  name: gt1l_ssh_segments_delta_time
1692903576,1556,timing,elapsed_us,175,start_us,1692903576947820,stop_us,1692903576947995,-,BESInterface::execute_request
1692903576,1556,timing,elapsed_us,17659,start_us,1692903576415739,stop_us,1692903576433398,-,DmrppArray::read_contiguous() -  name: gt1l_ssh_segments_latitude
1692903576,1556,timing,elapsed_us,18952,start_us,1692903576927354,stop_us,1692903576946306,-,DmrppArray::read_contiguous() -  name: orbit_info_crossing_time
1692903576,1556,timing,elapsed_us,19362,start_us,1692903576845543,stop_us,1692903576864905,-,DmrppArray::read_contiguous() -  name: gt2l_ssh_segments_delta_time
1692903576,1556,timing,elapsed_us,19373,start_us,1692903576885196,stop_us,1692903576904569,-,DmrppArray::read_contiguous() -  name: gt3l_ssh_segments_delta_time
1692903576,1556,timing,elapsed_us,20003,start_us,1692903576865051,stop_us,1692903576885054,-,DmrppArray::read_super_chunks_concurrent() -  name: gt2r_ssh_segments_delta_time
1692903576,1556,timing,elapsed_us,201,start_us,1692903576947817,stop_us,1692903576948018,-,BESServerHandler::execute
1692903576,1556,timing,elapsed_us,20366,start_us,1692903576825036,stop_us,1692903576845402,-,DmrppArray::read_super_chunks_concurrent() -  name: gt1r_ssh_segments_delta_time
1692903576,1556,timing,elapsed_us,21173,start_us,1692903576433583,stop_us,1692903576454756,-,DmrppArray::read_contiguous() -  name: gt1l_ssh_segments_longitude
1692903576,1556,timing,elapsed_us,21277,start_us,1692903576277004,stop_us,1692903576298281,-,DmrppArray::read_super_chunks_concurrent() -  name: gt1r_ssh_segments_longitude
1692903576,1556,timing,elapsed_us,22148,start_us,1692903576904886,stop_us,1692903576927034,-,DmrppArray::read_super_chunks_concurrent() -  name: gt3r_ssh_segments_delta_time
1692903576,1556,timing,elapsed_us,2290007,start_us,1692903573833510,stop_us,1692903576123517,-,CurlUtils::retrieve_effective_url() -  Following Redirects Starting With: https://data.nsidc.uat.earthdatacloud.nasa.gov/nsidc-cumulus-uat-protected/ATLAS/ATL12/005/2020/01/ATL12_20200101002212_00810601_005_02.h5
1692903576,1556,timing,elapsed_us,2371404,start_us,1692903573833461,stop_us,1692903576204865,-,DmrppArray::read_contiguous() -  name: orbit_info_rgt
1692903576,1556,timing,elapsed_us,3114628,start_us,1692903573831925,stop_us,1692903576946553,-,BESDapResponseBuilder::serialize_dap4_data() - Timer
1692903576,1556,timing,elapsed_us,3114996,start_us,1692903573831586,stop_us,1692903576946582,http-nio-8080-exec-1:29[bes_client:/-2],get dap for d1 return as dap2; transmitting
1692903576,1556,timing,elapsed_us,33714,start_us,1692903576641700,stop_us,1692903576675414,-,DmrppArray::read_contiguous() -  name: gt2l_ssh_segments_longitude
1692903576,1556,timing,elapsed_us,39490,start_us,1692903576499054,stop_us,1692903576538544,-,DmrppArray::read_contiguous() -  name: gt3l_ssh_segments_longitude
1692903576,1556,timing,elapsed_us,44143,start_us,1692903576454833,stop_us,1692903576498976,-,DmrppArray::read_contiguous() -  name: gt3l_ssh_segments_latitude
1692903576,1556,timing,elapsed_us,51185,start_us,1692903576756486,stop_us,1692903576807671,-,DmrppArray::read_super_chunks_concurrent() -  name: gt3r_ssh_segments_longitude
1692903576,1556,timing,elapsed_us,51446,start_us,1692903576364147,stop_us,1692903576415593,-,DmrppArray::read_super_chunks_concurrent() -  name: gt2r_ssh_segments_longitude
1692903576,1556,timing,elapsed_us,5645913,start_us,1692903571300690,stop_us,1692903576946603,-,BESInterface::execute_request
1692903576,1556,timing,elapsed_us,5647132,start_us,1692903571300665,stop_us,1692903576947797,-,BESServerHandler::execute
1692903576,1556,timing,elapsed_us,6,start_us,1692903576947981,stop_us,1692903576947987,client: /-2:119,show status; transmitting
1692903576,1556,timing,elapsed_us,65398,start_us,1692903576298539,stop_us,1692903576363937,-,DmrppArray::read_super_chunks_concurrent() -  name: gt2r_ssh_segments_latitude
1692903576,1556,timing,elapsed_us,71530,start_us,1692903576205133,stop_us,1692903576276663,-,DmrppArray::read_super_chunks_concurrent() -  name: gt1r_ssh_segments_latitude
1692903576,1556,timing,elapsed_us,80566,start_us,1692903576675610,stop_us,1692903576756176,-,DmrppArray::read_super_chunks_concurrent() -  name: gt3r_ssh_segments_latitude
1692903628,1556,timing,elapsed_us,222650,start_us,1692903628001311,stop_us,1692903628223961,-,RemoteResource::get_url() - source url: https://cmr.uat.earthdata.nasa.gov/search/granules.umm_json_v1_4?collection_concept_id=C1241426998-NSIDC_CUAT&granule_ur=ATL12_20200101002212_00810601_005_02.h5
1692903628,1556,timing,elapsed_us,5,start_us,1692903628224475,stop_us,1692903628224480,http-nio-8080-exec-7:35[bes_client:/-2],define d1 in default as ngapContainer with ngapContainer.dap4constraint="/orbit_info_rgt;/orbit_info_crossing_time;/gt3r_ssh_segments_latitude[0:8:];/gt3r_ssh_segments_longitude[0:8:];/gt3r_ssh_segments_delta_time[0:8:];/gt3l_ssh_segments_latitude[0:8:];/gt3l_ssh_segments_longitude[0:8:];/gt3l_ssh_segments_delta_time[0:8:];/gt2r_ssh_segments_latitude[0:8:];/gt2r_ssh_segments_longitude[0:8:];/gt2r_ssh_segments_delta_time[0:8:];/gt2l_ssh_segments_latitude[0:8:];/gt2l_ssh_segments_longitude[0:8:];/gt2l_ssh_segments_delta_time[0:8:];/gt1r_ssh_segments_latitude[0:8:];/gt1r_ssh_segments_longitude[0:8:];/gt1r_ssh_segments_delta_time[0:8:];/gt1l_ssh_segments_latitude[0:8:];/gt1l_ssh_segments_longitude[0:8:];/gt1l_ssh_segments_delta_time[0:8:]"; transmitting
1692903628,1556,timing,elapsed_us,7,start_us,1692903628224303,stop_us,1692903628224310,http-nio-8080-exec-7:35[bes_client:/-2],set container in ngap values ngapContainer,collections/C1241426998-NSIDC_CUAT/granules/ATL12_20200101002212_00810601_005_02.h5; transmitting
1692903630,1556,timing,elapsed_us,185675,start_us,1692903630803785,stop_us,1692903630989460,-,DmrppArray::read_super_chunks_concurrent() -  name: gt2r_ssh_segments_longitude
1692903630,1556,timing,elapsed_us,2284694,start_us,1692903628225321,stop_us,1692903630510015,-,RemoteResource::get_url() - source url: https://data.nsidc.uat.earthdatacloud.nasa.gov/nsidc-cumulus-uat-protected/ATLAS/ATL12/005/2020/01/ATL12_20200101002212_00810601_005_02.h5.dmrpp
1692903630,1556,timing,elapsed_us,55196,start_us,1692903630748347,stop_us,1692903630803543,-,DmrppArray::read_super_chunks_concurrent() -  name: gt2r_ssh_segments_latitude
1692903630,1556,timing,elapsed_us,59775,start_us,1692903630688352,stop_us,1692903630748127,-,DmrppArray::read_super_chunks_concurrent() -  name: gt1r_ssh_segments_longitude
1692903630,1556,timing,elapsed_us,77335,start_us,1692903630520800,stop_us,1692903630598135,-,DmrppArray::read_contiguous() -  name: orbit_info_rgt
1692903630,1556,timing,elapsed_us,89521,start_us,1692903630598577,stop_us,1692903630688098,-,DmrppArray::read_super_chunks_concurrent() -  name: gt1r_ssh_segments_latitude
1692903631,1556,timing,elapsed_us,118781,start_us,1692903631491061,stop_us,1692903631609842,-,DmrppArray::read_super_chunks_concurrent() -  name: gt3r_ssh_segments_longitude
1692903631,1556,timing,elapsed_us,1298189,start_us,1692903630519230,stop_us,1692903631817419,-,BESDapResponseBuilder::serialize_dap4_data() - Timer
1692903631,1556,timing,elapsed_us,1298543,start_us,1692903630518889,stop_us,1692903631817432,http-nio-8080-exec-7:35[bes_client:/-2],get dap for d1 return as dap2; transmitting
1692903631,1556,timing,elapsed_us,133945,start_us,1692903631166925,stop_us,1692903631300870,-,DmrppArray::read_contiguous() -  name: gt3l_ssh_segments_latitude
1692903631,1556,timing,elapsed_us,14742,start_us,1692903631392968,stop_us,1692903631407710,-,DmrppArray::read_contiguous() -  name: gt2l_ssh_segments_longitude
1692903631,1556,timing,elapsed_us,18541,start_us,1692903631609990,stop_us,1692903631628531,-,DmrppArray::read_contiguous() -  name: gt1l_ssh_segments_delta_time
1692903631,1556,timing,elapsed_us,193,start_us,1692903631818706,stop_us,1692903631818899,-,BESInterface::execute_request
1692903631,1556,timing,elapsed_us,21488,start_us,1692903631371396,stop_us,1692903631392884,-,DmrppArray::read_contiguous() -  name: gt2l_ssh_segments_latitude
1692903631,1556,timing,elapsed_us,21648,start_us,1692903631628913,stop_us,1692903631650561,-,DmrppArray::read_super_chunks_concurrent() -  name: gt1r_ssh_segments_delta_time
1692903631,1556,timing,elapsed_us,23263,start_us,1692903631767251,stop_us,1692903631790514,-,DmrppArray::read_super_chunks_concurrent() -  name: gt3r_ssh_segments_delta_time
1692903631,1556,timing,elapsed_us,26596,start_us,1692903631790685,stop_us,1692903631817281,-,DmrppArray::read_contiguous() -  name: orbit_info_crossing_time
1692903631,1556,timing,elapsed_us,275,start_us,1692903631818702,stop_us,1692903631818977,-,BESServerHandler::execute
1692903631,1556,timing,elapsed_us,34906,start_us,1692903631695001,stop_us,1692903631729907,-,DmrppArray::read_super_chunks_concurrent() -  name: gt2r_ssh_segments_delta_time
1692903631,1556,timing,elapsed_us,36845,start_us,1692903631730194,stop_us,1692903631767039,-,DmrppArray::read_contiguous() -  name: gt3l_ssh_segments_delta_time
1692903631,1556,timing,elapsed_us,3820671,start_us,1692903627996773,stop_us,1692903631817444,-,BESInterface::execute_request
1692903631,1556,timing,elapsed_us,3821944,start_us,1692903627996737,stop_us,1692903631818681,-,BESServerHandler::execute
1692903631,1556,timing,elapsed_us,44124,start_us,1692903631650715,stop_us,1692903631694839,-,DmrppArray::read_contiguous() -  name: gt2l_ssh_segments_delta_time
1692903631,1556,timing,elapsed_us,6,start_us,1692903631818885,stop_us,1692903631818891,client: /-2:121,show status; transmitting
1692903631,1556,timing,elapsed_us,70343,start_us,1692903631300960,stop_us,1692903631371303,-,DmrppArray::read_contiguous() -  name: gt3l_ssh_segments_longitude
1692903631,1556,timing,elapsed_us,78075,start_us,1692903631088751,stop_us,1692903631166826,-,DmrppArray::read_contiguous() -  name: gt1l_ssh_segments_longitude
1692903631,1556,timing,elapsed_us,82647,start_us,1692903631407983,stop_us,1692903631490630,-,DmrppArray::read_super_chunks_concurrent() -  name: gt3r_ssh_segments_latitude
1692903631,1556,timing,elapsed_us,99043,start_us,1692903630989622,stop_us,1692903631088665,-,DmrppArray::read_contiguous() -  name: gt1l_ssh_segments_latitude
1692903663,1556,timing,elapsed_us,216847,start_us,1692903663245426,stop_us,1692903663462273,-,RemoteResource::get_url() - source url: https://cmr.uat.earthdata.nasa.gov/search/granules.umm_json_v1_4?collection_concept_id=C1241426998-NSIDC_CUAT&granule_ur=ATL12_20200101002212_00810601_005_02.h5
1692903663,1556,timing,elapsed_us,6,start_us,1692903663463028,stop_us,1692903663463034,http-nio-8080-exec-4:32[bes_client:/-2],define d1 in default as ngapContainer with ngapContainer.dap4constraint="/orbit_info_rgt;/orbit_info_crossing_time;/gt3r_ssh_segments_latitude[0:8:];/gt3r_ssh_segments_longitude[0:8:];/gt3r_ssh_segments_delta_time[0:8:];/gt3l_ssh_segments_latitude[0:8:];/gt3l_ssh_segments_longitude[0:8:];/gt3l_ssh_segments_delta_time[0:8:];/gt2r_ssh_segments_latitude[0:8:];/gt2r_ssh_segments_longitude[0:8:];/gt2r_ssh_segments_delta_time[0:8:];/gt2l_ssh_segments_latitude[0:8:];/gt2l_ssh_segments_longitude[0:8:];/gt2l_ssh_segments_delta_time[0:8:];/gt1r_ssh_segments_latitude[0:8:];/gt1r_ssh_segments_longitude[0:8:];/gt1r_ssh_segments_delta_time[0:8:];/gt1l_ssh_segments_latitude[0:8:];/gt1l_ssh_segments_longitude[0:8:];/gt1l_ssh_segments_delta_time[0:8:]"; transmitting
1692903663,1556,timing,elapsed_us,9,start_us,1692903663462834,stop_us,1692903663462843,http-nio-8080-exec-4:32[bes_client:/-2],set container in ngap values ngapContainer,collections/C1241426998-NSIDC_CUAT/granules/ATL12_20200101002212_00810601_005_02.h5; transmitting
1692903665,1556,timing,elapsed_us,104266,start_us,1692903665847948,stop_us,1692903665952214,-,DmrppArray::read_super_chunks_concurrent() -  name: gt1r_ssh_segments_latitude
1692903665,1556,timing,elapsed_us,2292871,start_us,1692903663463871,stop_us,1692903665756742,-,RemoteResource::get_url() - source url: https://data.nsidc.uat.earthdatacloud.nasa.gov/nsidc-cumulus-uat-protected/ATLAS/ATL12/005/2020/01/ATL12_20200101002212_00810601_005_02.h5.dmrpp
1692903665,1556,timing,elapsed_us,27645,start_us,1692903665952524,stop_us,1692903665980169,-,DmrppArray::read_super_chunks_concurrent() -  name: gt1r_ssh_segments_longitude
1692903665,1556,timing,elapsed_us,80494,start_us,1692903665767056,stop_us,1692903665847550,-,DmrppArray::read_contiguous() -  name: orbit_info_rgt
1692903666,1556,timing,elapsed_us,102762,start_us,1692903666103391,stop_us,1692903666206153,-,DmrppArray::read_contiguous() -  name: gt3l_ssh_segments_latitude
1692903666,1556,timing,elapsed_us,104404,start_us,1692903666841534,stop_us,1692903666945938,-,DmrppArray::read_super_chunks_concurrent() -  name: gt3r_ssh_segments_delta_time
1692903666,1556,timing,elapsed_us,1203350,start_us,1692903665765526,stop_us,1692903666968876,-,BESDapResponseBuilder::serialize_dap4_data() - Timer
1692903666,1556,timing,elapsed_us,1203707,start_us,1692903665765185,stop_us,1692903666968892,http-nio-8080-exec-4:32[bes_client:/-2],get dap for d1 return as dap2; transmitting
1692903666,1556,timing,elapsed_us,151075,start_us,1692903666529821,stop_us,1692903666680896,-,DmrppArray::read_super_chunks_concurrent() -  name: gt1r_ssh_segments_delta_time
1692903666,1556,timing,elapsed_us,184,start_us,1692903666970137,stop_us,1692903666970321,-,BESInterface::execute_request
1692903666,1556,timing,elapsed_us,21165,start_us,1692903666082149,stop_us,1692903666103314,-,DmrppArray::read_contiguous() -  name: gt1l_ssh_segments_longitude
1692903666,1556,timing,elapsed_us,214,start_us,1692903666970133,stop_us,1692903666970347,-,BESServerHandler::execute
1692903666,1556,timing,elapsed_us,22607,start_us,1692903666946111,stop_us,1692903666968718,-,DmrppArray::read_contiguous() -  name: orbit_info_crossing_time
1692903666,1556,timing,elapsed_us,28293,start_us,1692903666010216,stop_us,1692903666038509,-,DmrppArray::read_super_chunks_concurrent() -  name: gt2r_ssh_segments_longitude
1692903666,1556,timing,elapsed_us,29468,start_us,1692903665980417,stop_us,1692903666009885,-,DmrppArray::read_super_chunks_concurrent() -  name: gt2r_ssh_segments_latitude
1692903666,1556,timing,elapsed_us,32182,start_us,1692903666276914,stop_us,1692903666309096,-,DmrppArray::read_contiguous() -  name: gt2l_ssh_segments_latitude
1692903666,1556,timing,elapsed_us,35975,start_us,1692903666805349,stop_us,1692903666841324,-,DmrppArray::read_contiguous() -  name: gt3l_ssh_segments_delta_time
1692903666,1556,timing,elapsed_us,37002,start_us,1692903666368313,stop_us,1692903666405315,-,DmrppArray::read_super_chunks_concurrent() -  name: gt3r_ssh_segments_latitude
1692903666,1556,timing,elapsed_us,3728123,start_us,1692903663240782,stop_us,1692903666968905,-,BESInterface::execute_request
1692903666,1556,timing,elapsed_us,3729363,start_us,1692903663240750,stop_us,1692903666970113,-,BESServerHandler::execute
1692903666,1556,timing,elapsed_us,43324,start_us,1692903666038659,stop_us,1692903666081983,-,DmrppArray::read_contiguous() -  name: gt1l_ssh_segments_latitude
1692903666,1556,timing,elapsed_us,49902,start_us,1692903666479690,stop_us,1692903666529592,-,DmrppArray::read_contiguous() -  name: gt1l_ssh_segments_delta_time
1692903666,1556,timing,elapsed_us,57030,start_us,1692903666748144,stop_us,1692903666805174,-,DmrppArray::read_super_chunks_concurrent() -  name: gt2r_ssh_segments_delta_time
1692903666,1556,timing,elapsed_us,58743,start_us,1692903666309246,stop_us,1692903666367989,-,DmrppArray::read_contiguous() -  name: gt2l_ssh_segments_longitude
1692903666,1556,timing,elapsed_us,6,start_us,1692903666970307,stop_us,1692903666970313,client: /-2:123,show status; transmitting
1692903666,1556,timing,elapsed_us,66700,start_us,1692903666681070,stop_us,1692903666747770,-,DmrppArray::read_contiguous() -  name: gt2l_ssh_segments_delta_time
1692903666,1556,timing,elapsed_us,70587,start_us,1692903666206237,stop_us,1692903666276824,-,DmrppArray::read_contiguous() -  name: gt3l_ssh_segments_longitude
1692903666,1556,timing,elapsed_us,73911,start_us,1692903666405620,stop_us,1692903666479531,-,DmrppArray::read_super_chunks_concurrent() -  name: gt3r_ssh_segments_longitude
1692903717,1556,timing,elapsed_us,230442,start_us,1692903717728886,stop_us,1692903717959328,-,RemoteResource::get_url() - source url: https://cmr.uat.earthdata.nasa.gov/search/granules.umm_json_v1_4?collection_concept_id=C1241427013-NSIDC_CUAT&granule_ur=ATL13_20200101002212_00810601_005_01.h5
1692903717,1556,timing,elapsed_us,6,start_us,1692903717959945,stop_us,1692903717959951,http-nio-8080-exec-7:35[bes_client:/-2],define d1 in default as ngapContainer with ngapContainer.dap4constraint="/orbit_info_rgt;/orbit_info_crossing_time;/gt3r_segment_lat[0:256:];/gt3r_segment_lon[0:256:];/gt3r_delta_time[0:256:];/gt3l_segment_lat[0:256:];/gt3l_segment_lon[0:256:];/gt3l_delta_time[0:256:];/gt2r_segment_lat[0:256:];/gt2r_segment_lon[0:256:];/gt2r_delta_time[0:256:];/gt2l_segment_lat[0:256:];/gt2l_segment_lon[0:256:];/gt2l_delta_time[0:256:];/gt1r_segment_lat[0:256:];/gt1r_segment_lon[0:256:];/gt1r_delta_time[0:256:];/gt1l_segment_lat[0:256:];/gt1l_segment_lon[0:256:];/gt1l_delta_time[0:256:]"; transmitting
1692903717,1556,timing,elapsed_us,7,start_us,1692903717959754,stop_us,1692903717959761,http-nio-8080-exec-7:35[bes_client:/-2],set container in ngap values ngapContainer,collections/C1241427013-NSIDC_CUAT/granules/ATL13_20200101002212_00810601_005_01.h5; transmitting
1692903720,1556,timing,elapsed_us,2324798,start_us,1692903717960807,stop_us,1692903720285605,-,RemoteResource::get_url() - source url: https://data.nsidc.uat.earthdatacloud.nasa.gov/nsidc-cumulus-uat-protected/ATLAS/ATL13/005/2020/01/ATL13_20200101002212_00810601_005_01.h5.dmrpp
1692903722,1556,timing,elapsed_us,127086,start_us,1692903722762559,stop_us,1692903722889645,-,DmrppArray::read_super_chunks_concurrent() -  name: gt1r_segment_lon
1692903722,1556,timing,elapsed_us,2339566,start_us,1692903720298130,stop_us,1692903722637696,-,CurlUtils::retrieve_effective_url() -  Following Redirects Starting With: https://data.nsidc.uat.earthdatacloud.nasa.gov/nsidc-cumulus-uat-protected/ATLAS/ATL13/005/2020/01/ATL13_20200101002212_00810601_005_01.h5
1692903722,1556,timing,elapsed_us,2463677,start_us,1692903720298082,stop_us,1692903722761759,-,DmrppArray::read_contiguous() -  name: orbit_info_rgt
1692903722,1556,timing,elapsed_us,48673,start_us,1692903722890375,stop_us,1692903722939048,-,DmrppArray::read_super_chunks_concurrent() -  name: gt1r_segment_lat
1692903722,1556,timing,elapsed_us,56278,start_us,1692903722939757,stop_us,1692903722996035,-,DmrppArray::read_super_chunks_concurrent() -  name: gt2r_segment_lon
1692903723,1556,timing,elapsed_us,135117,start_us,1692903723214598,stop_us,1692903723349715,-,DmrppArray::read_super_chunks_concurrent() -  name: gt3r_segment_lat
1692903723,1556,timing,elapsed_us,18985,start_us,1692903723163656,stop_us,1692903723182641,-,DmrppArray::read_super_chunks_concurrent() -  name: gt2l_segment_lat
1692903723,1556,timing,elapsed_us,19637,start_us,1692903723698496,stop_us,1692903723718133,-,DmrppArray::read_contiguous() -  name: orbit_info_crossing_time
1692903723,1556,timing,elapsed_us,21326,start_us,1692903723142089,stop_us,1692903723163415,-,DmrppArray::read_super_chunks_concurrent() -  name: gt2l_segment_lon
1692903723,1556,timing,elapsed_us,21488,start_us,1692903723120366,stop_us,1692903723141854,-,DmrppArray::read_super_chunks_concurrent() -  name: gt3l_segment_lat
1692903723,1556,timing,elapsed_us,22488,start_us,1692903723097632,stop_us,1692903723120120,-,DmrppArray::read_super_chunks_concurrent() -  name: gt3l_segment_lon
1692903723,1556,timing,elapsed_us,22725,start_us,1692903723074626,stop_us,1692903723097351,-,DmrppArray::read_super_chunks_concurrent() -  name: gt1l_segment_lat
1692903723,1556,timing,elapsed_us,24814,start_us,1692903723049525,stop_us,1692903723074339,-,DmrppArray::read_super_chunks_concurrent() -  name: gt1l_segment_lon
1692903723,1556,timing,elapsed_us,30644,start_us,1692903723183298,stop_us,1692903723213942,-,DmrppArray::read_super_chunks_concurrent() -  name: gt3r_segment_lon
1692903723,1556,timing,elapsed_us,3421759,start_us,1692903720296646,stop_us,1692903723718405,-,BESDapResponseBuilder::serialize_dap4_data() - Timer
1692903723,1556,timing,elapsed_us,3422136,start_us,1692903720296283,stop_us,1692903723718419,http-nio-8080-exec-7:35[bes_client:/-2],get dap for d1 return as dap2; transmitting
1692903723,1556,timing,elapsed_us,40330,start_us,1692903723410990,stop_us,1692903723451320,-,DmrppArray::read_super_chunks_concurrent() -  name: gt1r_delta_time
1692903723,1556,timing,elapsed_us,48805,start_us,1692903723649560,stop_us,1692903723698365,-,DmrppArray::read_super_chunks_concurrent() -  name: gt3r_delta_time
1692903723,1556,timing,elapsed_us,51552,start_us,1692903723522384,stop_us,1692903723573936,-,DmrppArray::read_super_chunks_concurrent() -  name: gt2r_delta_time
1692903723,1556,timing,elapsed_us,52486,start_us,1692903722996706,stop_us,1692903723049192,-,DmrppArray::read_super_chunks_concurrent() -  name: gt2r_segment_lat
1692903723,1556,timing,elapsed_us,565,start_us,1692903723719469,stop_us,1692903723720034,-,BESInterface::execute_request
1692903723,1556,timing,elapsed_us,592,start_us,1692903723719465,stop_us,1692903723720057,-,BESServerHandler::execute
1692903723,1556,timing,elapsed_us,5993683,start_us,1692903717724743,stop_us,1692903723718426,-,BESInterface::execute_request
1692903723,1556,timing,elapsed_us,5994734,start_us,1692903717724711,stop_us,1692903723719445,-,BESServerHandler::execute
1692903723,1556,timing,elapsed_us,6,start_us,1692903723720020,stop_us,1692903723720026,client: /-2:125,show status; transmitting
1692903723,1556,timing,elapsed_us,60226,start_us,1692903723350039,stop_us,1692903723410265,-,DmrppArray::read_super_chunks_concurrent() -  name: gt1l_delta_time
1692903723,1556,timing,elapsed_us,70168,start_us,1692903723451635,stop_us,1692903723521803,-,DmrppArray::read_super_chunks_concurrent() -  name: gt2l_delta_time
1692903723,1556,timing,elapsed_us,74279,start_us,1692903723574241,stop_us,1692903723648520,-,DmrppArray::read_super_chunks_concurrent() -  name: gt3l_delta_time
1692903794,1556,timing,elapsed_us,398970,start_us,1692903794161364,stop_us,1692903794560334,-,RemoteResource::get_url() - source url: https://cmr.uat.earthdata.nasa.gov/search/granules.umm_json_v1_4?collection_concept_id=C1241427013-NSIDC_CUAT&granule_ur=ATL13_20200101002212_00810601_005_01.h5
1692903794,1556,timing,elapsed_us,6,start_us,1692903794561026,stop_us,1692903794561032,http-nio-8080-exec-4:32[bes_client:/-2],define d1 in default as ngapContainer with ngapContainer.dap4constraint="/orbit_info_rgt;/orbit_info_crossing_time;/gt3r_segment_lat[0:256:];/gt3r_segment_lon[0:256:];/gt3r_delta_time[0:256:];/gt3l_segment_lat[0:256:];/gt3l_segment_lon[0:256:];/gt3l_delta_time[0:256:];/gt2r_segment_lat[0:256:];/gt2r_segment_lon[0:256:];/gt2r_delta_time[0:256:];/gt2l_segment_lat[0:256:];/gt2l_segment_lon[0:256:];/gt2l_delta_time[0:256:];/gt1r_segment_lat[0:256:];/gt1r_segment_lon[0:256:];/gt1r_delta_time[0:256:];/gt1l_segment_lat[0:256:];/gt1l_segment_lon[0:256:];/gt1l_delta_time[0:256:]"; transmitting
1692903794,1556,timing,elapsed_us,8,start_us,1692903794560796,stop_us,1692903794560804,http-nio-8080-exec-4:32[bes_client:/-2],set container in ngap values ngapContainer,collections/C1241427013-NSIDC_CUAT/granules/ATL13_20200101002212_00810601_005_01.h5; transmitting
1692903796,1556,timing,elapsed_us,2313419,start_us,1692903794561866,stop_us,1692903796875285,-,RemoteResource::get_url() - source url: https://data.nsidc.uat.earthdatacloud.nasa.gov/nsidc-cumulus-uat-protected/ATLAS/ATL13/005/2020/01/ATL13_20200101002212_00810601_005_01.h5.dmrpp
1692903796,1556,timing,elapsed_us,78253,start_us,1692903796887855,stop_us,1692903796966108,-,DmrppArray::read_contiguous() -  name: orbit_info_rgt
1692903797,1556,timing,elapsed_us,1112570,start_us,1692903796886390,stop_us,1692903797998960,-,BESDapResponseBuilder::serialize_dap4_data() - Timer
1692903797,1556,timing,elapsed_us,1112943,start_us,1692903796886045,stop_us,1692903797998988,http-nio-8080-exec-4:32[bes_client:/-2],get dap for d1 return as dap2; transmitting
1692903797,1556,timing,elapsed_us,125140,start_us,1692903796967218,stop_us,1692903797092358,-,DmrppArray::read_super_chunks_concurrent() -  name: gt1r_segment_lon
1692903797,1556,timing,elapsed_us,20258,start_us,1692903797760159,stop_us,1692903797780417,-,DmrppArray::read_super_chunks_concurrent() -  name: gt1l_delta_time
1692903797,1556,timing,elapsed_us,21394,start_us,1692903797977305,stop_us,1692903797998699,-,DmrppArray::read_contiguous() -  name: orbit_info_crossing_time
1692903797,1556,timing,elapsed_us,225,start_us,1692903798000568,stop_us,1692903798000793,-,BESInterface::execute_request
1692903797,1556,timing,elapsed_us,23241,start_us,1692903797825069,stop_us,1692903797848310,-,DmrppArray::read_super_chunks_concurrent() -  name: gt2l_delta_time
1692903797,1556,timing,elapsed_us,267,start_us,1692903798000564,stop_us,1692903798000831,-,BESServerHandler::execute
1692903797,1556,timing,elapsed_us,31199,start_us,1692903797848935,stop_us,1692903797880134,-,DmrppArray::read_super_chunks_concurrent() -  name: gt2r_delta_time
1692903797,1556,timing,elapsed_us,33732,start_us,1692903797880447,stop_us,1692903797914179,-,DmrppArray::read_super_chunks_concurrent() -  name: gt3l_delta_time
1692903797,1556,timing,elapsed_us,34929,start_us,1692903797600256,stop_us,1692903797635185,-,DmrppArray::read_super_chunks_concurrent() -  name: gt2l_segment_lat
1692903797,1556,timing,elapsed_us,35065,start_us,1692903797395330,stop_us,1692903797430395,-,DmrppArray::read_super_chunks_concurrent() -  name: gt1l_segment_lat
1692903797,1556,timing,elapsed_us,3842215,start_us,1692903794156797,stop_us,1692903797999012,-,BESInterface::execute_request
1692903797,1556,timing,elapsed_us,3843788,start_us,1692903794156757,stop_us,1692903798000545,-,BESServerHandler::execute
1692903797,1556,timing,elapsed_us,42582,start_us,1692903797557444,stop_us,1692903797600026,-,DmrppArray::read_super_chunks_concurrent() -  name: gt2l_segment_lon
1692903797,1556,timing,elapsed_us,43707,start_us,1692903797781100,stop_us,1692903797824807,-,DmrppArray::read_super_chunks_concurrent() -  name: gt1r_delta_time
1692903797,1556,timing,elapsed_us,46959,start_us,1692903797635870,stop_us,1692903797682829,-,DmrppArray::read_super_chunks_concurrent() -  name: gt3r_segment_lon
1692903797,1556,timing,elapsed_us,48993,start_us,1692903797346042,stop_us,1692903797395035,-,DmrppArray::read_super_chunks_concurrent() -  name: gt1l_segment_lon
1692903797,1556,timing,elapsed_us,57917,start_us,1692903797499325,stop_us,1692903797557242,-,DmrppArray::read_super_chunks_concurrent() -  name: gt3l_segment_lat
1692903797,1556,timing,elapsed_us,62017,start_us,1692903797915165,stop_us,1692903797977182,-,DmrppArray::read_super_chunks_concurrent() -  name: gt3r_delta_time
1692903797,1556,timing,elapsed_us,68350,start_us,1692903797430675,stop_us,1692903797499025,-,DmrppArray::read_super_chunks_concurrent() -  name: gt3l_segment_lon
1692903797,1556,timing,elapsed_us,7,start_us,1692903798000774,stop_us,1692903798000781,client: /-2:127,show status; transmitting
1692903797,1556,timing,elapsed_us,76374,start_us,1692903797683472,stop_us,1692903797759846,-,DmrppArray::read_super_chunks_concurrent() -  name: gt3r_segment_lat
1692903797,1556,timing,elapsed_us,82374,start_us,1692903797093107,stop_us,1692903797175481,-,DmrppArray::read_super_chunks_concurrent() -  name: gt1r_segment_lat
1692903797,1556,timing,elapsed_us,83509,start_us,1692903797176032,stop_us,1692903797259541,-,DmrppArray::read_super_chunks_concurrent() -  name: gt2r_segment_lon
1692903797,1556,timing,elapsed_us,85575,start_us,1692903797260160,stop_us,1692903797345735,-,DmrppArray::read_super_chunks_concurrent() -  name: gt2r_segment_lat
1692903842,1556,timing,elapsed_us,210859,start_us,1692903842725347,stop_us,1692903842936206,-,RemoteResource::get_url() - source url: https://cmr.uat.earthdata.nasa.gov/search/granules.umm_json_v1_4?collection_concept_id=C1241426907-NSIDC_CUAT&granule_ur=ATL08_20200101145654_00900605_005_01.h5
1692903842,1556,timing,elapsed_us,8,start_us,1692903842936917,stop_us,1692903842936925,http-nio-8080-exec-4:32[bes_client:/-2],define d1 in default as ngapContainer with ngapContainer.dap4constraint="/orbit_info_rgt;/orbit_info_crossing_time;/gt3r_land_segments_latitude[0:8:];/gt3r_land_segments_longitude[0:8:];/gt3r_land_segments_terrain_h_te_best_fit[0:8:];/gt3r_land_segments_canopy_h_canopy[0:8:];/gt3r_land_segments_delta_time[0:8:];/gt3l_land_segments_latitude[0:8:];/gt3l_land_segments_longitude[0:8:];/gt3l_land_segments_terrain_h_te_best_fit[0:8:];/gt3l_land_segments_canopy_h_canopy[0:8:];/gt3l_land_segments_delta_time[0:8:];/gt2r_land_segments_latitude[0:8:];/gt2r_land_segments_longitude[0:8:];/gt2r_land_segments_terrain_h_te_best_fit[0:8:];/gt2r_land_segments_canopy_h_canopy[0:8:];/gt2r_land_segments_delta_time[0:8:];/gt2l_land_segments_latitude[0:8:];/gt2l_land_segments_longitude[0:8:];/gt2l_land_segments_terrain_h_te_best_fit[0:8:];/gt2l_land_segments_canopy_h_canopy[0:8:];/gt2l_land_segments_delta_time[0:8:];/gt1r_land_segments_latitude[0:8:];/gt1r_land_segments_longitude[0:8:];/gt1r_land_segments_terrain_h_te_best_fit[0:8:];/gt1r_land_segments_canopy_h_canopy[0:8:];/gt1r_land_segments_delta_time[0:8:];/gt1l_land_segments_latitude[0:8:];/gt1l_land_segments_longitude[0:8:];/gt1l_land_segments_terrain_h_te_best_fit[0:8:];/gt1l_land_segments_canopy_h_canopy[0:8:];/gt1l_land_segments_delta_time[0:8:]"; transmitting
1692903842,1556,timing,elapsed_us,9,start_us,1692903842936686,stop_us,1692903842936695,http-nio-8080-exec-4:32[bes_client:/-2],set container in ngap values ngapContainer,collections/C1241426907-NSIDC_CUAT/granules/ATL08_20200101145654_00900605_005_01.h5; transmitting
1692903845,1556,timing,elapsed_us,20001,start_us,1692903845835542,stop_us,1692903845855543,-,DmrppArray::read_contiguous() -  name: gt1r_land_segments_longitude
1692903845,1556,timing,elapsed_us,20209,start_us,1692903845890996,stop_us,1692903845911205,-,DmrppArray::read_contiguous() -  name: gt2r_land_segments_canopy_h_canopy
1692903845,1556,timing,elapsed_us,2404870,start_us,1692903842937765,stop_us,1692903845342635,-,RemoteResource::get_url() - source url: https://data.nsidc.uat.earthdatacloud.nasa.gov/nsidc-cumulus-uat-protected/ATLAS/ATL08/005/2020/01/01/ATL08_20200101145654_00900605_005_01.h5.dmrpp
1692903845,1556,timing,elapsed_us,26475,start_us,1692903845537936,stop_us,1692903845564411,-,DmrppArray::read_contiguous() -  name: gt2r_land_segments_delta_time
1692903845,1556,timing,elapsed_us,26881,start_us,1692903845808465,stop_us,1692903845835346,-,DmrppArray::read_contiguous() -  name: gt1r_land_segments_terrain_h_te_best_fit
1692903845,1556,timing,elapsed_us,31867,start_us,1692903845460928,stop_us,1692903845492795,-,DmrppArray::read_contiguous() -  name: gt1r_land_segments_delta_time
1692903845,1556,timing,elapsed_us,32223,start_us,1692903845911337,stop_us,1692903845943560,-,DmrppArray::read_contiguous() -  name: gt2r_land_segments_terrain_h_te_best_fit
1692903845,1556,timing,elapsed_us,33962,start_us,1692903845727697,stop_us,1692903845761659,-,DmrppArray::read_contiguous() -  name: orbit_info_rgt
1692903845,1556,timing,elapsed_us,35099,start_us,1692903845855739,stop_us,1692903845890838,-,DmrppArray::read_contiguous() -  name: gt1r_land_segments_latitude
1692903845,1556,timing,elapsed_us,42022,start_us,1692903845564645,stop_us,1692903845606667,-,DmrppArray::read_contiguous() -  name: gt3l_land_segments_delta_time
1692903845,1556,timing,elapsed_us,44748,start_us,1692903845492978,stop_us,1692903845537726,-,DmrppArray::read_contiguous() -  name: gt2l_land_segments_delta_time
1692903845,1556,timing,elapsed_us,46456,start_us,1692903845761843,stop_us,1692903845808299,-,DmrppArray::read_contiguous() -  name: gt1r_land_segments_canopy_h_canopy
1692903845,1556,timing,elapsed_us,56616,start_us,1692903845670910,stop_us,1692903845727526,-,DmrppArray::read_contiguous() -  name: orbit_info_crossing_time
1692903845,1556,timing,elapsed_us,63937,start_us,1692903845606877,stop_us,1692903845670814,-,DmrppArray::read_contiguous() -  name: gt3r_land_segments_delta_time
1692903845,1556,timing,elapsed_us,98437,start_us,1692903845362265,stop_us,1692903845460702,-,DmrppArray::read_contiguous() -  name: gt1l_land_segments_delta_time
1692903846,1556,timing,elapsed_us,1310062,start_us,1692903845360832,stop_us,1692903846670894,-,BESDapResponseBuilder::serialize_dap4_data() - Timer
1692903846,1556,timing,elapsed_us,1310493,start_us,1692903845360428,stop_us,1692903846670921,http-nio-8080-exec-4:32[bes_client:/-2],get dap for d1 return as dap2; transmitting
1692903846,1556,timing,elapsed_us,189,start_us,1692903846672231,stop_us,1692903846672420,-,BESInterface::execute_request
1692903846,1556,timing,elapsed_us,20128,start_us,1692903846120896,stop_us,1692903846141024,-,DmrppArray::read_contiguous() -  name: gt1l_land_segments_latitude
1692903846,1556,timing,elapsed_us,20414,start_us,1692903846186287,stop_us,1692903846206701,-,DmrppArray::read_contiguous() -  name: gt3l_land_segments_longitude
1692903846,1556,timing,elapsed_us,21554,start_us,1692903846164553,stop_us,1692903846186107,-,DmrppArray::read_contiguous() -  name: gt3l_land_segments_terrain_h_te_best_fit
1692903846,1556,timing,elapsed_us,217,start_us,1692903846672227,stop_us,1692903846672444,-,BESServerHandler::execute
1692903846,1556,timing,elapsed_us,22683,start_us,1692903846049997,stop_us,1692903846072680,-,DmrppArray::read_contiguous() -  name: gt1l_land_segments_canopy_h_canopy
1692903846,1556,timing,elapsed_us,23297,start_us,1692903846141093,stop_us,1692903846164390,-,DmrppArray::read_contiguous() -  name: gt3l_land_segments_canopy_h_canopy
1692903846,1556,timing,elapsed_us,23833,start_us,1692903846072864,stop_us,1692903846096697,-,DmrppArray::read_contiguous() -  name: gt1l_land_segments_terrain_h_te_best_fit
1692903846,1556,timing,elapsed_us,23951,start_us,1692903846096781,stop_us,1692903846120732,-,DmrppArray::read_contiguous() -  name: gt1l_land_segments_longitude
1692903846,1556,timing,elapsed_us,24648,start_us,1692903846206879,stop_us,1692903846231527,-,DmrppArray::read_contiguous() -  name: gt3l_land_segments_latitude
1692903846,1556,timing,elapsed_us,25163,start_us,1692903846645454,stop_us,1692903846670617,-,DmrppArray::read_contiguous() -  name: gt3r_land_segments_latitude
1692903846,1556,timing,elapsed_us,26764,start_us,1692903846023059,stop_us,1692903846049823,-,DmrppArray::read_contiguous() -  name: gt2r_land_segments_latitude
1692903846,1556,timing,elapsed_us,32173,start_us,1692903846504650,stop_us,1692903846536823,-,DmrppArray::read_contiguous() -  name: gt3r_land_segments_canopy_h_canopy
1692903846,1556,timing,elapsed_us,3950170,start_us,1692903842720768,stop_us,1692903846670938,-,BESInterface::execute_request
1692903846,1556,timing,elapsed_us,3951479,start_us,1692903842720729,stop_us,1692903846672208,-,BESServerHandler::execute
1692903846,1556,timing,elapsed_us,45851,start_us,1692903846231697,stop_us,1692903846277548,-,DmrppArray::read_contiguous() -  name: gt2l_land_segments_canopy_h_canopy
1692903846,1556,timing,elapsed_us,51258,start_us,1692903846594033,stop_us,1692903846645291,-,DmrppArray::read_contiguous() -  name: gt3r_land_segments_longitude
1692903846,1556,timing,elapsed_us,56853,start_us,1692903846537015,stop_us,1692903846593868,-,DmrppArray::read_contiguous() -  name: gt3r_land_segments_terrain_h_te_best_fit
1692903846,1556,timing,elapsed_us,58324,start_us,1692903846377013,stop_us,1692903846435337,-,DmrppArray::read_contiguous() -  name: gt2l_land_segments_longitude
1692903846,1556,timing,elapsed_us,6,start_us,1692903846672407,stop_us,1692903846672413,client: /-2:129,show status; transmitting
1692903846,1556,timing,elapsed_us,68949,start_us,1692903846435503,stop_us,1692903846504452,-,DmrppArray::read_contiguous() -  name: gt2l_land_segments_latitude
1692903846,1556,timing,elapsed_us,79211,start_us,1692903845943760,stop_us,1692903846022971,-,DmrppArray::read_contiguous() -  name: gt2r_land_segments_longitude
1692903846,1556,timing,elapsed_us,99173,start_us,1692903846277743,stop_us,1692903846376916,-,DmrppArray::read_contiguous() -  name: gt2l_land_segments_terrain_h_te_best_fit
1692903882,1556,timing,elapsed_us,192608,start_us,1692903882069820,stop_us,1692903882262428,-,RemoteResource::get_url() - source url: https://cmr.uat.earthdata.nasa.gov/search/granules.umm_json_v1_4?collection_concept_id=C1241426907-NSIDC_CUAT&granule_ur=ATL08_20200101145654_00900605_005_01.h5
1692903882,1556,timing,elapsed_us,7,start_us,1692903882262886,stop_us,1692903882262893,http-nio-8080-exec-7:35[bes_client:/-2],set container in ngap values ngapContainer,collections/C1241426907-NSIDC_CUAT/granules/ATL08_20200101145654_00900605_005_01.h5; transmitting
1692903882,1556,timing,elapsed_us,8,start_us,1692903882263261,stop_us,1692903882263269,http-nio-8080-exec-7:35[bes_client:/-2],define d1 in default as ngapContainer with ngapContainer.dap4constraint="/orbit_info_rgt;/orbit_info_crossing_time;/gt3r_land_segments_latitude[0:8:];/gt3r_land_segments_longitude[0:8:];/gt3r_land_segments_terrain_h_te_best_fit[0:8:];/gt3r_land_segments_canopy_h_canopy[0:8:];/gt3r_land_segments_delta_time[0:8:];/gt3l_land_segments_latitude[0:8:];/gt3l_land_segments_longitude[0:8:];/gt3l_land_segments_terrain_h_te_best_fit[0:8:];/gt3l_land_segments_canopy_h_canopy[0:8:];/gt3l_land_segments_delta_time[0:8:];/gt2r_land_segments_latitude[0:8:];/gt2r_land_segments_longitude[0:8:];/gt2r_land_segments_terrain_h_te_best_fit[0:8:];/gt2r_land_segments_canopy_h_canopy[0:8:];/gt2r_land_segments_delta_time[0:8:];/gt2l_land_segments_latitude[0:8:];/gt2l_land_segments_longitude[0:8:];/gt2l_land_segments_terrain_h_te_best_fit[0:8:];/gt2l_land_segments_canopy_h_canopy[0:8:];/gt2l_land_segments_delta_time[0:8:];/gt1r_land_segments_latitude[0:8:];/gt1r_land_segments_longitude[0:8:];/gt1r_land_segments_terrain_h_te_best_fit[0:8:];/gt1r_land_segments_canopy_h_canopy[0:8:];/gt1r_land_segments_delta_time[0:8:];/gt1l_land_segments_latitude[0:8:];/gt1l_land_segments_longitude[0:8:];/gt1l_land_segments_terrain_h_te_best_fit[0:8:];/gt1l_land_segments_canopy_h_canopy[0:8:];/gt1l_land_segments_delta_time[0:8:]"; transmitting
1692903884,1556,timing,elapsed_us,17571,start_us,1692903884947593,stop_us,1692903884965164,-,DmrppArray::read_contiguous() -  name: gt1r_land_segments_latitude
1692903884,1556,timing,elapsed_us,17856,start_us,1692903884829269,stop_us,1692903884847125,-,DmrppArray::read_contiguous() -  name: gt3r_land_segments_delta_time
1692903884,1556,timing,elapsed_us,18198,start_us,1692903884847360,stop_us,1692903884865558,-,DmrppArray::read_contiguous() -  name: orbit_info_crossing_time
1692903884,1556,timing,elapsed_us,18888,start_us,1692903884810297,stop_us,1692903884829185,-,DmrppArray::read_contiguous() -  name: gt3l_land_segments_delta_time
1692903884,1556,timing,elapsed_us,19519,start_us,1692903884907534,stop_us,1692903884927053,-,DmrppArray::read_contiguous() -  name: gt1r_land_segments_terrain_h_te_best_fit
1692903884,1556,timing,elapsed_us,20114,start_us,1692903884887302,stop_us,1692903884907416,-,DmrppArray::read_contiguous() -  name: gt1r_land_segments_canopy_h_canopy
1692903884,1556,timing,elapsed_us,20371,start_us,1692903884927135,stop_us,1692903884947506,-,DmrppArray::read_contiguous() -  name: gt1r_land_segments_longitude
1692903884,1556,timing,elapsed_us,20600,start_us,1692903884767763,stop_us,1692903884788363,-,DmrppArray::read_contiguous() -  name: gt2l_land_segments_delta_time
1692903884,1556,timing,elapsed_us,20879,start_us,1692903884965370,stop_us,1692903884986249,-,DmrppArray::read_contiguous() -  name: gt2r_land_segments_canopy_h_canopy
1692903884,1556,timing,elapsed_us,21412,start_us,1692903884865725,stop_us,1692903884887137,-,DmrppArray::read_contiguous() -  name: orbit_info_rgt
1692903884,1556,timing,elapsed_us,21629,start_us,1692903884788473,stop_us,1692903884810102,-,DmrppArray::read_contiguous() -  name: gt2r_land_segments_delta_time
1692903884,1556,timing,elapsed_us,2377720,start_us,1692903882264141,stop_us,1692903884641861,-,RemoteResource::get_url() - source url: https://data.nsidc.uat.earthdatacloud.nasa.gov/nsidc-cumulus-uat-protected/ATLAS/ATL08/005/2020/01/01/ATL08_20200101145654_00900605_005_01.h5.dmrpp
1692903884,1556,timing,elapsed_us,26117,start_us,1692903884741542,stop_us,1692903884767659,-,DmrppArray::read_contiguous() -  name: gt1r_land_segments_delta_time
1692903884,1556,timing,elapsed_us,78909,start_us,1692903884662524,stop_us,1692903884741433,-,DmrppArray::read_contiguous() -  name: gt1l_land_segments_delta_time
1692903885,1556,timing,elapsed_us,17544,start_us,1692903885031624,stop_us,1692903885049168,-,DmrppArray::read_contiguous() -  name: gt2r_land_segments_latitude
1692903885,1556,timing,elapsed_us,18643,start_us,1692903885130193,stop_us,1692903885148836,-,DmrppArray::read_contiguous() -  name: gt3l_land_segments_canopy_h_canopy
1692903885,1556,timing,elapsed_us,18877,start_us,1692903885012662,stop_us,1692903885031539,-,DmrppArray::read_contiguous() -  name: gt2r_land_segments_longitude
1692903885,1556,timing,elapsed_us,18882,start_us,1692903885090626,stop_us,1692903885109508,-,DmrppArray::read_contiguous() -  name: gt1l_land_segments_longitude
1692903885,1556,timing,elapsed_us,19763,start_us,1692903885209426,stop_us,1692903885229189,-,DmrppArray::read_contiguous() -  name: gt3l_land_segments_latitude
1692903885,1556,timing,elapsed_us,20017,start_us,1692903885229360,stop_us,1692903885249377,-,DmrppArray::read_contiguous() -  name: gt2l_land_segments_canopy_h_canopy
1692903885,1556,timing,elapsed_us,20066,start_us,1692903885189195,stop_us,1692903885209261,-,DmrppArray::read_contiguous() -  name: gt3l_land_segments_longitude
1692903885,1556,timing,elapsed_us,20398,start_us,1692903885070151,stop_us,1692903885090549,-,DmrppArray::read_contiguous() -  name: gt1l_land_segments_terrain_h_te_best_fit
1692903885,1556,timing,elapsed_us,20440,start_us,1692903885249523,stop_us,1692903885269963,-,DmrppArray::read_contiguous() -  name: gt2l_land_segments_terrain_h_te_best_fit
1692903885,1556,timing,elapsed_us,20462,start_us,1692903885109575,stop_us,1692903885130037,-,DmrppArray::read_contiguous() -  name: gt1l_land_segments_latitude
1692903885,1556,timing,elapsed_us,20655,start_us,1692903885049334,stop_us,1692903885069989,-,DmrppArray::read_contiguous() -  name: gt1l_land_segments_canopy_h_canopy
1692903885,1556,timing,elapsed_us,20996,start_us,1692903885345532,stop_us,1692903885366528,-,DmrppArray::read_contiguous() -  name: gt2l_land_segments_latitude
1692903885,1556,timing,elapsed_us,210,start_us,1692903885549581,stop_us,1692903885549791,-,BESInterface::execute_request
1692903885,1556,timing,elapsed_us,237,start_us,1692903885549577,stop_us,1692903885549814,-,BESServerHandler::execute
1692903885,1556,timing,elapsed_us,26137,start_us,1692903884986433,stop_us,1692903885012570,-,DmrppArray::read_contiguous() -  name: gt2r_land_segments_terrain_h_te_best_fit
1692903885,1556,timing,elapsed_us,3483514,start_us,1692903882064756,stop_us,1692903885548270,-,BESInterface::execute_request
1692903885,1556,timing,elapsed_us,3484831,start_us,1692903882064725,stop_us,1692903885549556,-,BESServerHandler::execute
1692903885,1556,timing,elapsed_us,38517,start_us,1692903885509584,stop_us,1692903885548101,-,DmrppArray::read_contiguous() -  name: gt3r_land_segments_latitude
1692903885,1556,timing,elapsed_us,40100,start_us,1692903885148920,stop_us,1692903885189020,-,DmrppArray::read_contiguous() -  name: gt3l_land_segments_terrain_h_te_best_fit
1692903885,1556,timing,elapsed_us,40399,start_us,1692903885408472,stop_us,1692903885448871,-,DmrppArray::read_contiguous() -  name: gt3r_land_segments_terrain_h_te_best_fit
1692903885,1556,timing,elapsed_us,41677,start_us,1692903885366609,stop_us,1692903885408286,-,DmrppArray::read_contiguous() -  name: gt3r_land_segments_canopy_h_canopy
1692903885,1556,timing,elapsed_us,6,start_us,1692903885549778,stop_us,1692903885549784,client: /-2:131,show status; transmitting
1692903885,1556,timing,elapsed_us,60440,start_us,1692903885449060,stop_us,1692903885509500,-,DmrppArray::read_contiguous() -  name: gt3r_land_segments_longitude
1692903885,1556,timing,elapsed_us,75390,start_us,1692903885270037,stop_us,1692903885345427,-,DmrppArray::read_contiguous() -  name: gt2l_land_segments_longitude
1692903885,1556,timing,elapsed_us,887151,start_us,1692903884661098,stop_us,1692903885548249,-,BESDapResponseBuilder::serialize_dap4_data() - Timer
1692903885,1556,timing,elapsed_us,887568,start_us,1692903884660694,stop_us,1692903885548262,http-nio-8080-exec-7:35[bes_client:/-2],get dap for d1 return as dap2; transmitting
1692904049,1556,timing,elapsed_us,314970,start_us,1692904049621297,stop_us,1692904049936267,-,RemoteResource::get_url() - source url: https://cmr.uat.earthdata.nasa.gov/search/granules.umm_json_v1_4?collection_concept_id=C1241426826-NSIDC_CUAT&granule_ur=ATL03_20200101145654_00900605_005_01.h5
1692904049,1556,timing,elapsed_us,5,start_us,1692904049937165,stop_us,1692904049937170,http-nio-8080-exec-6:34[bes_client:/-2],define d1 in default as ngapContainer with ngapContainer.dap4constraint="/gt3r_geolocation_delta_time;/gt3r_geolocation_reference_photon_lat;/gt3r_geolocation_reference_photon_lon;/gt3r_geolocation_reference_photon_index;/gt3r_geolocation_segment_ph_cnt;/gt3r_geolocation_ph_index_beg;/gt3r_geolocation_segment_id"; transmitting
1692904049,1556,timing,elapsed_us,7,start_us,1692904049936786,stop_us,1692904049936793,http-nio-8080-exec-6:34[bes_client:/-2],set container in ngap values ngapContainer,collections/C1241426826-NSIDC_CUAT/granules/ATL03_20200101145654_00900605_005_01.h5; transmitting
1692904052,1556,timing,elapsed_us,2330685,start_us,1692904049938010,stop_us,1692904052268695,-,RemoteResource::get_url() - source url: https://data.nsidc.uat.earthdatacloud.nasa.gov/nsidc-cumulus-uat-protected/ATLAS/ATL03/005/2020/01/01/ATL03_20200101145654_00900605_005_01.h5.dmrpp
1692904054,1556,timing,elapsed_us,19308,start_us,1692904054877247,stop_us,1692904054896555,-,DmrppArray::read_super_chunks_unconstrained_concurrent() -  name: gt3r_geolocation_segment_id
1692904054,1556,timing,elapsed_us,21394,start_us,1692904054951484,stop_us,1692904054972878,-,DmrppArray::read_super_chunks_unconstrained_concurrent() -  name: gt3r_geolocation_reference_photon_index
1692904054,1556,timing,elapsed_us,2370251,start_us,1692904052312469,stop_us,1692904054682720,-,CurlUtils::retrieve_effective_url() -  Following Redirects Starting With: https://data.nsidc.uat.earthdatacloud.nasa.gov/nsidc-cumulus-uat-protected/ATLAS/ATL03/005/2020/01/01/ATL03_20200101145654_00900605_005_01.h5
1692904054,1556,timing,elapsed_us,31891,start_us,1692904054784175,stop_us,1692904054816066,-,DmrppArray::read_super_chunks_unconstrained_concurrent() -  name: gt3r_geolocation_reference_photon_lon
1692904054,1556,timing,elapsed_us,50571,start_us,1692904054898377,stop_us,1692904054948948,-,DmrppArray::read_super_chunks_unconstrained_concurrent() -  name: gt3r_geolocation_reference_photon_lat
1692904054,1556,timing,elapsed_us,55999,start_us,1692904054818636,stop_us,1692904054874635,-,DmrppArray::read_super_chunks_unconstrained_concurrent() -  name: gt3r_geolocation_ph_index_beg
1692904054,1556,timing,elapsed_us,97346,start_us,1692904054684863,stop_us,1692904054782209,-,DmrppArray::read_super_chunks_unconstrained_concurrent() -  name: gt3r_geolocation_segment_ph_cnt
1692904055,1556,timing,elapsed_us,251,start_us,1692904055031407,stop_us,1692904055031658,-,BESInterface::execute_request
1692904055,1556,timing,elapsed_us,2718554,start_us,1692904052310649,stop_us,1692904055029203,-,BESDapResponseBuilder::serialize_dap4_data() - Timer
1692904055,1556,timing,elapsed_us,2718912,start_us,1692904052310318,stop_us,1692904055029230,http-nio-8080-exec-6:34[bes_client:/-2],get dap for d1 return as dap2; transmitting
1692904055,1556,timing,elapsed_us,282,start_us,1692904055031403,stop_us,1692904055031685,-,BESServerHandler::execute
1692904055,1556,timing,elapsed_us,52079,start_us,1692904054974284,stop_us,1692904055026363,-,DmrppArray::read_super_chunks_unconstrained_concurrent() -  name: gt3r_geolocation_delta_time
1692904055,1556,timing,elapsed_us,5412480,start_us,1692904049616764,stop_us,1692904055029244,-,BESInterface::execute_request
1692904055,1556,timing,elapsed_us,5414655,start_us,1692904049616725,stop_us,1692904055031380,-,BESServerHandler::execute
1692904055,1556,timing,elapsed_us,7,start_us,1692904055031644,stop_us,1692904055031651,client: /-2:133,show status; transmitting
1692904143,1556,timing,elapsed_us,218587,start_us,1692904143113637,stop_us,1692904143332224,-,RemoteResource::get_url() - source url: https://cmr.uat.earthdata.nasa.gov/search/granules.umm_json_v1_4?collection_concept_id=C1241426826-NSIDC_CUAT&granule_ur=ATL03_20200101145654_00900605_005_01.h5
1692904143,1556,timing,elapsed_us,6,start_us,1692904143333530,stop_us,1692904143333536,http-nio-8080-exec-9:37[bes_client:/-2],define d1 in default as ngapContainer with ngapContainer.dap4constraint="/gt3r_geolocation_delta_time;/gt3r_geolocation_reference_photon_lat;/gt3r_geolocation_reference_photon_lon;/gt3r_geolocation_reference_photon_index;/gt3r_geolocation_segment_ph_cnt;/gt3r_geolocation_ph_index_beg;/gt3r_geolocation_segment_id"; transmitting
1692904143,1556,timing,elapsed_us,8,start_us,1692904143332703,stop_us,1692904143332711,http-nio-8080-exec-9:37[bes_client:/-2],set container in ngap values ngapContainer,collections/C1241426826-NSIDC_CUAT/granules/ATL03_20200101145654_00900605_005_01.h5; transmitting
1692904145,1556,timing,elapsed_us,21223,start_us,1692904145969333,stop_us,1692904145990556,-,DmrppArray::read_super_chunks_unconstrained_concurrent() -  name: gt3r_geolocation_ph_index_beg
1692904145,1556,timing,elapsed_us,2414162,start_us,1692904143334380,stop_us,1692904145748542,-,RemoteResource::get_url() - source url: https://data.nsidc.uat.earthdatacloud.nasa.gov/nsidc-cumulus-uat-protected/ATLAS/ATL03/005/2020/01/01/ATL03_20200101145654_00900605_005_01.h5.dmrpp
1692904145,1556,timing,elapsed_us,75229,start_us,1692904145794139,stop_us,1692904145869368,-,DmrppArray::read_super_chunks_unconstrained_concurrent() -  name: gt3r_geolocation_segment_ph_cnt
1692904145,1556,timing,elapsed_us,95747,start_us,1692904145871009,stop_us,1692904145966756,-,DmrppArray::read_super_chunks_unconstrained_concurrent() -  name: gt3r_geolocation_reference_photon_lon
1692904146,1556,timing,elapsed_us,18619,start_us,1692904145993135,stop_us,1692904146011754,-,DmrppArray::read_super_chunks_unconstrained_concurrent() -  name: gt3r_geolocation_segment_id
1692904146,1556,timing,elapsed_us,21058,start_us,1692904146043332,stop_us,1692904146064390,-,DmrppArray::read_super_chunks_unconstrained_concurrent() -  name: gt3r_geolocation_reference_photon_index
1692904146,1556,timing,elapsed_us,23373,start_us,1692904146065813,stop_us,1692904146089186,-,DmrppArray::read_super_chunks_unconstrained_concurrent() -  name: gt3r_geolocation_delta_time
1692904146,1556,timing,elapsed_us,266,start_us,1692904146095209,stop_us,1692904146095475,-,BESInterface::execute_request
1692904146,1556,timing,elapsed_us,27262,start_us,1692904146013569,stop_us,1692904146040831,-,DmrppArray::read_super_chunks_unconstrained_concurrent() -  name: gt3r_geolocation_reference_photon_lat
1692904146,1556,timing,elapsed_us,2983149,start_us,1692904143108764,stop_us,1692904146091913,-,BESInterface::execute_request
1692904146,1556,timing,elapsed_us,2985193,start_us,1692904143108728,stop_us,1692904146093921,-,BESServerHandler::execute
1692904146,1556,timing,elapsed_us,299764,start_us,1692904145792124,stop_us,1692904146091888,-,BESDapResponseBuilder::serialize_dap4_data() - Timer
1692904146,1556,timing,elapsed_us,300106,start_us,1692904145791799,stop_us,1692904146091905,http-nio-8080-exec-9:37[bes_client:/-2],get dap for d1 return as dap2; transmitting
1692904146,1556,timing,elapsed_us,305,start_us,1692904146095203,stop_us,1692904146095508,-,BESServerHandler::execute
1692904146,1556,timing,elapsed_us,7,start_us,1692904146095459,stop_us,1692904146095466,client: /-2:135,show status; transmitting
1692904225,1556,timing,elapsed_us,203864,start_us,1692904225101743,stop_us,1692904225305607,-,RemoteResource::get_url() - source url: https://cmr.uat.earthdata.nasa.gov/search/granules.umm_json_v1_4?collection_concept_id=C1241426826-NSIDC_CUAT&granule_ur=ATL03_20200101145654_00900605_005_01.h5
1692904225,1556,timing,elapsed_us,5,start_us,1692904225306876,stop_us,1692904225306881,http-nio-8080-exec-4:32[bes_client:/-2],define d1 in default as ngapContainer with ngapContainer.dap4constraint="/gt3r_geolocation_delta_time;/gt3r_geolocation_reference_photon_lat;/gt3r_geolocation_reference_photon_lon;/gt3r_geolocation_reference_photon_index;/gt3r_geolocation_segment_ph_cnt;/gt3r_geolocation_ph_index_beg;/gt3r_geolocation_segment_id"; transmitting
1692904225,1556,timing,elapsed_us,7,start_us,1692904225306060,stop_us,1692904225306067,http-nio-8080-exec-4:32[bes_client:/-2],set container in ngap values ngapContainer,collections/C1241426826-NSIDC_CUAT/granules/ATL03_20200101145654_00900605_005_01.h5; transmitting
1692904227,1556,timing,elapsed_us,18993,start_us,1692904227934625,stop_us,1692904227953618,-,DmrppArray::read_super_chunks_unconstrained_concurrent() -  name: gt3r_geolocation_reference_photon_index
1692904227,1556,timing,elapsed_us,19607,start_us,1692904227882421,stop_us,1692904227902028,-,DmrppArray::read_super_chunks_unconstrained_concurrent() -  name: gt3r_geolocation_segment_id
1692904227,1556,timing,elapsed_us,19640,start_us,1692904227860106,stop_us,1692904227879746,-,DmrppArray::read_super_chunks_unconstrained_concurrent() -  name: gt3r_geolocation_ph_index_beg
1692904227,1556,timing,elapsed_us,231,start_us,1692904227985297,stop_us,1692904227985528,-,BESInterface::execute_request
1692904227,1556,timing,elapsed_us,23343,start_us,1692904227955194,stop_us,1692904227978537,-,DmrppArray::read_super_chunks_unconstrained_concurrent() -  name: gt3r_geolocation_delta_time
1692904227,1556,timing,elapsed_us,2391950,start_us,1692904225307725,stop_us,1692904227699675,-,RemoteResource::get_url() - source url: https://data.nsidc.uat.earthdatacloud.nasa.gov/nsidc-cumulus-uat-protected/ATLAS/ATL03/005/2020/01/01/ATL03_20200101145654_00900605_005_01.h5.dmrpp
1692904227,1556,timing,elapsed_us,241126,start_us,1692904227740184,stop_us,1692904227981310,-,BESDapResponseBuilder::serialize_dap4_data() - Timer
1692904227,1556,timing,elapsed_us,241477,start_us,1692904227739854,stop_us,1692904227981331,http-nio-8080-exec-4:32[bes_client:/-2],get dap for d1 return as dap2; transmitting
1692904227,1556,timing,elapsed_us,268,start_us,1692904227985291,stop_us,1692904227985559,-,BESServerHandler::execute
1692904227,1556,timing,elapsed_us,28019,start_us,1692904227903946,stop_us,1692904227931965,-,DmrppArray::read_super_chunks_unconstrained_concurrent() -  name: gt3r_geolocation_reference_photon_lat
1692904227,1556,timing,elapsed_us,2884571,start_us,1692904225096768,stop_us,1692904227981339,-,BESInterface::execute_request
1692904227,1556,timing,elapsed_us,2886313,start_us,1692904225096731,stop_us,1692904227983044,-,BESServerHandler::execute
1692904227,1556,timing,elapsed_us,32784,start_us,1692904227824785,stop_us,1692904227857569,-,DmrppArray::read_super_chunks_unconstrained_concurrent() -  name: gt3r_geolocation_reference_photon_lon
1692904227,1556,timing,elapsed_us,7,start_us,1692904227985508,stop_us,1692904227985515,client: /-2:137,show status; transmitting
1692904227,1556,timing,elapsed_us,81060,start_us,1692904227742203,stop_us,1692904227823263,-,DmrppArray::read_super_chunks_unconstrained_concurrent() -  name: gt3r_geolocation_segment_ph_cnt
1692904317,1556,timing,elapsed_us,213060,start_us,1692904317105326,stop_us,1692904317318386,-,RemoteResource::get_url() - source url: https://cmr.uat.earthdata.nasa.gov/search/granules.umm_json_v1_4?collection_concept_id=C1241426826-NSIDC_CUAT&granule_ur=ATL03_20200101145654_00900605_005_01.h5
1692904317,1556,timing,elapsed_us,6,start_us,1692904317319709,stop_us,1692904317319715,http-nio-8080-exec-1:29[bes_client:/-2],define d1 in default as ngapContainer with ngapContainer.dap4constraint="/gt3r_heights_delta_time[6710118:149:8209976];/gt3r_heights_lat_ph[6710118:149:8209976];/gt3r_heights_lon_ph[6710118:149:8209976];/gt3r_heights_h_ph[6710118:149:8209976];/gt3r_heights_signal_conf_ph[6710118:149:8209976][0:1:4]"; transmitting
1692904317,1556,timing,elapsed_us,7,start_us,1692904317318863,stop_us,1692904317318870,http-nio-8080-exec-1:29[bes_client:/-2],set container in ngap values ngapContainer,collections/C1241426826-NSIDC_CUAT/granules/ATL03_20200101145654_00900605_005_01.h5; transmitting
1692904319,1556,timing,elapsed_us,150401,start_us,1692904319692145,stop_us,1692904319842546,-,DmrppArray::read_super_chunks_concurrent() -  name: gt3r_heights_lat_ph
1692904319,1556,timing,elapsed_us,2328751,start_us,1692904317320587,stop_us,1692904319649338,-,RemoteResource::get_url() - source url: https://data.nsidc.uat.earthdatacloud.nasa.gov/nsidc-cumulus-uat-protected/ATLAS/ATL03/005/2020/01/01/ATL03_20200101145654_00900605_005_01.h5.dmrpp
1692904319,1556,timing,elapsed_us,46510,start_us,1692904319846340,stop_us,1692904319892850,-,DmrppArray::read_super_chunks_concurrent() -  name: gt3r_heights_signal_conf_ph
1692904319,1556,timing,elapsed_us,99540,start_us,1692904319896505,stop_us,1692904319996045,-,DmrppArray::read_super_chunks_concurrent() -  name: gt3r_heights_h_ph
1692904320,1556,timing,elapsed_us,119482,start_us,1692904319999624,stop_us,1692904320119106,-,DmrppArray::read_super_chunks_concurrent() -  name: gt3r_heights_lon_ph
1692904320,1556,timing,elapsed_us,213,start_us,1692904320177783,stop_us,1692904320177996,-,BESInterface::execute_request
1692904320,1556,timing,elapsed_us,241,start_us,1692904320177779,stop_us,1692904320178020,-,BESServerHandler::execute
1692904320,1556,timing,elapsed_us,3074452,start_us,1692904317100773,stop_us,1692904320175225,-,BESInterface::execute_request
1692904320,1556,timing,elapsed_us,3077017,start_us,1692904317100735,stop_us,1692904320177752,-,BESServerHandler::execute
1692904320,1556,timing,elapsed_us,488175,start_us,1692904319687021,stop_us,1692904320175196,-,BESDapResponseBuilder::serialize_dap4_data() - Timer
1692904320,1556,timing,elapsed_us,488476,start_us,1692904319686740,stop_us,1692904320175216,http-nio-8080-exec-1:29[bes_client:/-2],get dap for d1 return as dap2; transmitting
1692904320,1556,timing,elapsed_us,51956,start_us,1692904320122818,stop_us,1692904320174774,-,DmrppArray::read_super_chunks_concurrent() -  name: gt3r_heights_delta_time
1692904320,1556,timing,elapsed_us,6,start_us,1692904320177982,stop_us,1692904320177988,client: /-2:139,show status; transmitting
1692904363,1556,timing,elapsed_us,225828,start_us,1692904363457231,stop_us,1692904363683059,-,RemoteResource::get_url() - source url: https://cmr.uat.earthdata.nasa.gov/search/granules.umm_json_v1_4?collection_concept_id=C1241426826-NSIDC_CUAT&granule_ur=ATL03_20200101145654_00900605_005_01.h5
1692904363,1556,timing,elapsed_us,6,start_us,1692904363684366,stop_us,1692904363684372,http-nio-8080-exec-8:36[bes_client:/-2],define d1 in default as ngapContainer with ngapContainer.dap4constraint="/gt3r_heights_delta_time[6710118:149:8209976];/gt3r_heights_lat_ph[6710118:149:8209976];/gt3r_heights_lon_ph[6710118:149:8209976];/gt3r_heights_h_ph[6710118:149:8209976];/gt3r_heights_signal_conf_ph[6710118:149:8209976][0:1:4]"; transmitting
1692904363,1556,timing,elapsed_us,8,start_us,1692904363683534,stop_us,1692904363683542,http-nio-8080-exec-8:36[bes_client:/-2],set container in ngap values ngapContainer,collections/C1241426826-NSIDC_CUAT/granules/ATL03_20200101145654_00900605_005_01.h5; transmitting
1692904366,1556,timing,elapsed_us,162944,start_us,1692904366069434,stop_us,1692904366232378,-,DmrppArray::read_super_chunks_concurrent() -  name: gt3r_heights_lat_ph
1692904366,1556,timing,elapsed_us,2337983,start_us,1692904363685260,stop_us,1692904366023243,-,RemoteResource::get_url() - source url: https://data.nsidc.uat.earthdatacloud.nasa.gov/nsidc-cumulus-uat-protected/ATLAS/ATL03/005/2020/01/01/ATL03_20200101145654_00900605_005_01.h5.dmrpp
1692904366,1556,timing,elapsed_us,242,start_us,1692904366500214,stop_us,1692904366500456,-,BESInterface::execute_request
1692904366,1556,timing,elapsed_us,270,start_us,1692904366500210,stop_us,1692904366500480,-,BESServerHandler::execute
1692904366,1556,timing,elapsed_us,28582,start_us,1692904366236164,stop_us,1692904366264746,-,DmrppArray::read_super_chunks_concurrent() -  name: gt3r_heights_signal_conf_ph
1692904366,1556,timing,elapsed_us,3044359,start_us,1692904363452774,stop_us,1692904366497133,-,BESInterface::execute_request
1692904366,1556,timing,elapsed_us,3047452,start_us,1692904363452735,stop_us,1692904366500187,-,BESServerHandler::execute
1692904366,1556,timing,elapsed_us,432784,start_us,1692904366064326,stop_us,1692904366497110,-,BESDapResponseBuilder::serialize_dap4_data() - Timer
1692904366,1556,timing,elapsed_us,433078,start_us,1692904366064047,stop_us,1692904366497125,http-nio-8080-exec-8:36[bes_client:/-2],get dap for d1 return as dap2; transmitting
1692904366,1556,timing,elapsed_us,52847,start_us,1692904366443836,stop_us,1692904366496683,-,DmrppArray::read_super_chunks_concurrent() -  name: gt3r_heights_delta_time
1692904366,1556,timing,elapsed_us,78154,start_us,1692904366268311,stop_us,1692904366346465,-,DmrppArray::read_super_chunks_concurrent() -  name: gt3r_heights_h_ph
1692904366,1556,timing,elapsed_us,8,start_us,1692904366500440,stop_us,1692904366500448,client: /-2:141,show status; transmitting
1692904366,1556,timing,elapsed_us,89881,start_us,1692904366350242,stop_us,1692904366440123,-,DmrppArray::read_super_chunks_concurrent() -  name: gt3r_heights_lon_ph
1692827183,1557,timing,elapsed_us,348283,start_us,1692827183561159,stop_us,1692827183909442,-,RemoteResource::get_url() - source url: https://cmr.uat.earthdata.nasa.gov/search/granules.umm_json_v1_4?collection_concept_id=C1241426950-NSIDC_CUAT&granule_ur=ATL10-01_20200101160505_00910601_005_02.h5
1692827183,1557,timing,elapsed_us,5,start_us,1692827183909808,stop_us,1692827183909813,http-nio-8080-exec-1:29[bes_client:/-3],define d1 in default as ngapContainer with ngapContainer.dap4constraint="/orbit_info_rgt;/orbit_info_crossing_time;/gt3r_freeboard_segment_latitude[0:1:];/gt3r_freeboard_segment_longitude[0:1:];/gt3r_freeboard_segment_beam_fb_height[0:1:];/gt3r_freeboard_segment_delta_time[0:1:];/gt3l_freeboard_segment_latitude[0:1:];/gt3l_freeboard_segment_longitude[0:1:];/gt3l_freeboard_segment_beam_fb_height[0:1:];/gt3l_freeboard_segment_delta_time[0:1:];/gt2r_freeboard_segment_latitude[0:1:];/gt2r_freeboard_segment_longitude[0:1:];/gt2r_freeboard_segment_beam_fb_height[0:1:];/gt2r_freeboard_segment_delta_time[0:1:];/gt2l_freeboard_segment_latitude[0:1:];/gt2l_freeboard_segment_longitude[0:1:];/gt2l_freeboard_segment_beam_fb_height[0:1:];/gt2l_freeboard_segment_delta_time[0:1:];/gt1r_freeboard_segment_latitude[0:1:];/gt1r_freeboard_segment_longitude[0:1:];/gt1r_freeboard_segment_beam_fb_height[0:1:];/gt1r_freeboard_segment_delta_time[0:1:];/gt1l_freeboard_segment_latitude[0:1:];/gt1l_freeboard_segment_longitude[0:1:];/gt1l_freeboard_segment_beam_fb_height[0:1:];/gt1l_freeboard_segment_delta_time[0:1:]"; transmitting
1692827183,1557,timing,elapsed_us,7,start_us,1692827183909784,stop_us,1692827183909791,http-nio-8080-exec-1:29[bes_client:/-3],set container in ngap values ngapContainer,collections/C1241426950-NSIDC_CUAT/granules/ATL10-01_20200101160505_00910601_005_02.h5; transmitting
1692827187,1557,timing,elapsed_us,172,start_us,1692827187462397,stop_us,1692827187462569,http-nio-8080-exec-1:29[bes_client:/-3],get dap for d1 return as dap2; transmitting
1692827187,1557,timing,elapsed_us,3534497,start_us,1692827183910694,stop_us,1692827187445191,-,RemoteResource::get_url() - source url: https://data.nsidc.uat.earthdatacloud.nasa.gov/nsidc-cumulus-uat-protected/ATLAS/ATL10/005/2020/01/01/ATL10-01_20200101160505_00910601_005_02.h5.dmrpp
1692827187,1557,timing,elapsed_us,3905885,start_us,1692827183556752,stop_us,1692827187462637,-,BESInterface::execute_request
1692827187,1557,timing,elapsed_us,3906312,start_us,1692827183556683,stop_us,1692827187462995,-,BESServerHandler::execute
1692827187,1557,timing,elapsed_us,512,start_us,1692827187513050,stop_us,1692827187513562,-,BESInterface::execute_request
1692827187,1557,timing,elapsed_us,556,start_us,1692827187513039,stop_us,1692827187513595,-,BESServerHandler::execute
1692827187,1557,timing,elapsed_us,7,start_us,1692827187513539,stop_us,1692827187513546,client: /-3:1,show status; transmitting
1692827193,1557,timing,elapsed_us,12,start_us,1692827193655568,stop_us,1692827193655580,http-nio-8080-exec-8:36[bes_client:/-3],set container in ngap values ngapContainer,collections/C1241426907-NSIDC_CUAT/granules/ATL08_20200101021201_00820603_005_01.h5; transmitting
1692827193,1557,timing,elapsed_us,209491,start_us,1692827193445636,stop_us,1692827193655127,-,RemoteResource::get_url() - source url: https://cmr.uat.earthdata.nasa.gov/search/granules.umm_json_v1_4?collection_concept_id=C1241426907-NSIDC_CUAT&granule_ur=ATL08_20200101021201_00820603_005_01.h5
1692827193,1557,timing,elapsed_us,9,start_us,1692827193655828,stop_us,1692827193655837,http-nio-8080-exec-8:36[bes_client:/-3],define d1 in default as ngapContainer with ngapContainer.dap4constraint="/orbit_info_rgt;/orbit_info_crossing_time;/gt3r_land_segments_latitude[0:1:];/gt3r_land_segments_longitude[0:1:];/gt3r_land_segments_terrain_h_te_best_fit[0:1:];/gt3r_land_segments_canopy_h_canopy[0:1:];/gt3r_land_segments_delta_time[0:1:];/gt3l_land_segments_latitude[0:1:];/gt3l_land_segments_longitude[0:1:];/gt3l_land_segments_terrain_h_te_best_fit[0:1:];/gt3l_land_segments_canopy_h_canopy[0:1:];/gt3l_land_segments_delta_time[0:1:];/gt2r_land_segments_latitude[0:1:];/gt2r_land_segments_longitude[0:1:];/gt2r_land_segments_terrain_h_te_best_fit[0:1:];/gt2r_land_segments_canopy_h_canopy[0:1:];/gt2r_land_segments_delta_time[0:1:];/gt2l_land_segments_latitude[0:1:];/gt2l_land_segments_longitude[0:1:];/gt2l_land_segments_terrain_h_te_best_fit[0:1:];/gt2l_land_segments_canopy_h_canopy[0:1:];/gt2l_land_segments_delta_time[0:1:];/gt1r_land_segments_latitude[0:1:];/gt1r_land_segments_longitude[0:1:];/gt1r_land_segments_terrain_h_te_best_fit[0:1:];/gt1r_land_segments_canopy_h_canopy[0:1:];/gt1r_land_segments_delta_time[0:1:];/gt1l_land_segments_latitude[0:1:];/gt1l_land_segments_longitude[0:1:];/gt1l_land_segments_terrain_h_te_best_fit[0:1:];/gt1l_land_segments_canopy_h_canopy[0:1:];/gt1l_land_segments_delta_time[0:1:]"; transmitting
1692827196,1557,timing,elapsed_us,2803965,start_us,1692827193656729,stop_us,1692827196460694,-,RemoteResource::get_url() - source url: https://data.nsidc.uat.earthdatacloud.nasa.gov/nsidc-cumulus-uat-protected/ATLAS/ATL08/005/2020/01/01/ATL08_20200101021201_00820603_005_01.h5.dmrpp
1692827199,1557,timing,elapsed_us,153379,start_us,1692827199472847,stop_us,1692827199626226,-,DmrppArray::read_contiguous() -  name: gt2l_land_segments_delta_time
1692827199,1557,timing,elapsed_us,196034,start_us,1692827199276586,stop_us,1692827199472620,-,DmrppArray::read_contiguous() -  name: gt1r_land_segments_delta_time
1692827199,1557,timing,elapsed_us,2596884,start_us,1692827196477545,stop_us,1692827199074429,-,CurlUtils::retrieve_effective_url() -  Following Redirects Starting With: https://data.nsidc.uat.earthdatacloud.nasa.gov/nsidc-cumulus-uat-protected/ATLAS/ATL08/005/2020/01/01/ATL08_20200101021201_00820603_005_01.h5
1692827199,1557,timing,elapsed_us,2798662,start_us,1692827196477487,stop_us,1692827199276149,-,DmrppArray::read_contiguous() -  name: gt1l_land_segments_delta_time
1692827200,1557,timing,elapsed_us,138897,start_us,1692827200175676,stop_us,1692827200314573,-,DmrppArray::read_contiguous() -  name: gt3r_land_segments_delta_time
1692827200,1557,timing,elapsed_us,149429,start_us,1692827200025814,stop_us,1692827200175243,-,DmrppArray::read_contiguous() -  name: gt3l_land_segments_delta_time
1692827200,1557,timing,elapsed_us,152929,start_us,1692827200784518,stop_us,1692827200937447,-,DmrppArray::read_contiguous() -  name: gt1r_land_segments_longitude
1692827200,1557,timing,elapsed_us,265136,start_us,1692827200445864,stop_us,1692827200711000,-,DmrppArray::read_contiguous() -  name: gt1r_land_segments_canopy_h_canopy
1692827200,1557,timing,elapsed_us,32958,start_us,1692827200412760,stop_us,1692827200445718,-,DmrppArray::read_contiguous() -  name: orbit_info_rgt
1692827200,1557,timing,elapsed_us,398724,start_us,1692827199626635,stop_us,1692827200025359,-,DmrppArray::read_contiguous() -  name: gt2r_land_segments_delta_time
1692827200,1557,timing,elapsed_us,72885,start_us,1692827200711193,stop_us,1692827200784078,-,DmrppArray::read_contiguous() -  name: gt1r_land_segments_terrain_h_te_best_fit
1692827200,1557,timing,elapsed_us,97824,start_us,1692827200314854,stop_us,1692827200412678,-,DmrppArray::read_contiguous() -  name: orbit_info_crossing_time
1692827201,1557,timing,elapsed_us,104811,start_us,1692827201031469,stop_us,1692827201136280,-,DmrppArray::read_contiguous() -  name: gt2r_land_segments_canopy_h_canopy
1692827201,1557,timing,elapsed_us,113677,start_us,1692827201352526,stop_us,1692827201466203,-,DmrppArray::read_contiguous() -  name: gt1l_land_segments_canopy_h_canopy
1692827201,1557,timing,elapsed_us,122961,start_us,1692827201136646,stop_us,1692827201259607,-,DmrppArray::read_contiguous() -  name: gt2r_land_segments_terrain_h_te_best_fit
1692827201,1557,timing,elapsed_us,126331,start_us,1692827201740216,stop_us,1692827201866547,-,DmrppArray::read_contiguous() -  name: gt3l_land_segments_canopy_h_canopy
1692827201,1557,timing,elapsed_us,132368,start_us,1692827201528791,stop_us,1692827201661159,-,DmrppArray::read_contiguous() -  name: gt1l_land_segments_longitude
1692827201,1557,timing,elapsed_us,18599,start_us,1692827201333592,stop_us,1692827201352191,-,DmrppArray::read_contiguous() -  name: gt2r_land_segments_latitude
1692827201,1557,timing,elapsed_us,62167,start_us,1692827201466495,stop_us,1692827201528662,-,DmrppArray::read_contiguous() -  name: gt1l_land_segments_terrain_h_te_best_fit
1692827201,1557,timing,elapsed_us,73342,start_us,1692827201259817,stop_us,1692827201333159,-,DmrppArray::read_contiguous() -  name: gt2r_land_segments_longitude
1692827201,1557,timing,elapsed_us,78637,start_us,1692827201661301,stop_us,1692827201739938,-,DmrppArray::read_contiguous() -  name: gt1l_land_segments_latitude
1692827201,1557,timing,elapsed_us,93359,start_us,1692827200937743,stop_us,1692827201031102,-,DmrppArray::read_contiguous() -  name: gt1r_land_segments_latitude
1692827202,1557,timing,elapsed_us,110784,start_us,1692827202079785,stop_us,1692827202190569,-,DmrppArray::read_contiguous() -  name: gt2l_land_segments_canopy_h_canopy
1692827202,1557,timing,elapsed_us,135,start_us,1692827202848704,stop_us,1692827202848839,-,BESInterface::execute_request
1692827202,1557,timing,elapsed_us,138158,start_us,1692827201866704,stop_us,1692827202004862,-,DmrppArray::read_contiguous() -  name: gt3l_land_segments_terrain_h_te_best_fit
1692827202,1557,timing,elapsed_us,141254,start_us,1692827202535222,stop_us,1692827202676476,-,DmrppArray::read_contiguous() -  name: gt3r_land_segments_terrain_h_te_best_fit
1692827202,1557,timing,elapsed_us,142020,start_us,1692827202392913,stop_us,1692827202534933,-,DmrppArray::read_contiguous() -  name: gt3r_land_segments_canopy_h_canopy
1692827202,1557,timing,elapsed_us,173,start_us,1692827202848696,stop_us,1692827202848869,-,BESServerHandler::execute
1692827202,1557,timing,elapsed_us,18485,start_us,1692827202005001,stop_us,1692827202023486,-,DmrppArray::read_contiguous() -  name: gt3l_land_segments_longitude
1692827202,1557,timing,elapsed_us,32599,start_us,1692827202676710,stop_us,1692827202709309,-,DmrppArray::read_contiguous() -  name: gt3r_land_segments_longitude
1692827202,1557,timing,elapsed_us,42944,start_us,1692827202349843,stop_us,1692827202392787,-,DmrppArray::read_contiguous() -  name: gt2l_land_segments_latitude
1692827202,1557,timing,elapsed_us,55822,start_us,1692827202023815,stop_us,1692827202079637,-,DmrppArray::read_contiguous() -  name: gt3l_land_segments_latitude
1692827202,1557,timing,elapsed_us,6318768,start_us,1692827196476046,stop_us,1692827202794814,-,BESDapResponseBuilder::serialize_dap4_data() - Timer
1692827202,1557,timing,elapsed_us,6319154,start_us,1692827196475673,stop_us,1692827202794827,http-nio-8080-exec-8:36[bes_client:/-3],get dap for d1 return as dap2; transmitting
1692827202,1557,timing,elapsed_us,7,start_us,1692827202848818,stop_us,1692827202848825,client: /-3:3,show status; transmitting
1692827202,1557,timing,elapsed_us,74476,start_us,1692827202190796,stop_us,1692827202265272,-,DmrppArray::read_contiguous() -  name: gt2l_land_segments_terrain_h_te_best_fit
1692827202,1557,timing,elapsed_us,84105,start_us,1692827202265560,stop_us,1692827202349665,-,DmrppArray::read_contiguous() -  name: gt2l_land_segments_longitude
1692827202,1557,timing,elapsed_us,84904,start_us,1692827202709482,stop_us,1692827202794386,-,DmrppArray::read_contiguous() -  name: gt3r_land_segments_latitude
1692827202,1557,timing,elapsed_us,9354154,start_us,1692827193440680,stop_us,1692827202794834,-,BESInterface::execute_request
1692827202,1557,timing,elapsed_us,9355298,start_us,1692827193440663,stop_us,1692827202795961,-,BESServerHandler::execute
1692827215,1557,timing,elapsed_us,251831,start_us,1692827215593692,stop_us,1692827215845523,-,RemoteResource::get_url() - source url: https://cmr.uat.earthdata.nasa.gov/search/granules.umm_json_v1_4?collection_concept_id=C1241426998-NSIDC_CUAT&granule_ur=ATL12_20200101191340_00930601_005_02.h5
1692827215,1557,timing,elapsed_us,8,start_us,1692827215845917,stop_us,1692827215845925,http-nio-8080-exec-6:34[bes_client:/-3],set container in ngap values ngapContainer,collections/C1241426998-NSIDC_CUAT/granules/ATL12_20200101191340_00930601_005_02.h5; transmitting
1692827215,1557,timing,elapsed_us,8,start_us,1692827215846204,stop_us,1692827215846212,http-nio-8080-exec-6:34[bes_client:/-3],define d1 in default as ngapContainer with ngapContainer.dap4constraint="/orbit_info_rgt;/orbit_info_crossing_time;/orbit_info_orbit_number;/gt3r_ssh_segments_latitude[0:1:];/gt3r_ssh_segments_longitude[0:1:];/gt3r_ssh_segments_heights_h[0:1:];/gt3r_ssh_segments_stats_orbit_number[0:1:];/gt3l_ssh_segments_latitude[0:1:];/gt3l_ssh_segments_longitude[0:1:];/gt3l_ssh_segments_heights_h[0:1:];/gt3l_ssh_segments_stats_orbit_number[0:1:];/gt2r_ssh_segments_latitude[0:1:];/gt2r_ssh_segments_longitude[0:1:];/gt2r_ssh_segments_heights_h[0:1:];/gt2r_ssh_segments_stats_orbit_number[0:1:];/gt2l_ssh_segments_latitude[0:1:];/gt2l_ssh_segments_longitude[0:1:];/gt2l_ssh_segments_heights_h[0:1:];/gt2l_ssh_segments_stats_orbit_number[0:1:];/gt1r_ssh_segments_latitude[0:1:];/gt1r_ssh_segments_longitude[0:1:];/gt1r_ssh_segments_heights_h[0:1:];/gt1r_ssh_segments_stats_orbit_number[0:1:];/gt1l_ssh_segments_latitude[0:1:];/gt1l_ssh_segments_longitude[0:1:];/gt1l_ssh_segments_heights_h[0:1:];/gt1l_ssh_segments_stats_orbit_number[0:1:]"; transmitting
1692827218,1557,timing,elapsed_us,2387677,start_us,1692827215847055,stop_us,1692827218234732,-,RemoteResource::get_url() - source url: https://data.nsidc.uat.earthdatacloud.nasa.gov/nsidc-cumulus-uat-protected/ATLAS/ATL12/005/2020/01/ATL12_20200101191340_00930601_005_02.h5.dmrpp
1692827220,1557,timing,elapsed_us,2628684,start_us,1692827218243255,stop_us,1692827220871939,-,CurlUtils::retrieve_effective_url() -  Following Redirects Starting With: https://data.nsidc.uat.earthdatacloud.nasa.gov/nsidc-cumulus-uat-protected/ATLAS/ATL12/005/2020/01/ATL12_20200101191340_00930601_005_02.h5
1692827221,1557,timing,elapsed_us,174809,start_us,1692827221567877,stop_us,1692827221742686,-,DmrppArray::read_super_chunks_unconstrained_concurrent() -  name: gt1r_ssh_segments_longitude
1692827221,1557,timing,elapsed_us,179079,start_us,1692827221150886,stop_us,1692827221329965,-,DmrppArray::read_super_chunks_unconstrained_concurrent() -  name: gt1r_ssh_segments_heights_h
1692827221,1557,timing,elapsed_us,236754,start_us,1692827221330455,stop_us,1692827221567209,-,DmrppArray::read_super_chunks_unconstrained_concurrent() -  name: gt1r_ssh_segments_latitude
1692827221,1557,timing,elapsed_us,24534,start_us,1692827221125922,stop_us,1692827221150456,-,DmrppArray::read_contiguous() -  name: orbit_info_rgt
1692827221,1557,timing,elapsed_us,2882521,start_us,1692827218243214,stop_us,1692827221125735,-,DmrppArray::read_contiguous() -  name: orbit_info_orbit_number
1692827222,1557,timing,elapsed_us,104412,start_us,1692827222898913,stop_us,1692827223003325,-,DmrppArray::read_contiguous() -  name: gt3l_ssh_segments_heights_h
1692827222,1557,timing,elapsed_us,117880,start_us,1692827222680467,stop_us,1692827222798347,-,DmrppArray::read_super_chunks_unconstrained_concurrent() -  name: gt2r_ssh_segments_stats_orbit_number
1692827222,1557,timing,elapsed_us,164798,start_us,1692827222436432,stop_us,1692827222601230,-,DmrppArray::read_super_chunks_unconstrained_concurrent() -  name: gt2r_ssh_segments_latitude
1692827222,1557,timing,elapsed_us,19183,start_us,1692827222846037,stop_us,1692827222865220,-,DmrppArray::read_contiguous() -  name: gt1l_ssh_segments_longitude
1692827222,1557,timing,elapsed_us,20665,start_us,1692827222825240,stop_us,1692827222845905,-,DmrppArray::read_contiguous() -  name: gt1l_ssh_segments_latitude
1692827222,1557,timing,elapsed_us,257020,start_us,1692827222179001,stop_us,1692827222436021,-,DmrppArray::read_super_chunks_unconstrained_concurrent() -  name: gt2r_ssh_segments_heights_h
1692827222,1557,timing,elapsed_us,26565,start_us,1692827222798549,stop_us,1692827222825114,-,DmrppArray::read_contiguous() -  name: gt1l_ssh_segments_heights_h
1692827222,1557,timing,elapsed_us,33418,start_us,1692827222865390,stop_us,1692827222898808,-,DmrppArray::read_contiguous() -  name: gt1l_ssh_segments_stats_orbit_number
1692827222,1557,timing,elapsed_us,435355,start_us,1692827221743330,stop_us,1692827222178685,-,DmrppArray::read_super_chunks_unconstrained_concurrent() -  name: gt1r_ssh_segments_stats_orbit_number
1692827222,1557,timing,elapsed_us,78066,start_us,1692827222601787,stop_us,1692827222679853,-,DmrppArray::read_super_chunks_unconstrained_concurrent() -  name: gt2r_ssh_segments_longitude
1692827223,1557,timing,elapsed_us,104725,start_us,1692827223295136,stop_us,1692827223399861,-,DmrppArray::read_contiguous() -  name: gt3l_ssh_segments_stats_orbit_number
1692827223,1557,timing,elapsed_us,111373,start_us,1692827223003568,stop_us,1692827223114941,-,DmrppArray::read_contiguous() -  name: gt3l_ssh_segments_latitude
1692827223,1557,timing,elapsed_us,113645,start_us,1692827223738593,stop_us,1692827223852238,-,DmrppArray::read_contiguous() -  name: gt2l_ssh_segments_stats_orbit_number
1692827223,1557,timing,elapsed_us,134073,start_us,1692827223399965,stop_us,1692827223534038,-,DmrppArray::read_contiguous() -  name: gt2l_ssh_segments_heights_h
1692827223,1557,timing,elapsed_us,135129,start_us,1692827223534280,stop_us,1692827223669409,-,DmrppArray::read_contiguous() -  name: gt2l_ssh_segments_latitude
1692827223,1557,timing,elapsed_us,151315,start_us,1692827223852628,stop_us,1692827224003943,-,DmrppArray::read_super_chunks_unconstrained_concurrent() -  name: gt3r_ssh_segments_heights_h
1692827223,1557,timing,elapsed_us,179885,start_us,1692827223115103,stop_us,1692827223294988,-,DmrppArray::read_contiguous() -  name: gt3l_ssh_segments_longitude
1692827223,1557,timing,elapsed_us,68806,start_us,1692827223669536,stop_us,1692827223738342,-,DmrppArray::read_contiguous() -  name: gt2l_ssh_segments_longitude
1692827224,1557,timing,elapsed_us,120728,start_us,1692827224176797,stop_us,1692827224297525,-,DmrppArray::read_super_chunks_unconstrained_concurrent() -  name: gt3r_ssh_segments_longitude
1692827224,1557,timing,elapsed_us,155,start_us,1692827224549089,stop_us,1692827224549244,-,BESInterface::execute_request
1692827224,1557,timing,elapsed_us,157575,start_us,1692827224298371,stop_us,1692827224455946,-,DmrppArray::read_super_chunks_unconstrained_concurrent() -  name: gt3r_ssh_segments_stats_orbit_number
1692827224,1557,timing,elapsed_us,171303,start_us,1692827224004445,stop_us,1692827224175748,-,DmrppArray::read_super_chunks_unconstrained_concurrent() -  name: gt3r_ssh_segments_latitude
1692827224,1557,timing,elapsed_us,194,start_us,1692827224549077,stop_us,1692827224549271,-,BESServerHandler::execute
1692827224,1557,timing,elapsed_us,22636,start_us,1692827224456362,stop_us,1692827224478998,-,DmrppArray::read_contiguous() -  name: orbit_info_crossing_time
1692827224,1557,timing,elapsed_us,6237695,start_us,1692827218241630,stop_us,1692827224479325,-,BESDapResponseBuilder::serialize_dap4_data() - Timer
1692827224,1557,timing,elapsed_us,6238062,start_us,1692827218241293,stop_us,1692827224479355,http-nio-8080-exec-6:34[bes_client:/-3],get dap for d1 return as dap2; transmitting
1692827224,1557,timing,elapsed_us,7,start_us,1692827224549226,stop_us,1692827224549233,client: /-3:5,show status; transmitting
1692827224,1557,timing,elapsed_us,8890642,start_us,1692827215588758,stop_us,1692827224479400,-,BESInterface::execute_request
1692827224,1557,timing,elapsed_us,8892125,start_us,1692827215588723,stop_us,1692827224480848,-,BESServerHandler::execute
1692828706,1557,timing,elapsed_us,267116,start_us,1692828706325461,stop_us,1692828706592577,-,RemoteResource::get_url() - source url: https://cmr.uat.earthdata.nasa.gov/search/granules.umm_json_v1_4?collection_concept_id=C1241426887-NSIDC_CUAT&granule_ur=ATL07-01_20200101015629_00820601_005_01.h5
1692828706,1557,timing,elapsed_us,8,start_us,1692828706593186,stop_us,1692828706593194,http-nio-8080-exec-2:30[bes_client:/-3],set container in ngap values ngapContainer,collections/C1241426887-NSIDC_CUAT/granules/ATL07-01_20200101015629_00820601_005_01.h5; transmitting
1692828706,1557,timing,elapsed_us,8,start_us,1692828706593362,stop_us,1692828706593370,http-nio-8080-exec-2:30[bes_client:/-3],define d1 in default as ngapContainer with ngapContainer.dap4constraint="/orbit_info_rgt;/orbit_info_crossing_time;/gt3r_sea_ice_segments_latitude[0:1024:];/gt3r_sea_ice_segments_longitude[0:1024:];/gt3r_sea_ice_segments_delta_time[0:1024:];/gt3l_sea_ice_segments_latitude[0:1024:];/gt3l_sea_ice_segments_longitude[0:1024:];/gt3l_sea_ice_segments_delta_time[0:1024:];/gt2r_sea_ice_segments_latitude[0:1024:];/gt2r_sea_ice_segments_longitude[0:1024:];/gt2r_sea_ice_segments_delta_time[0:1024:];/gt2l_sea_ice_segments_latitude[0:1024:];/gt2l_sea_ice_segments_longitude[0:1024:];/gt2l_sea_ice_segments_delta_time[0:1024:];/gt1r_sea_ice_segments_latitude[0:1024:];/gt1r_sea_ice_segments_longitude[0:1024:];/gt1r_sea_ice_segments_delta_time[0:1024:];/gt1l_sea_ice_segments_latitude[0:1024:];/gt1l_sea_ice_segments_longitude[0:1024:];/gt1l_sea_ice_segments_delta_time[0:1024:]"; transmitting
1692828708,1557,timing,elapsed_us,2300853,start_us,1692828706594257,stop_us,1692828708895110,-,RemoteResource::get_url() - source url: https://data.nsidc.uat.earthdatacloud.nasa.gov/nsidc-cumulus-uat-protected/ATLAS/ATL07/005/2020/01/01/ATL07-01_20200101015629_00820601_005_01.h5.dmrpp
1692828711,1557,timing,elapsed_us,107130,start_us,1692828711850568,stop_us,1692828711957698,-,DmrppArray::read_super_chunks_concurrent() -  name: gt2r_sea_ice_segments_latitude
1692828711,1557,timing,elapsed_us,157767,start_us,1692828711691843,stop_us,1692828711849610,-,DmrppArray::read_super_chunks_concurrent() -  name: gt2r_sea_ice_segments_longitude
1692828711,1557,timing,elapsed_us,158948,start_us,1692828711531893,stop_us,1692828711690841,-,DmrppArray::read_super_chunks_concurrent() -  name: gt1r_sea_ice_segments_latitude
1692828711,1557,timing,elapsed_us,206647,start_us,1692828711323917,stop_us,1692828711530564,-,DmrppArray::read_super_chunks_concurrent() -  name: gt1r_sea_ice_segments_longitude
1692828711,1557,timing,elapsed_us,2329931,start_us,1692828708911709,stop_us,1692828711241640,-,CurlUtils::retrieve_effective_url() -  Following Redirects Starting With: https://data.nsidc.uat.earthdatacloud.nasa.gov/nsidc-cumulus-uat-protected/ATLAS/ATL07/005/2020/01/01/ATL07-01_20200101015629_00820601_005_01.h5
1692828711,1557,timing,elapsed_us,2411040,start_us,1692828708911664,stop_us,1692828711322704,-,DmrppArray::read_contiguous() -  name: orbit_info_rgt
1692828712,1557,timing,elapsed_us,113985,start_us,1692828712619192,stop_us,1692828712733177,-,DmrppArray::read_super_chunks_concurrent() -  name: gt2l_sea_ice_segments_delta_time
1692828712,1557,timing,elapsed_us,162298,start_us,1692828712799056,stop_us,1692828712961354,-,DmrppArray::read_super_chunks_concurrent() -  name: gt3l_sea_ice_segments_delta_time
1692828712,1557,timing,elapsed_us,167459,start_us,1692828712291276,stop_us,1692828712458735,-,DmrppArray::read_super_chunks_concurrent() -  name: gt3r_sea_ice_segments_latitude
1692828712,1557,timing,elapsed_us,37175,start_us,1692828712160886,stop_us,1692828712198061,-,DmrppArray::read_super_chunks_concurrent() -  name: gt2l_sea_ice_segments_longitude
1692828712,1557,timing,elapsed_us,38867,start_us,1692828712199033,stop_us,1692828712237900,-,DmrppArray::read_super_chunks_concurrent() -  name: gt2l_sea_ice_segments_latitude
1692828712,1557,timing,elapsed_us,42998,start_us,1692828712116840,stop_us,1692828712159838,-,DmrppArray::read_super_chunks_concurrent() -  name: gt3l_sea_ice_segments_latitude
1692828712,1557,timing,elapsed_us,43475,start_us,1692828712027530,stop_us,1692828712071005,-,DmrppArray::read_super_chunks_concurrent() -  name: gt1l_sea_ice_segments_latitude
1692828712,1557,timing,elapsed_us,43614,start_us,1692828712072197,stop_us,1692828712115811,-,DmrppArray::read_super_chunks_concurrent() -  name: gt3l_sea_ice_segments_longitude
1692828712,1557,timing,elapsed_us,50930,start_us,1692828712239122,stop_us,1692828712290052,-,DmrppArray::read_super_chunks_concurrent() -  name: gt3r_sea_ice_segments_longitude
1692828712,1557,timing,elapsed_us,63544,start_us,1692828712734270,stop_us,1692828712797814,-,DmrppArray::read_super_chunks_concurrent() -  name: gt2r_sea_ice_segments_delta_time
1692828712,1557,timing,elapsed_us,67780,start_us,1692828711958644,stop_us,1692828712026424,-,DmrppArray::read_super_chunks_concurrent() -  name: gt1l_sea_ice_segments_longitude
1692828712,1557,timing,elapsed_us,72307,start_us,1692828712545833,stop_us,1692828712618140,-,DmrppArray::read_super_chunks_concurrent() -  name: gt1r_sea_ice_segments_delta_time
1692828712,1557,timing,elapsed_us,84963,start_us,1692828712459805,stop_us,1692828712544768,-,DmrppArray::read_super_chunks_concurrent() -  name: gt1l_sea_ice_segments_delta_time
1692828713,1557,timing,elapsed_us,142,start_us,1692828713039123,stop_us,1692828713039265,-,BESInterface::execute_request
1692828713,1557,timing,elapsed_us,169,start_us,1692828713039119,stop_us,1692828713039288,-,BESServerHandler::execute
1692828713,1557,timing,elapsed_us,17151,start_us,1692828713020479,stop_us,1692828713037630,-,DmrppArray::read_contiguous() -  name: orbit_info_crossing_time
1692828713,1557,timing,elapsed_us,4127388,start_us,1692828708910403,stop_us,1692828713037791,-,BESDapResponseBuilder::serialize_dap4_data() - Timer
1692828713,1557,timing,elapsed_us,4127762,start_us,1692828708910045,stop_us,1692828713037807,http-nio-8080-exec-2:30[bes_client:/-3],get dap for d1 return as dap2; transmitting
1692828713,1557,timing,elapsed_us,57844,start_us,1692828712962508,stop_us,1692828713020352,-,DmrppArray::read_super_chunks_concurrent() -  name: gt3r_sea_ice_segments_delta_time
1692828713,1557,timing,elapsed_us,6717074,start_us,1692828706320748,stop_us,1692828713037822,-,BESInterface::execute_request
1692828713,1557,timing,elapsed_us,6718387,start_us,1692828706320713,stop_us,1692828713039100,-,BESServerHandler::execute
1692828713,1557,timing,elapsed_us,7,start_us,1692828713039251,stop_us,1692828713039258,client: /-3:7,show status; transmitting
1692829173,1557,timing,elapsed_us,223224,start_us,1692829173638399,stop_us,1692829173861623,-,RemoteResource::get_url() - source url: https://cmr.uat.earthdata.nasa.gov/search/granules.umm_json_v1_4?collection_concept_id=C1259239346-POCUMULUS&granule_ur=20230821140000-STAR-L2P_GHRSST-SSTsubskin-AHI_H09-ACSPO_V2.90-v02.0-fv01.0
1692829173,1557,timing,elapsed_us,6,start_us,1692829173862296,stop_us,1692829173862302,http-nio-8080-exec-6:34[bes_client:/-3],define d1 in default as ngapContainer; transmitting
1692829173,1557,timing,elapsed_us,7,start_us,1692829173861974,stop_us,1692829173861981,http-nio-8080-exec-6:34[bes_client:/-3],set container in ngap values ngapContainer,collections/C1259239346-POCUMULUS/granules/20230821140000-STAR-L2P_GHRSST-SSTsubskin-AHI_H09-ACSPO_V2.90-v02.0-fv01.0; transmitting
1692829176,1557,timing,elapsed_us,2317280,start_us,1692829173863637,stop_us,1692829176180917,-,RemoteResource::get_url() - source url: https://archive.podaac.sit.earthdata.nasa.gov/podaac-sit-cumulus-protected/H09-AHI-L2P-ACSPO-v2.90/20230821140000-STAR-L2P_GHRSST-SSTsubskin-AHI_H09-ACSPO_V2.90-v02.0-fv01.0.nc.dmrpp
1692829178,1557,timing,elapsed_us,2360394,start_us,1692829176183198,stop_us,1692829178543592,-,CurlUtils::retrieve_effective_url() -  Following Redirects Starting With: https://archive.podaac.sit.earthdata.nasa.gov/podaac-sit-cumulus-protected/H09-AHI-L2P-ACSPO-v2.90/20230821140000-STAR-L2P_GHRSST-SSTsubskin-AHI_H09-ACSPO_V2.90-v02.0-fv01.0.nc
1692829178,1557,timing,elapsed_us,2513058,start_us,1692829176183148,stop_us,1692829178696206,-,DmrppArray::read_contiguous() -  name: nj
1692829178,1557,timing,elapsed_us,43186,start_us,1692829178698314,stop_us,1692829178741500,-,DmrppArray::read_contiguous() -  name: time
1692829178,1557,timing,elapsed_us,70965,start_us,1692829178741603,stop_us,1692829178812568,-,DmrppArray::read_contiguous() -  name: ni
1692829179,1557,timing,elapsed_us,334740,start_us,1692829178814667,stop_us,1692829179149407,-,DmrppArray::read_super_chunks_unconstrained_concurrent() -  name: brightness_temperature_11um2
1692829183,1557,timing,elapsed_us,407369,start_us,1692829182933676,stop_us,1692829183341045,-,DmrppArray::read_super_chunks_unconstrained_concurrent() -  name: brightness_temperature_08um6
1692829187,1557,timing,elapsed_us,60770,start_us,1692829187024939,stop_us,1692829187085709,-,DmrppArray::read_super_chunks_unconstrained_concurrent() -  name: sst_dtime
1692829189,1557,timing,elapsed_us,188710,start_us,1692829189373432,stop_us,1692829189562142,-,DmrppArray::read_super_chunks_unconstrained_concurrent() -  name: sst_front_position
1692829191,1557,timing,elapsed_us,109399,start_us,1692829191299021,stop_us,1692829191408420,-,DmrppArray::read_super_chunks_unconstrained_concurrent() -  name: l2p_flags
1692829193,1557,timing,elapsed_us,156894,start_us,1692829193510678,stop_us,1692829193667572,-,DmrppArray::read_super_chunks_unconstrained_concurrent() -  name: sea_surface_temperature
1692829197,1557,timing,elapsed_us,42927,start_us,1692829197357734,stop_us,1692829197400661,-,DmrppArray::read_super_chunks_unconstrained_concurrent() -  name: quality_level
1692829199,1557,timing,elapsed_us,413840,start_us,1692829199178032,stop_us,1692829199591872,-,DmrppArray::read_super_chunks_unconstrained_concurrent() -  name: dt_analysis
1692829203,1557,timing,elapsed_us,295251,start_us,1692829202812584,stop_us,1692829203107835,-,DmrppArray::read_super_chunks_unconstrained_concurrent() -  name: brightness_temperature_12um3
1692829207,1557,timing,elapsed_us,198539,start_us,1692829206871548,stop_us,1692829207070087,-,DmrppArray::read_super_chunks_unconstrained_concurrent() -  name: satellite_zenith_angle
1692829218,1557,timing,elapsed_us,143891,start_us,1692829218410720,stop_us,1692829218554611,-,DmrppArray::read_super_chunks_unconstrained_concurrent() -  name: sst_gradient_magnitude
1692829220,1557,timing,elapsed_us,115809,start_us,1692829220845701,stop_us,1692829220961510,-,DmrppArray::read_super_chunks_unconstrained_concurrent() -  name: wind_speed
1692829223,1557,timing,elapsed_us,214570,start_us,1692829223130522,stop_us,1692829223345092,-,DmrppArray::read_super_chunks_unconstrained_concurrent() -  name: brightness_temperature_10um4
1692829227,1557,timing,elapsed_us,165858,start_us,1692829227071487,stop_us,1692829227237345,-,DmrppArray::read_super_chunks_unconstrained_concurrent() -  name: sses_bias
1692829229,1557,timing,elapsed_us,122210,start_us,1692829229407676,stop_us,1692829229529886,-,DmrppArray::read_super_chunks_unconstrained_concurrent() -  name: sses_standard_deviation
1692829231,1557,timing,elapsed_us,150,start_us,1692829231787401,stop_us,1692829231787551,-,BESInterface::execute_request
1692829231,1557,timing,elapsed_us,193,start_us,1692829231787392,stop_us,1692829231787585,-,BESServerHandler::execute
1692829231,1557,timing,elapsed_us,55528950,start_us,1692829176183077,stop_us,1692829231712027,http-nio-8080-exec-6:34[bes_client:/-3],get dap for d1 return as csv; transmitting
1692829231,1557,timing,elapsed_us,58083309,start_us,1692829173628759,stop_us,1692829231712068,-,BESInterface::execute_request
1692829231,1557,timing,elapsed_us,58116153,start_us,1692829173628723,stop_us,1692829231744876,-,BESServerHandler::execute
1692829231,1557,timing,elapsed_us,8,start_us,1692829231787530,stop_us,1692829231787538,client: /-3:9,show status; transmitting
1692829353,1557,timing,elapsed_us,262433,start_us,1692829353289303,stop_us,1692829353551736,-,RemoteResource::get_url() - source url: https://cmr.uat.earthdata.nasa.gov/search/granules.umm_json_v1_4?collection_concept_id=C1241426887-NSIDC_CUAT&granule_ur=ATL07-01_20200101015629_00820601_005_01.h5
1692829353,1557,timing,elapsed_us,7,start_us,1692829353552154,stop_us,1692829353552161,http-nio-8080-exec-3:31[bes_client:/-3],set container in ngap values ngapContainer,collections/C1241426887-NSIDC_CUAT/granules/ATL07-01_20200101015629_00820601_005_01.h5; transmitting
1692829353,1557,timing,elapsed_us,8,start_us,1692829353552237,stop_us,1692829353552245,http-nio-8080-exec-3:31[bes_client:/-3],define d1 in default as ngapContainer with ngapContainer.dap4constraint="/orbit_info_rgt;/orbit_info_crossing_time;/gt3r_sea_ice_segments_latitude[0:1024:];/gt3r_sea_ice_segments_longitude[0:1024:];/gt3r_sea_ice_segments_delta_time[0:1024:];/gt3l_sea_ice_segments_latitude[0:1024:];/gt3l_sea_ice_segments_longitude[0:1024:];/gt3l_sea_ice_segments_delta_time[0:1024:];/gt2r_sea_ice_segments_latitude[0:1024:];/gt2r_sea_ice_segments_longitude[0:1024:];/gt2r_sea_ice_segments_delta_time[0:1024:];/gt2l_sea_ice_segments_latitude[0:1024:];/gt2l_sea_ice_segments_longitude[0:1024:];/gt2l_sea_ice_segments_delta_time[0:1024:];/gt1r_sea_ice_segments_latitude[0:1024:];/gt1r_sea_ice_segments_longitude[0:1024:];/gt1r_sea_ice_segments_delta_time[0:1024:];/gt1l_sea_ice_segments_latitude[0:1024:];/gt1l_sea_ice_segments_longitude[0:1024:];/gt1l_sea_ice_segments_delta_time[0:1024:]"; transmitting
1692829355,1557,timing,elapsed_us,2300922,start_us,1692829353553148,stop_us,1692829355854070,-,RemoteResource::get_url() - source url: https://data.nsidc.uat.earthdatacloud.nasa.gov/nsidc-cumulus-uat-protected/ATLAS/ATL07/005/2020/01/01/ATL07-01_20200101015629_00820601_005_01.h5.dmrpp
1692829356,1557,timing,elapsed_us,113307,start_us,1692829356309301,stop_us,1692829356422608,-,DmrppArray::read_super_chunks_concurrent() -  name: gt1r_sea_ice_segments_latitude
1692829356,1557,timing,elapsed_us,117330,start_us,1692829356478925,stop_us,1692829356596255,-,DmrppArray::read_super_chunks_concurrent() -  name: gt2r_sea_ice_segments_latitude
1692829356,1557,timing,elapsed_us,130538,start_us,1692829356872999,stop_us,1692829357003537,-,DmrppArray::read_super_chunks_concurrent() -  name: gt2l_sea_ice_segments_longitude
1692829356,1557,timing,elapsed_us,145613,start_us,1692829355869761,stop_us,1692829356015374,-,DmrppArray::read_contiguous() -  name: orbit_info_rgt
1692829356,1557,timing,elapsed_us,291649,start_us,1692829356016478,stop_us,1692829356308127,-,DmrppArray::read_super_chunks_concurrent() -  name: gt1r_sea_ice_segments_longitude
1692829356,1557,timing,elapsed_us,42267,start_us,1692829356763971,stop_us,1692829356806238,-,DmrppArray::read_super_chunks_concurrent() -  name: gt3l_sea_ice_segments_longitude
1692829356,1557,timing,elapsed_us,54305,start_us,1692829356423678,stop_us,1692829356477983,-,DmrppArray::read_super_chunks_concurrent() -  name: gt2r_sea_ice_segments_longitude
1692829356,1557,timing,elapsed_us,64683,start_us,1692829356807360,stop_us,1692829356872043,-,DmrppArray::read_super_chunks_concurrent() -  name: gt3l_sea_ice_segments_latitude
1692829356,1557,timing,elapsed_us,72557,start_us,1692829356690280,stop_us,1692829356762837,-,DmrppArray::read_super_chunks_concurrent() -  name: gt1l_sea_ice_segments_latitude
1692829356,1557,timing,elapsed_us,91984,start_us,1692829356597291,stop_us,1692829356689275,-,DmrppArray::read_super_chunks_concurrent() -  name: gt1l_sea_ice_segments_longitude
1692829357,1557,timing,elapsed_us,131,start_us,1692829357585792,stop_us,1692829357585923,-,BESInterface::execute_request
1692829357,1557,timing,elapsed_us,160,start_us,1692829357585788,stop_us,1692829357585948,-,BESServerHandler::execute
1692829357,1557,timing,elapsed_us,1715856,start_us,1692829355868469,stop_us,1692829357584325,-,BESDapResponseBuilder::serialize_dap4_data() - Timer
1692829357,1557,timing,elapsed_us,1716247,start_us,1692829355868110,stop_us,1692829357584357,http-nio-8080-exec-3:31[bes_client:/-3],get dap for d1 return as dap2; transmitting
1692829357,1557,timing,elapsed_us,39363,start_us,1692829357004531,stop_us,1692829357043894,-,DmrppArray::read_super_chunks_concurrent() -  name: gt2l_sea_ice_segments_latitude
1692829357,1557,timing,elapsed_us,39786,start_us,1692829357544262,stop_us,1692829357584048,-,DmrppArray::read_contiguous() -  name: orbit_info_crossing_time
1692829357,1557,timing,elapsed_us,4299616,start_us,1692829353284757,stop_us,1692829357584373,-,BESInterface::execute_request
1692829357,1557,timing,elapsed_us,4301042,start_us,1692829353284724,stop_us,1692829357585766,-,BESServerHandler::execute
1692829357,1557,timing,elapsed_us,44547,start_us,1692829357149127,stop_us,1692829357193674,-,DmrppArray::read_super_chunks_concurrent() -  name: gt1l_sea_ice_segments_delta_time
1692829357,1557,timing,elapsed_us,45824,start_us,1692829357044952,stop_us,1692829357090776,-,DmrppArray::read_super_chunks_concurrent() -  name: gt3r_sea_ice_segments_longitude
1692829357,1557,timing,elapsed_us,48970,start_us,1692829357495183,stop_us,1692829357544153,-,DmrppArray::read_super_chunks_concurrent() -  name: gt3r_sea_ice_segments_delta_time
1692829357,1557,timing,elapsed_us,55004,start_us,1692829357194849,stop_us,1692829357249853,-,DmrppArray::read_super_chunks_concurrent() -  name: gt1r_sea_ice_segments_delta_time
1692829357,1557,timing,elapsed_us,55751,start_us,1692829357091990,stop_us,1692829357147741,-,DmrppArray::read_super_chunks_concurrent() -  name: gt3r_sea_ice_segments_latitude
1692829357,1557,timing,elapsed_us,6,start_us,1692829357585910,stop_us,1692829357585916,client: /-3:11,show status; transmitting
1692829357,1557,timing,elapsed_us,64280,start_us,1692829357429822,stop_us,1692829357494102,-,DmrppArray::read_super_chunks_concurrent() -  name: gt3l_sea_ice_segments_delta_time
1692829357,1557,timing,elapsed_us,86412,start_us,1692829357250831,stop_us,1692829357337243,-,DmrppArray::read_super_chunks_concurrent() -  name: gt2l_sea_ice_segments_delta_time
1692829357,1557,timing,elapsed_us,90533,start_us,1692829357338128,stop_us,1692829357428661,-,DmrppArray::read_super_chunks_concurrent() -  name: gt2r_sea_ice_segments_delta_time
1692829391,1557,timing,elapsed_us,213843,start_us,1692829391665375,stop_us,1692829391879218,-,RemoteResource::get_url() - source url: https://cmr.uat.earthdata.nasa.gov/search/granules.umm_json_v1_4?collection_concept_id=C1241426887-NSIDC_CUAT&granule_ur=ATL07-01_20200101015629_00820601_005_01.h5
1692829391,1557,timing,elapsed_us,7,start_us,1692829391879658,stop_us,1692829391879665,http-nio-8080-exec-5:33[bes_client:/-3],set container in ngap values ngapContainer,collections/C1241426887-NSIDC_CUAT/granules/ATL07-01_20200101015629_00820601_005_01.h5; transmitting
1692829391,1557,timing,elapsed_us,7,start_us,1692829391880000,stop_us,1692829391880007,http-nio-8080-exec-5:33[bes_client:/-3],define d1 in default as ngapContainer with ngapContainer.dap4constraint="/orbit_info_rgt;/orbit_info_crossing_time;/gt3r_sea_ice_segments_latitude[0:1024:];/gt3r_sea_ice_segments_longitude[0:1024:];/gt3r_sea_ice_segments_delta_time[0:1024:];/gt3l_sea_ice_segments_latitude[0:1024:];/gt3l_sea_ice_segments_longitude[0:1024:];/gt3l_sea_ice_segments_delta_time[0:1024:];/gt2r_sea_ice_segments_latitude[0:1024:];/gt2r_sea_ice_segments_longitude[0:1024:];/gt2r_sea_ice_segments_delta_time[0:1024:];/gt2l_sea_ice_segments_latitude[0:1024:];/gt2l_sea_ice_segments_longitude[0:1024:];/gt2l_sea_ice_segments_delta_time[0:1024:];/gt1r_sea_ice_segments_latitude[0:1024:];/gt1r_sea_ice_segments_longitude[0:1024:];/gt1r_sea_ice_segments_delta_time[0:1024:];/gt1l_sea_ice_segments_latitude[0:1024:];/gt1l_sea_ice_segments_longitude[0:1024:];/gt1l_sea_ice_segments_delta_time[0:1024:]"; transmitting
1692829394,1557,timing,elapsed_us,102592,start_us,1692829394206841,stop_us,1692829394309433,-,DmrppArray::read_contiguous() -  name: orbit_info_rgt
1692829394,1557,timing,elapsed_us,109333,start_us,1692829394568507,stop_us,1692829394677840,-,DmrppArray::read_super_chunks_concurrent() -  name: gt1r_sea_ice_segments_latitude
1692829394,1557,timing,elapsed_us,2308835,start_us,1692829391880911,stop_us,1692829394189746,-,RemoteResource::get_url() - source url: https://data.nsidc.uat.earthdatacloud.nasa.gov/nsidc-cumulus-uat-protected/ATLAS/ATL07/005/2020/01/01/ATL07-01_20200101015629_00820601_005_01.h5.dmrpp
1692829394,1557,timing,elapsed_us,256669,start_us,1692829394310764,stop_us,1692829394567433,-,DmrppArray::read_super_chunks_concurrent() -  name: gt1r_sea_ice_segments_longitude
1692829394,1557,timing,elapsed_us,42517,start_us,1692829394819523,stop_us,1692829394862040,-,DmrppArray::read_super_chunks_concurrent() -  name: gt1l_sea_ice_segments_longitude
1692829394,1557,timing,elapsed_us,44008,start_us,1692829394863149,stop_us,1692829394907157,-,DmrppArray::read_super_chunks_concurrent() -  name: gt1l_sea_ice_segments_latitude
1692829394,1557,timing,elapsed_us,62008,start_us,1692829394756480,stop_us,1692829394818488,-,DmrppArray::read_super_chunks_concurrent() -  name: gt2r_sea_ice_segments_latitude
1692829394,1557,timing,elapsed_us,64060,start_us,1692829394908298,stop_us,1692829394972358,-,DmrppArray::read_super_chunks_concurrent() -  name: gt3l_sea_ice_segments_longitude
1692829394,1557,timing,elapsed_us,76516,start_us,1692829394678753,stop_us,1692829394755269,-,DmrppArray::read_super_chunks_concurrent() -  name: gt2r_sea_ice_segments_longitude
1692829395,1557,timing,elapsed_us,135,start_us,1692829395950044,stop_us,1692829395950179,-,BESInterface::execute_request
1692829395,1557,timing,elapsed_us,162,start_us,1692829395950040,stop_us,1692829395950202,-,BESServerHandler::execute
1692829395,1557,timing,elapsed_us,1742946,start_us,1692829394205572,stop_us,1692829395948518,-,BESDapResponseBuilder::serialize_dap4_data() - Timer
1692829395,1557,timing,elapsed_us,1743334,start_us,1692829394205214,stop_us,1692829395948548,http-nio-8080-exec-5:33[bes_client:/-3],get dap for d1 return as dap2; transmitting
1692829395,1557,timing,elapsed_us,189345,start_us,1692829395730477,stop_us,1692829395919822,-,DmrppArray::read_super_chunks_concurrent() -  name: gt3r_sea_ice_segments_delta_time
1692829395,1557,timing,elapsed_us,209372,start_us,1692829395249573,stop_us,1692829395458945,-,DmrppArray::read_super_chunks_concurrent() -  name: gt1l_sea_ice_segments_delta_time
1692829395,1557,timing,elapsed_us,28281,start_us,1692829395919972,stop_us,1692829395948253,-,DmrppArray::read_contiguous() -  name: orbit_info_crossing_time
1692829395,1557,timing,elapsed_us,39402,start_us,1692829395018002,stop_us,1692829395057404,-,DmrppArray::read_super_chunks_concurrent() -  name: gt2l_sea_ice_segments_longitude
1692829395,1557,timing,elapsed_us,4287881,start_us,1692829391660688,stop_us,1692829395948569,-,BESInterface::execute_request
1692829395,1557,timing,elapsed_us,4289351,start_us,1692829391660668,stop_us,1692829395950019,-,BESServerHandler::execute
1692829395,1557,timing,elapsed_us,43723,start_us,1692829394973463,stop_us,1692829395017186,-,DmrppArray::read_super_chunks_concurrent() -  name: gt3l_sea_ice_segments_latitude
1692829395,1557,timing,elapsed_us,46170,start_us,1692829395058335,stop_us,1692829395104505,-,DmrppArray::read_super_chunks_concurrent() -  name: gt2l_sea_ice_segments_latitude
1692829395,1557,timing,elapsed_us,52119,start_us,1692829395677247,stop_us,1692829395729366,-,DmrppArray::read_super_chunks_concurrent() -  name: gt3l_sea_ice_segments_delta_time
1692829395,1557,timing,elapsed_us,55900,start_us,1692829395557320,stop_us,1692829395613220,-,DmrppArray::read_super_chunks_concurrent() -  name: gt2l_sea_ice_segments_delta_time
1692829395,1557,timing,elapsed_us,6,start_us,1692829395950166,stop_us,1692829395950172,client: /-3:13,show status; transmitting
1692829395,1557,timing,elapsed_us,61795,start_us,1692829395614254,stop_us,1692829395676049,-,DmrppArray::read_super_chunks_concurrent() -  name: gt2r_sea_ice_segments_delta_time
1692829395,1557,timing,elapsed_us,69656,start_us,1692829395105656,stop_us,1692829395175312,-,DmrppArray::read_super_chunks_concurrent() -  name: gt3r_sea_ice_segments_longitude
1692829395,1557,timing,elapsed_us,72108,start_us,1692829395176356,stop_us,1692829395248464,-,DmrppArray::read_super_chunks_concurrent() -  name: gt3r_sea_ice_segments_latitude
1692829395,1557,timing,elapsed_us,96222,start_us,1692829395460197,stop_us,1692829395556419,-,DmrppArray::read_super_chunks_concurrent() -  name: gt1r_sea_ice_segments_delta_time
1692834343,1557,timing,elapsed_us,5,start_us,1692834343158146,stop_us,1692834343158151,http-nio-8080-exec-6:34[bes_client:/-3],define d1 in default as ngapContainer; transmitting
1692834343,1557,timing,elapsed_us,6,start_us,1692834343157837,stop_us,1692834343157843,http-nio-8080-exec-6:34[bes_client:/-3],set container in ngap values ngapContainer,collections/C1259239381-POCUMULUS/granules/20230821130000-STAR-L3C_GHRSST-SSTsubskin-AHI_H09-ACSPO_V2.90-v02.0-fv01.0; transmitting
1692834343,1557,timing,elapsed_us,719560,start_us,1692834342437868,stop_us,1692834343157428,-,RemoteResource::get_url() - source url: https://cmr.uat.earthdata.nasa.gov/search/granules.umm_json_v1_4?collection_concept_id=C1259239381-POCUMULUS&granule_ur=20230821130000-STAR-L3C_GHRSST-SSTsubskin-AHI_H09-ACSPO_V2.90-v02.0-fv01.0
1692834345,1557,timing,elapsed_us,125,start_us,1692834345672910,stop_us,1692834345673035,-,BESServerHandler::execute
1692834345,1557,timing,elapsed_us,2510818,start_us,1692834343160184,stop_us,1692834345671002,-,RemoteResource::get_url() - source url: https://archive.podaac.sit.earthdata.nasa.gov/podaac-sit-cumulus-protected/H09-AHI-L3C-ACSPO-v2.90/20230821130000-STAR-L3C_GHRSST-SSTsubskin-AHI_H09-ACSPO_V2.90-v02.0-fv01.0.nc.dmrpp
1692834345,1557,timing,elapsed_us,3243998,start_us,1692834342428746,stop_us,1692834345672744,-,BESInterface::execute_request
1692834345,1557,timing,elapsed_us,3244073,start_us,1692834342428715,stop_us,1692834345672788,-,BESServerHandler::execute
1692834345,1557,timing,elapsed_us,417,start_us,1692834345672311,stop_us,1692834345672728,http-nio-8080-exec-6:34[bes_client:/-3],get dmr for d1 return as dap2; transmitting
1692834345,1557,timing,elapsed_us,6,start_us,1692834345672998,stop_us,1692834345673004,client: /-3:15,show status; transmitting
1692834345,1557,timing,elapsed_us,97,start_us,1692834345672914,stop_us,1692834345673011,-,BESInterface::execute_request
1692835118,1557,timing,elapsed_us,351284,start_us,1692835118350076,stop_us,1692835118701360,-,RemoteResource::get_url() - source url: https://cmr.uat.earthdata.nasa.gov/search/granules.umm_json_v1_4?collection_concept_id=C1259239381-POCUMULUS&granule_ur=20230821130000-STAR-L3C_GHRSST-SSTsubskin-AHI_H09-ACSPO_V2.90-v02.0-fv01.0
1692835118,1557,timing,elapsed_us,5,start_us,1692835118701753,stop_us,1692835118701758,http-nio-8080-exec-4:32[bes_client:/-3],define d1 in default as ngapContainer; transmitting
1692835118,1557,timing,elapsed_us,7,start_us,1692835118701686,stop_us,1692835118701693,http-nio-8080-exec-4:32[bes_client:/-3],set container in ngap values ngapContainer,collections/C1259239381-POCUMULUS/granules/20230821130000-STAR-L3C_GHRSST-SSTsubskin-AHI_H09-ACSPO_V2.90-v02.0-fv01.0; transmitting
1692835120,1557,timing,elapsed_us,2266389,start_us,1692835118703078,stop_us,1692835120969467,-,RemoteResource::get_url() - source url: https://archive.podaac.sit.earthdata.nasa.gov/podaac-sit-cumulus-protected/H09-AHI-L3C-ACSPO-v2.90/20230821130000-STAR-L3C_GHRSST-SSTsubskin-AHI_H09-ACSPO_V2.90-v02.0-fv01.0.nc.dmrpp
1692835120,1557,timing,elapsed_us,9,start_us,1692835120970765,stop_us,1692835120970774,-,BESDapResponseBuilder::dap4_process_ce_for_intern_data() - Timer
1692835123,1557,timing,elapsed_us,16793,start_us,1692835123310654,stop_us,1692835123327447,-,DmrppArray::read_contiguous() -  name: lon
1692835123,1557,timing,elapsed_us,21344,start_us,1692835123327569,stop_us,1692835123348913,-,DmrppArray::read_contiguous() -  name: time
1692835123,1557,timing,elapsed_us,2274465,start_us,1692835120977906,stop_us,1692835123252371,-,CurlUtils::retrieve_effective_url() -  Following Redirects Starting With: https://archive.podaac.sit.earthdata.nasa.gov/podaac-sit-cumulus-protected/H09-AHI-L3C-ACSPO-v2.90/20230821130000-STAR-L3C_GHRSST-SSTsubskin-AHI_H09-ACSPO_V2.90-v02.0-fv01.0.nc
1692835123,1557,timing,elapsed_us,2332602,start_us,1692835120977853,stop_us,1692835123310455,-,DmrppArray::read_contiguous() -  name: lat
1692835123,1557,timing,elapsed_us,95369,start_us,1692835123349596,stop_us,1692835123444965,-,DmrppArray::read_super_chunks_unconstrained_concurrent() -  name: sses_standard_deviation
1692835124,1557,timing,elapsed_us,207910,start_us,1692835124782993,stop_us,1692835124990903,-,DmrppArray::read_super_chunks_unconstrained_concurrent() -  name: sst_dtime
1692835130,1557,timing,elapsed_us,67986,start_us,1692835130527608,stop_us,1692835130595594,-,DmrppArray::read_super_chunks_unconstrained_concurrent() -  name: sst_front_position
1692835132,1557,timing,elapsed_us,162585,start_us,1692835131848865,stop_us,1692835132011450,-,DmrppArray::read_super_chunks_unconstrained_concurrent() -  name: l2p_flags
1692835135,1557,timing,elapsed_us,318437,start_us,1692835134706487,stop_us,1692835135024924,-,DmrppArray::read_super_chunks_unconstrained_concurrent() -  name: sea_surface_temperature
1692835138,1557,timing,elapsed_us,124924,start_us,1692835137945197,stop_us,1692835138070121,-,DmrppArray::read_super_chunks_unconstrained_concurrent() -  name: quality_level
1692835139,1557,timing,elapsed_us,208922,start_us,1692835139322368,stop_us,1692835139531290,-,DmrppArray::read_super_chunks_unconstrained_concurrent() -  name: dt_analysis
1692835142,1557,timing,elapsed_us,187944,start_us,1692835142453839,stop_us,1692835142641783,-,DmrppArray::read_super_chunks_unconstrained_concurrent() -  name: satellite_zenith_angle
1692835145,1557,timing,elapsed_us,86810,start_us,1692835145478986,stop_us,1692835145565796,-,DmrppArray::read_super_chunks_unconstrained_concurrent() -  name: wind_speed
1692835147,1557,timing,elapsed_us,402128,start_us,1692835146850497,stop_us,1692835147252625,-,DmrppArray::read_super_chunks_unconstrained_concurrent() -  name: sst_gradient_magnitude
1692835150,1557,timing,elapsed_us,186025,start_us,1692835150041840,stop_us,1692835150227865,-,DmrppArray::read_super_chunks_unconstrained_concurrent() -  name: or_number_of_pixels
1692835153,1557,timing,elapsed_us,123661,start_us,1692835152949458,stop_us,1692835153073119,-,DmrppArray::read_super_chunks_unconstrained_concurrent() -  name: sses_bias
1692835156,1557,timing,elapsed_us,36008509,start_us,1692835120970682,stop_us,1692835156979191,http-nio-8080-exec-4:32[bes_client:/-3],get dap for d1 return as netcdf-4; transmitting
1692835156,1557,timing,elapsed_us,38638488,start_us,1692835118340755,stop_us,1692835156979243,-,BESInterface::execute_request
1692835156,1557,timing,elapsed_us,38638552,start_us,1692835118340720,stop_us,1692835156979272,-,BESServerHandler::execute
1692835157,1557,timing,elapsed_us,237,start_us,1692835157358049,stop_us,1692835157358286,-,BESInterface::execute_request
1692835157,1557,timing,elapsed_us,294,start_us,1692835157358033,stop_us,1692835157358327,-,BESServerHandler::execute
1692835157,1557,timing,elapsed_us,8,start_us,1692835157358258,stop_us,1692835157358266,client: /-3:17,show status; transmitting
1692835474,1557,timing,elapsed_us,5,start_us,1692835474353311,stop_us,1692835474353316,http-nio-8080-exec-8:36[bes_client:/-3],define d1 in default as ngapContainer; transmitting
1692835474,1557,timing,elapsed_us,566629,start_us,1692835473786251,stop_us,1692835474352880,-,RemoteResource::get_url() - source url: https://cmr.uat.earthdata.nasa.gov/search/granules.umm_json_v1_4?collection_concept_id=C1259239346-POCUMULUS&granule_ur=20230821140000-STAR-L2P_GHRSST-SSTsubskin-AHI_H09-ACSPO_V2.90-v02.0-fv01.0
1692835474,1557,timing,elapsed_us,7,start_us,1692835474353243,stop_us,1692835474353250,http-nio-8080-exec-8:36[bes_client:/-3],set container in ngap values ngapContainer,collections/C1259239346-POCUMULUS/granules/20230821140000-STAR-L2P_GHRSST-SSTsubskin-AHI_H09-ACSPO_V2.90-v02.0-fv01.0; transmitting
1692835476,1557,timing,elapsed_us,103,start_us,1692835476841499,stop_us,1692835476841602,-,BESInterface::execute_request
1692835476,1557,timing,elapsed_us,131,start_us,1692835476841494,stop_us,1692835476841625,-,BESServerHandler::execute
1692835476,1557,timing,elapsed_us,2484898,start_us,1692835474354601,stop_us,1692835476839499,-,RemoteResource::get_url() - source url: https://archive.podaac.sit.earthdata.nasa.gov/podaac-sit-cumulus-protected/H09-AHI-L2P-ACSPO-v2.90/20230821140000-STAR-L2P_GHRSST-SSTsubskin-AHI_H09-ACSPO_V2.90-v02.0-fv01.0.nc.dmrpp
1692835476,1557,timing,elapsed_us,3064574,start_us,1692835473776744,stop_us,1692835476841318,-,BESInterface::execute_request
1692835476,1557,timing,elapsed_us,3064664,start_us,1692835473776709,stop_us,1692835476841373,-,BESServerHandler::execute
1692835476,1557,timing,elapsed_us,456,start_us,1692835476840847,stop_us,1692835476841303,http-nio-8080-exec-8:36[bes_client:/-3],get dmr for d1 return as dap2; transmitting
1692835476,1557,timing,elapsed_us,5,start_us,1692835476841589,stop_us,1692835476841594,client: /-3:19,show status; transmitting
1692836014,1557,timing,elapsed_us,5,start_us,1692836014560169,stop_us,1692836014560174,http-nio-8080-exec-2:30[bes_client:/-3],define d1 in default as ngapContainer; transmitting
1692836014,1557,timing,elapsed_us,837504,start_us,1692836013722199,stop_us,1692836014559703,-,RemoteResource::get_url() - source url: https://cmr.uat.earthdata.nasa.gov/search/granules.umm_json_v1_4?collection_concept_id=C1259239346-POCUMULUS&granule_ur=20230821140000-STAR-L2P_GHRSST-SSTsubskin-AHI_H09-ACSPO_V2.90-v02.0-fv01.0
1692836014,1557,timing,elapsed_us,9,start_us,1692836014560095,stop_us,1692836014560104,http-nio-8080-exec-2:30[bes_client:/-3],set container in ngap values ngapContainer,collections/C1259239346-POCUMULUS/granules/20230821140000-STAR-L2P_GHRSST-SSTsubskin-AHI_H09-ACSPO_V2.90-v02.0-fv01.0; transmitting
1692836017,1557,timing,elapsed_us,2487740,start_us,1692836014561487,stop_us,1692836017049227,-,RemoteResource::get_url() - source url: https://archive.podaac.sit.earthdata.nasa.gov/podaac-sit-cumulus-protected/H09-AHI-L2P-ACSPO-v2.90/20230821140000-STAR-L2P_GHRSST-SSTsubskin-AHI_H09-ACSPO_V2.90-v02.0-fv01.0.nc.dmrpp
1692836019,1557,timing,elapsed_us,147775,start_us,1692836019441849,stop_us,1692836019589624,-,DmrppArray::read_super_chunks_unconstrained_concurrent() -  name: brightness_temperature_11um2
1692836019,1557,timing,elapsed_us,19847,start_us,1692836019421448,stop_us,1692836019441295,-,DmrppArray::read_contiguous() -  name: ni
1692836019,1557,timing,elapsed_us,21081,start_us,1692836019400194,stop_us,1692836019421275,-,DmrppArray::read_contiguous() -  name: time
1692836019,1557,timing,elapsed_us,2288413,start_us,1692836017051803,stop_us,1692836019340216,-,CurlUtils::retrieve_effective_url() -  Following Redirects Starting With: https://archive.podaac.sit.earthdata.nasa.gov/podaac-sit-cumulus-protected/H09-AHI-L2P-ACSPO-v2.90/20230821140000-STAR-L2P_GHRSST-SSTsubskin-AHI_H09-ACSPO_V2.90-v02.0-fv01.0.nc
1692836019,1557,timing,elapsed_us,2348127,start_us,1692836017051756,stop_us,1692836019399883,-,DmrppArray::read_contiguous() -  name: nj
1692836020,1557,timing,elapsed_us,113652,start_us,1692836020521547,stop_us,1692836020635199,-,DmrppArray::read_super_chunks_unconstrained_concurrent() -  name: brightness_temperature_08um6
1692836021,1557,timing,elapsed_us,54110,start_us,1692836021570323,stop_us,1692836021624433,-,DmrppArray::read_super_chunks_unconstrained_concurrent() -  name: sst_dtime
1692836022,1557,timing,elapsed_us,187859,start_us,1692836022401677,stop_us,1692836022589536,-,DmrppArray::read_super_chunks_unconstrained_concurrent() -  name: sst_front_position
1692836022,1557,timing,elapsed_us,47553,start_us,1692836022843020,stop_us,1692836022890573,-,DmrppArray::read_super_chunks_unconstrained_concurrent() -  name: l2p_flags
1692836023,1557,timing,elapsed_us,106274,start_us,1692836023716681,stop_us,1692836023822955,-,DmrppArray::read_super_chunks_unconstrained_concurrent() -  name: sea_surface_temperature
1692836024,1557,timing,elapsed_us,44457,start_us,1692836024756842,stop_us,1692836024801299,-,DmrppArray::read_super_chunks_unconstrained_concurrent() -  name: quality_level
1692836025,1557,timing,elapsed_us,100303,start_us,1692836025210571,stop_us,1692836025310874,-,DmrppArray::read_super_chunks_unconstrained_concurrent() -  name: dt_analysis
1692836026,1557,timing,elapsed_us,135402,start_us,1692836026364555,stop_us,1692836026499957,-,DmrppArray::read_super_chunks_unconstrained_concurrent() -  name: brightness_temperature_12um3
1692836027,1557,timing,elapsed_us,309877,start_us,1692836027435511,stop_us,1692836027745388,-,DmrppArray::read_super_chunks_unconstrained_concurrent() -  name: satellite_zenith_angle
1692836029,1557,timing,elapsed_us,41653,start_us,1692836029053212,stop_us,1692836029094865,-,DmrppArray::read_super_chunks_unconstrained_concurrent() -  name: sst_gradient_magnitude
1692836029,1557,timing,elapsed_us,75663,start_us,1692836029766804,stop_us,1692836029842467,-,DmrppArray::read_super_chunks_unconstrained_concurrent() -  name: wind_speed
1692836030,1557,timing,elapsed_us,104623,start_us,1692836030306373,stop_us,1692836030410996,-,DmrppArray::read_super_chunks_unconstrained_concurrent() -  name: brightness_temperature_10um4
1692836031,1557,timing,elapsed_us,60721,start_us,1692836031864654,stop_us,1692836031925375,-,DmrppArray::read_super_chunks_unconstrained_concurrent() -  name: sses_standard_deviation
1692836031,1557,timing,elapsed_us,61537,start_us,1692836031333166,stop_us,1692836031394703,-,DmrppArray::read_super_chunks_unconstrained_concurrent() -  name: sses_bias
1692836032,1557,timing,elapsed_us,15328278,start_us,1692836017051176,stop_us,1692836032379454,-,BESDapResponseBuilder::serialize_dap4_data() - Timer
1692836032,1557,timing,elapsed_us,15328391,start_us,1692836017051119,stop_us,1692836032379510,http-nio-8080-exec-2:30[bes_client:/-3],get dap for d1 return as dap2; transmitting
1692836032,1557,timing,elapsed_us,18666745,start_us,1692836013712778,stop_us,1692836032379523,-,BESInterface::execute_request
1692836032,1557,timing,elapsed_us,18778752,start_us,1692836013712744,stop_us,1692836032491496,-,BESServerHandler::execute
1692836032,1557,timing,elapsed_us,245,start_us,1692836032615153,stop_us,1692836032615398,-,BESInterface::execute_request
1692836032,1557,timing,elapsed_us,296,start_us,1692836032615138,stop_us,1692836032615434,-,BESServerHandler::execute
1692836032,1557,timing,elapsed_us,9,start_us,1692836032615357,stop_us,1692836032615366,client: /-3:21,show status; transmitting
1692867629,1557,timing,elapsed_us,206341,start_us,1692867629416991,stop_us,1692867629623332,-,RemoteResource::get_url() - source url: https://cmr.uat.earthdata.nasa.gov/search/granules.umm_json_v1_4?collection_concept_id=C1241426907-NSIDC_CUAT&granule_ur=ATL08_20200102084807_01010610_005_01.h5
1692867629,1557,timing,elapsed_us,4,start_us,1692867629623828,stop_us,1692867629623832,http-nio-8080-exec-7:35[bes_client:/-3],define d1 in default as ngapContainer; transmitting
1692867629,1557,timing,elapsed_us,8,start_us,1692867629623763,stop_us,1692867629623771,http-nio-8080-exec-7:35[bes_client:/-3],set container in ngap values ngapContainer,collections/C1241426907-NSIDC_CUAT/granules/ATL08_20200102084807_01010610_005_01.h5; transmitting
1692867632,1557,timing,elapsed_us,135,start_us,1692867632046379,stop_us,1692867632046514,-,BESInterface::execute_request
1692867632,1557,timing,elapsed_us,171,start_us,1692867632046372,stop_us,1692867632046543,-,BESServerHandler::execute
1692867632,1557,timing,elapsed_us,2403645,start_us,1692867629624685,stop_us,1692867632028330,-,RemoteResource::get_url() - source url: https://data.nsidc.uat.earthdatacloud.nasa.gov/nsidc-cumulus-uat-protected/ATLAS/ATL08/005/2020/01/02/ATL08_20200102084807_01010610_005_01.h5.dmrpp
1692867632,1557,timing,elapsed_us,2626938,start_us,1692867629412727,stop_us,1692867632039665,-,BESInterface::execute_request
1692867632,1557,timing,elapsed_us,2627251,start_us,1692867629412701,stop_us,1692867632039952,-,BESServerHandler::execute
1692867632,1557,timing,elapsed_us,3310,start_us,1692867632036338,stop_us,1692867632039648,http-nio-8080-exec-7:35[bes_client:/-3],get dmr for d1 return as dap2; transmitting
1692867632,1557,timing,elapsed_us,7,start_us,1692867632046494,stop_us,1692867632046501,client: /-3:23,show status; transmitting
1692876852,1557,timing,elapsed_us,355128,start_us,1692876852499585,stop_us,1692876852854713,-,RemoteResource::get_url() - source url: https://cmr.uat.earthdata.nasa.gov/search/granules.umm_json_v1_4?collection_concept_id=C1225808238-GES_DISC&granule_ur=GPM_3IMERGHH.06%3A3B-HHR.MS.MRG.3IMERG.20210930-S000000-E002959.0000.V06B.HDF5
1692876852,1557,timing,elapsed_us,5,start_us,1692876852855160,stop_us,1692876852855165,[http-nio-8080-exec-3:31:ngap_request][bes_client:/-3],define d1 in default as ngapContainer; transmitting
1692876852,1557,timing,elapsed_us,6,start_us,1692876852855053,stop_us,1692876852855059,[http-nio-8080-exec-3:31:ngap_request][bes_client:/-3],set container in ngap values ngapContainer,collections/C1225808238-GES_DISC/granules/GPM_3IMERGHH.06:3B-HHR.MS.MRG.3IMERG.20210930-S000000-E002959.0000.V06B.HDF5; transmitting
1692876855,1557,timing,elapsed_us,2278405,start_us,1692876852856089,stop_us,1692876855134494,-,RemoteResource::get_url() - source url: https://data.gesdisc.uat.earthdata.nasa.gov/data/GPM_L3/GPM_3IMERGHH.06/2021/273/3B-HHR.MS.MRG.3IMERG.20210930-S000000-E002959.0000.V06B.HDF5.dmrpp
1692876855,1557,timing,elapsed_us,763,start_us,1692876855135829,stop_us,1692876855136592,[http-nio-8080-exec-3:31:ngap_request][bes_client:/-3],DmrppRequestHandler::dap_build_dap2data() - timer
1692876857,1557,timing,elapsed_us,21191,start_us,1692876857974382,stop_us,1692876857995573,-,DmrppArray::read_contiguous() -  name: /Grid/lon
1692876857,1557,timing,elapsed_us,2361275,start_us,1692876855136763,stop_us,1692876857498038,-,CurlUtils::retrieve_effective_url() -  Following Redirects Starting With: https://data.gesdisc.uat.earthdata.nasa.gov/data/GPM_L3/GPM_3IMERGHH.06/2021/273/3B-HHR.MS.MRG.3IMERG.20210930-S000000-E002959.0000.V06B.HDF5
1692876857,1557,timing,elapsed_us,27933,start_us,1692876857887737,stop_us,1692876857915670,-,DmrppArray::read_super_chunks_unconstrained_concurrent() -  name: /Grid/IRkalmanFilterWeight
1692876857,1557,timing,elapsed_us,386457,start_us,1692876857500284,stop_us,1692876857886741,-,DmrppArray::read_super_chunks_unconstrained_concurrent() -  name: /Grid/precipitationQualityIndex
1692876857,1557,timing,elapsed_us,58209,start_us,1692876857916104,stop_us,1692876857974313,-,DmrppArray::read_super_chunks_unconstrained_concurrent() -  name: /Grid/HQprecipSource
1692876858,1557,timing,elapsed_us,127334,start_us,1692876858785969,stop_us,1692876858913303,-,DmrppArray::read_super_chunks_unconstrained_concurrent() -  name: /Grid/randomError
1692876858,1557,timing,elapsed_us,187776,start_us,1692876857996185,stop_us,1692876858183961,-,DmrppArray::read_super_chunks_unconstrained_concurrent() -  name: /Grid/precipitationCal
1692876858,1557,timing,elapsed_us,19044,start_us,1692876858611965,stop_us,1692876858631009,-,DmrppArray::read_contiguous() -  name: /Grid/lat
1692876858,1557,timing,elapsed_us,21433,start_us,1692876858913398,stop_us,1692876858934831,-,DmrppArray::read_contiguous() -  name: /Grid/time_bnds
1692876858,1557,timing,elapsed_us,25344,start_us,1692876858184054,stop_us,1692876858209398,-,DmrppArray::read_contiguous() -  name: /Grid/time
1692876858,1557,timing,elapsed_us,25797,start_us,1692876858978043,stop_us,1692876859003840,-,DmrppArray::read_contiguous() -  name: /Grid/lon_bnds
1692876858,1557,timing,elapsed_us,30146,start_us,1692876858713543,stop_us,1692876858743689,-,DmrppArray::read_super_chunks_unconstrained_concurrent() -  name: /Grid/probabilityLiquidPrecipitation
1692876858,1557,timing,elapsed_us,356847,start_us,1692876858255026,stop_us,1692876858611873,-,DmrppArray::read_super_chunks_unconstrained_concurrent() -  name: /Grid/precipitationUncal
1692876858,1557,timing,elapsed_us,3867211,start_us,1692876855136654,stop_us,1692876859003865,-,BESDapResponseBuilder::intern_dap2_data() - Timer
1692876858,1557,timing,elapsed_us,41302,start_us,1692876858744056,stop_us,1692876858785358,-,DmrppArray::read_super_chunks_unconstrained_concurrent() -  name: /Grid/HQobservationTime
1692876858,1557,timing,elapsed_us,42072,start_us,1692876858935879,stop_us,1692876858977951,-,DmrppArray::read_super_chunks_unconstrained_concurrent() -  name: /Grid/IRprecipitation
1692876858,1557,timing,elapsed_us,44803,start_us,1692876858209455,stop_us,1692876858254258,-,DmrppArray::read_contiguous() -  name: /Grid/lat_bnds
1692876858,1557,timing,elapsed_us,81367,start_us,1692876858631784,stop_us,1692876858713151,-,DmrppArray::read_super_chunks_unconstrained_concurrent() -  name: /Grid/HQprecipitation
1692876882,1557,timing,elapsed_us,210,start_us,1692876882976529,stop_us,1692876882976739,-,BESInterface::execute_request
1692876882,1557,timing,elapsed_us,240,start_us,1692876882976524,stop_us,1692876882976764,-,BESServerHandler::execute
1692876882,1557,timing,elapsed_us,27831376,start_us,1692876855136642,stop_us,1692876882968018,[http-nio-8080-exec-3:31:ngap_request][bes_client:/-3],get dods for d1 return as ascii; transmitting
1692876882,1557,timing,elapsed_us,30475319,start_us,1692876852492742,stop_us,1692876882968061,-,BESInterface::execute_request
1692876882,1557,timing,elapsed_us,30483775,start_us,1692876852492716,stop_us,1692876882976491,-,BESServerHandler::execute
1692876882,1557,timing,elapsed_us,9,start_us,1692876882976720,stop_us,1692876882976729,client: /-3:25,show status; transmitting
1692884010,1557,timing,elapsed_us,209151,start_us,1692884010663524,stop_us,1692884010872675,-,RemoteResource::get_url() - source url: https://cmr.uat.earthdata.nasa.gov/search/granules.umm_json_v1_4?collection_concept_id=C1225808238-GES_DISC&granule_ur=GPM_3IMERGHH.06%3A3B-HHR.MS.MRG.3IMERG.20210930-S000000-E002959.0000.V06B.HDF5
1692884010,1557,timing,elapsed_us,5,start_us,1692884010873098,stop_us,1692884010873103,[http-nio-8080-exec-5:33:ngap_request][bes_client:/-3],define d1 in default as ngapContainer; transmitting
1692884010,1557,timing,elapsed_us,7,start_us,1692884010873037,stop_us,1692884010873044,[http-nio-8080-exec-5:33:ngap_request][bes_client:/-3],set container in ngap values ngapContainer,collections/C1225808238-GES_DISC/granules/GPM_3IMERGHH.06:3B-HHR.MS.MRG.3IMERG.20210930-S000000-E002959.0000.V06B.HDF5; transmitting
1692884013,1557,timing,elapsed_us,2257429,start_us,1692884010874014,stop_us,1692884013131443,-,RemoteResource::get_url() - source url: https://data.gesdisc.uat.earthdata.nasa.gov/data/GPM_L3/GPM_3IMERGHH.06/2021/273/3B-HHR.MS.MRG.3IMERG.20210930-S000000-E002959.0000.V06B.HDF5.dmrpp
1692884013,1557,timing,elapsed_us,736,start_us,1692884013132822,stop_us,1692884013133558,[http-nio-8080-exec-5:33:ngap_request][bes_client:/-3],DmrppRequestHandler::dap_build_dap2data() - timer
1692884015,1557,timing,elapsed_us,160766,start_us,1692884015570377,stop_us,1692884015731143,-,DmrppArray::read_super_chunks_unconstrained_concurrent() -  name: /Grid/precipitationQualityIndex
1692884015,1557,timing,elapsed_us,16728,start_us,1692884015829003,stop_us,1692884015845731,-,DmrppArray::read_contiguous() -  name: /Grid/lon
1692884015,1557,timing,elapsed_us,2434404,start_us,1692884013133723,stop_us,1692884015568127,-,CurlUtils::retrieve_effective_url() -  Following Redirects Starting With: https://data.gesdisc.uat.earthdata.nasa.gov/data/GPM_L3/GPM_3IMERGHH.06/2021/273/3B-HHR.MS.MRG.3IMERG.20210930-S000000-E002959.0000.V06B.HDF5
1692884015,1557,timing,elapsed_us,40245,start_us,1692884015731594,stop_us,1692884015771839,-,DmrppArray::read_super_chunks_unconstrained_concurrent() -  name: /Grid/IRkalmanFilterWeight
1692884015,1557,timing,elapsed_us,56652,start_us,1692884015772276,stop_us,1692884015828928,-,DmrppArray::read_super_chunks_unconstrained_concurrent() -  name: /Grid/HQprecipSource
1692884016,1557,timing,elapsed_us,107733,start_us,1692884016586920,stop_us,1692884016694653,-,DmrppArray::read_super_chunks_unconstrained_concurrent() -  name: /Grid/HQprecipitation
1692884016,1557,timing,elapsed_us,114017,start_us,1692884016803796,stop_us,1692884016917813,-,DmrppArray::read_super_chunks_unconstrained_concurrent() -  name: /Grid/randomError
1692884016,1557,timing,elapsed_us,17662,start_us,1692884016159295,stop_us,1692884016176957,-,DmrppArray::read_contiguous() -  name: /Grid/lat_bnds
1692884016,1557,timing,elapsed_us,17921,start_us,1692884016567983,stop_us,1692884016585904,-,DmrppArray::read_contiguous() -  name: /Grid/lat
1692884016,1557,timing,elapsed_us,18058,start_us,1692884016141177,stop_us,1692884016159235,-,DmrppArray::read_contiguous() -  name: /Grid/time
1692884016,1557,timing,elapsed_us,26734,start_us,1692884016695119,stop_us,1692884016721853,-,DmrppArray::read_super_chunks_unconstrained_concurrent() -  name: /Grid/probabilityLiquidPrecipitation
1692884016,1557,timing,elapsed_us,294823,start_us,1692884015846254,stop_us,1692884016141077,-,DmrppArray::read_super_chunks_unconstrained_concurrent() -  name: /Grid/precipitationCal
1692884016,1557,timing,elapsed_us,389982,start_us,1692884016177907,stop_us,1692884016567889,-,DmrppArray::read_super_chunks_unconstrained_concurrent() -  name: /Grid/precipitationUncal
1692884016,1557,timing,elapsed_us,41938,start_us,1692884016917901,stop_us,1692884016959839,-,DmrppArray::read_contiguous() -  name: /Grid/time_bnds
1692884016,1557,timing,elapsed_us,80897,start_us,1692884016722221,stop_us,1692884016803118,-,DmrppArray::read_super_chunks_unconstrained_concurrent() -  name: /Grid/HQobservationTime
1692884017,1557,timing,elapsed_us,173304,start_us,1692884016960799,stop_us,1692884017134103,-,DmrppArray::read_super_chunks_unconstrained_concurrent() -  name: /Grid/IRprecipitation
1692884017,1557,timing,elapsed_us,4043530,start_us,1692884013133615,stop_us,1692884017177145,-,BESDapResponseBuilder::intern_dap2_data() - Timer
1692884017,1557,timing,elapsed_us,42915,start_us,1692884017134191,stop_us,1692884017177106,-,DmrppArray::read_contiguous() -  name: /Grid/lon_bnds
1692884041,1557,timing,elapsed_us,142,start_us,1692884041212027,stop_us,1692884041212169,-,BESInterface::execute_request
1692884041,1557,timing,elapsed_us,172,start_us,1692884041212022,stop_us,1692884041212194,-,BESServerHandler::execute
1692884041,1557,timing,elapsed_us,28072162,start_us,1692884013133600,stop_us,1692884041205762,[http-nio-8080-exec-5:33:ngap_request][bes_client:/-3],get dods for d1 return as ascii; transmitting
1692884041,1557,timing,elapsed_us,30549058,start_us,1692884010656748,stop_us,1692884041205806,-,BESInterface::execute_request
1692884041,1557,timing,elapsed_us,30555272,start_us,1692884010656724,stop_us,1692884041211996,-,BESServerHandler::execute
1692884041,1557,timing,elapsed_us,6,start_us,1692884041212155,stop_us,1692884041212161,client: /-3:27,show status; transmitting
1692890172,1557,timing,elapsed_us,445701,start_us,1692890172457007,stop_us,1692890172902708,-,RemoteResource::get_url() - source url: https://cmr.uat.earthdata.nasa.gov/search/granules.umm_json_v1_4?collection_concept_id=C1241426907-NSIDC_CUAT&granule_ur=ATL08_20200101145654_00900605_005_01.h5
1692890172,1557,timing,elapsed_us,6,start_us,1692890172903126,stop_us,1692890172903132,http-nio-8080-exec-8:36[bes_client:/-3],set container in ngap values ngapContainer,collections/C1241426907-NSIDC_CUAT/granules/ATL08_20200101145654_00900605_005_01.h5; transmitting
1692890172,1557,timing,elapsed_us,6,start_us,1692890172903202,stop_us,1692890172903208,http-nio-8080-exec-8:36[bes_client:/-3],define d1 in default as ngapContainer with ngapContainer.dap4constraint="/orbit_info_rgt;/orbit_info_crossing_time;/gt3r_land_segments_latitude[0:64:];/gt3r_land_segments_longitude[0:64:];/gt3r_land_segments_delta_time[0:64:];/gt3l_land_segments_latitude[0:64:];/gt3l_land_segments_longitude[0:64:];/gt3l_land_segments_delta_time[0:64:];/gt2r_land_segments_latitude[0:64:];/gt2r_land_segments_longitude[0:64:];/gt2r_land_segments_delta_time[0:64:];/gt2l_land_segments_latitude[0:64:];/gt2l_land_segments_longitude[0:64:];/gt2l_land_segments_delta_time[0:64:];/gt1r_land_segments_latitude[0:64:];/gt1r_land_segments_longitude[0:64:];/gt1r_land_segments_delta_time[0:64:];/gt1l_land_segments_latitude[0:64:];/gt1l_land_segments_longitude[0:64:];/gt1l_land_segments_delta_time[0:64:]"; transmitting
1692890175,1557,timing,elapsed_us,2297732,start_us,1692890172904072,stop_us,1692890175201804,-,RemoteResource::get_url() - source url: https://data.nsidc.uat.earthdatacloud.nasa.gov/nsidc-cumulus-uat-protected/ATLAS/ATL08/005/2020/01/01/ATL08_20200101145654_00900605_005_01.h5.dmrpp
1692890177,1557,timing,elapsed_us,18277,start_us,1692890177816532,stop_us,1692890177834809,-,DmrppArray::read_contiguous() -  name: gt1r_land_segments_longitude
1692890177,1557,timing,elapsed_us,18525,start_us,1692890177626448,stop_us,1692890177644973,-,DmrppArray::read_contiguous() -  name: gt2l_land_segments_delta_time
1692890177,1557,timing,elapsed_us,18838,start_us,1692890177744840,stop_us,1692890177763678,-,DmrppArray::read_contiguous() -  name: orbit_info_crossing_time
1692890177,1557,timing,elapsed_us,19095,start_us,1692890177645047,stop_us,1692890177664142,-,DmrppArray::read_contiguous() -  name: gt2r_land_segments_delta_time
1692890177,1557,timing,elapsed_us,20952,start_us,1692890177605353,stop_us,1692890177626305,-,DmrppArray::read_contiguous() -  name: gt1r_land_segments_delta_time
1692890177,1557,timing,elapsed_us,2284340,start_us,1692890175221784,stop_us,1692890177506124,-,CurlUtils::retrieve_effective_url() -  Following Redirects Starting With: https://data.nsidc.uat.earthdatacloud.nasa.gov/nsidc-cumulus-uat-protected/ATLAS/ATL08/005/2020/01/01/ATL08_20200101145654_00900605_005_01.h5
1692890177,1557,timing,elapsed_us,2383424,start_us,1692890175221734,stop_us,1692890177605158,-,DmrppArray::read_contiguous() -  name: gt1l_land_segments_delta_time
1692890177,1557,timing,elapsed_us,35824,start_us,1692890177834958,stop_us,1692890177870782,-,DmrppArray::read_contiguous() -  name: gt1r_land_segments_latitude
1692890177,1557,timing,elapsed_us,36610,start_us,1692890177664254,stop_us,1692890177700864,-,DmrppArray::read_contiguous() -  name: gt3l_land_segments_delta_time
1692890177,1557,timing,elapsed_us,37009,start_us,1692890177965740,stop_us,1692890178002749,-,DmrppArray::read_contiguous() -  name: gt1l_land_segments_longitude
1692890177,1557,timing,elapsed_us,43827,start_us,1692890177700934,stop_us,1692890177744761,-,DmrppArray::read_contiguous() -  name: gt3r_land_segments_delta_time
1692890177,1557,timing,elapsed_us,46212,start_us,1692890177919446,stop_us,1692890177965658,-,DmrppArray::read_contiguous() -  name: gt2r_land_segments_latitude
1692890177,1557,timing,elapsed_us,48340,start_us,1692890177870927,stop_us,1692890177919267,-,DmrppArray::read_contiguous() -  name: gt2r_land_segments_longitude
1692890177,1557,timing,elapsed_us,52502,start_us,1692890177763862,stop_us,1692890177816364,-,DmrppArray::read_contiguous() -  name: orbit_info_rgt
1692890178,1557,timing,elapsed_us,156,start_us,1692890178156980,stop_us,1692890178157136,-,BESInterface::execute_request
1692890178,1557,timing,elapsed_us,16361,start_us,1692890178119732,stop_us,1692890178136093,-,DmrppArray::read_contiguous() -  name: gt3r_land_segments_longitude
1692890178,1557,timing,elapsed_us,18170,start_us,1692890178101483,stop_us,1692890178119653,-,DmrppArray::read_contiguous() -  name: gt2l_land_segments_latitude
1692890178,1557,timing,elapsed_us,18903,start_us,1692890178082415,stop_us,1692890178101318,-,DmrppArray::read_contiguous() -  name: gt2l_land_segments_longitude
1692890178,1557,timing,elapsed_us,190,start_us,1692890178156976,stop_us,1692890178157166,-,BESServerHandler::execute
1692890178,1557,timing,elapsed_us,19185,start_us,1692890178025236,stop_us,1692890178044421,-,DmrppArray::read_contiguous() -  name: gt3l_land_segments_longitude
1692890178,1557,timing,elapsed_us,19313,start_us,1692890178136244,stop_us,1692890178155557,-,DmrppArray::read_contiguous() -  name: gt3r_land_segments_latitude
1692890178,1557,timing,elapsed_us,22173,start_us,1692890178002899,stop_us,1692890178025072,-,DmrppArray::read_contiguous() -  name: gt1l_land_segments_latitude
1692890178,1557,timing,elapsed_us,2935305,start_us,1692890175220396,stop_us,1692890178155701,-,BESDapResponseBuilder::serialize_dap4_data() - Timer
1692890178,1557,timing,elapsed_us,2935576,start_us,1692890175220138,stop_us,1692890178155714,http-nio-8080-exec-8:36[bes_client:/-3],get dap for d1 return as dap2; transmitting
1692890178,1557,timing,elapsed_us,37702,start_us,1692890178044569,stop_us,1692890178082271,-,DmrppArray::read_contiguous() -  name: gt3l_land_segments_latitude
1692890178,1557,timing,elapsed_us,5702984,start_us,1692890172452738,stop_us,1692890178155722,-,BESInterface::execute_request
1692890178,1557,timing,elapsed_us,5704243,start_us,1692890172452712,stop_us,1692890178156955,-,BESServerHandler::execute
1692890178,1557,timing,elapsed_us,6,start_us,1692890178157123,stop_us,1692890178157129,client: /-3:29,show status; transmitting
1692891318,1557,timing,elapsed_us,255357,start_us,1692891318471558,stop_us,1692891318726915,-,RemoteResource::get_url() - source url: https://cmr.uat.earthdata.nasa.gov/search/granules.umm_json_v1_4?collection_concept_id=C1225808238-GES_DISC&granule_ur=GPM_3IMERGHH.06%3A3B-HHR.MS.MRG.3IMERG.20210930-S000000-E002959.0000.V06B.HDF5
1692891318,1557,timing,elapsed_us,6,start_us,1692891318727300,stop_us,1692891318727306,[http-nio-8080-exec-5:33:ngap_request][bes_client:/-3],set container in ngap values ngapContainer,collections/C1225808238-GES_DISC/granules/GPM_3IMERGHH.06:3B-HHR.MS.MRG.3IMERG.20210930-S000000-E002959.0000.V06B.HDF5; transmitting
1692891318,1557,timing,elapsed_us,6,start_us,1692891318727623,stop_us,1692891318727629,[http-nio-8080-exec-5:33:ngap_request][bes_client:/-3],define d1 in default as ngapContainer; transmitting
1692891320,1557,timing,elapsed_us,2269913,start_us,1692891318728534,stop_us,1692891320998447,-,RemoteResource::get_url() - source url: https://data.gesdisc.uat.earthdata.nasa.gov/data/GPM_L3/GPM_3IMERGHH.06/2021/273/3B-HHR.MS.MRG.3IMERG.20210930-S000000-E002959.0000.V06B.HDF5.dmrpp
1692891320,1557,timing,elapsed_us,363,start_us,1692891321000332,stop_us,1692891321000695,[http-nio-8080-exec-5:33:ngap_request][bes_client:/-3],DmrppRequestHandler::dap_build_dap2data() - timer
1692891323,1557,timing,elapsed_us,147565,start_us,1692891323386523,stop_us,1692891323534088,-,DmrppArray::read_super_chunks_unconstrained_concurrent() -  name: /Grid/precipitationQualityIndex
1692891323,1557,timing,elapsed_us,223219,start_us,1692891323678933,stop_us,1692891323902152,-,DmrppArray::read_super_chunks_unconstrained_concurrent() -  name: /Grid/precipitationCal
1692891323,1557,timing,elapsed_us,2383613,start_us,1692891321000815,stop_us,1692891323384428,-,CurlUtils::retrieve_effective_url() -  Following Redirects Starting With: https://data.gesdisc.uat.earthdata.nasa.gov/data/GPM_L3/GPM_3IMERGHH.06/2021/273/3B-HHR.MS.MRG.3IMERG.20210930-S000000-E002959.0000.V06B.HDF5
1692891323,1557,timing,elapsed_us,26743,start_us,1692891323651357,stop_us,1692891323678100,-,DmrppArray::read_contiguous() -  name: /Grid/lon
1692891323,1557,timing,elapsed_us,43139,start_us,1692891323534840,stop_us,1692891323577979,-,DmrppArray::read_super_chunks_unconstrained_concurrent() -  name: /Grid/IRkalmanFilterWeight
1692891323,1557,timing,elapsed_us,72867,start_us,1692891323578429,stop_us,1692891323651296,-,DmrppArray::read_super_chunks_unconstrained_concurrent() -  name: /Grid/HQprecipSource
1692891324,1557,timing,elapsed_us,101079,start_us,1692891323902246,stop_us,1692891324003325,-,DmrppArray::read_contiguous() -  name: /Grid/time
1692891324,1557,timing,elapsed_us,17696,start_us,1692891324427079,stop_us,1692891324444775,-,DmrppArray::read_contiguous() -  name: /Grid/lat
1692891324,1557,timing,elapsed_us,270720,start_us,1692891324445292,stop_us,1692891324716012,-,DmrppArray::read_super_chunks_unconstrained_concurrent() -  name: /Grid/HQprecipitation
1692891324,1557,timing,elapsed_us,28725,start_us,1692891324716408,stop_us,1692891324745133,-,DmrppArray::read_super_chunks_unconstrained_concurrent() -  name: /Grid/probabilityLiquidPrecipitation
1692891324,1557,timing,elapsed_us,33151,start_us,1692891324900111,stop_us,1692891324933262,-,DmrppArray::read_contiguous() -  name: /Grid/time_bnds
1692891324,1557,timing,elapsed_us,366846,start_us,1692891324060136,stop_us,1692891324426982,-,DmrppArray::read_super_chunks_unconstrained_concurrent() -  name: /Grid/precipitationUncal
1692891324,1557,timing,elapsed_us,41704,start_us,1692891324934037,stop_us,1692891324975741,-,DmrppArray::read_super_chunks_unconstrained_concurrent() -  name: /Grid/IRprecipitation
1692891324,1557,timing,elapsed_us,55430,start_us,1692891324745606,stop_us,1692891324801036,-,DmrppArray::read_super_chunks_unconstrained_concurrent() -  name: /Grid/HQobservationTime
1692891324,1557,timing,elapsed_us,56149,start_us,1692891324003389,stop_us,1692891324059538,-,DmrppArray::read_contiguous() -  name: /Grid/lat_bnds
1692891324,1557,timing,elapsed_us,98245,start_us,1692891324801766,stop_us,1692891324900011,-,DmrppArray::read_super_chunks_unconstrained_concurrent() -  name: /Grid/randomError
1692891325,1557,timing,elapsed_us,4039084,start_us,1692891321000722,stop_us,1692891325039806,-,BESDapResponseBuilder::intern_dap2_data() - Timer
1692891325,1557,timing,elapsed_us,63951,start_us,1692891324975836,stop_us,1692891325039787,-,DmrppArray::read_contiguous() -  name: /Grid/lon_bnds
1692891349,1557,timing,elapsed_us,153,start_us,1692891349229934,stop_us,1692891349230087,-,BESInterface::execute_request
1692891349,1557,timing,elapsed_us,183,start_us,1692891349229930,stop_us,1692891349230113,-,BESServerHandler::execute
1692891349,1557,timing,elapsed_us,28222140,start_us,1692891321000714,stop_us,1692891349222854,[http-nio-8080-exec-5:33:ngap_request][bes_client:/-3],get dods for d1 return as ascii; transmitting
1692891349,1557,timing,elapsed_us,30758171,start_us,1692891318464747,stop_us,1692891349222918,-,BESInterface::execute_request
1692891349,1557,timing,elapsed_us,30765181,start_us,1692891318464721,stop_us,1692891349229902,-,BESServerHandler::execute
1692891349,1557,timing,elapsed_us,6,start_us,1692891349230073,stop_us,1692891349230079,client: /-3:31,show status; transmitting
1692892334,1557,timing,elapsed_us,413643,start_us,1692892334544974,stop_us,1692892334958617,-,RemoteResource::get_url() - source url: https://cmr.uat.earthdata.nasa.gov/search/granules.umm_json_v1_4?collection_concept_id=C1241426872-NSIDC_CUAT&granule_ur=ATL06_20200101223747_00950603_005_01.h5
1692892334,1557,timing,elapsed_us,6,start_us,1692892334959178,stop_us,1692892334959184,http-nio-8080-exec-7:35[bes_client:/-3],set container in ngap values ngapContainer,collections/C1241426872-NSIDC_CUAT/granules/ATL06_20200101223747_00950603_005_01.h5; transmitting
1692892334,1557,timing,elapsed_us,6,start_us,1692892334959254,stop_us,1692892334959260,http-nio-8080-exec-7:35[bes_client:/-3],define d1 in default as ngapContainer; transmitting
1692892337,1557,timing,elapsed_us,153,start_us,1692892337342586,stop_us,1692892337342739,-,BESInterface::execute_request
1692892337,1557,timing,elapsed_us,178,start_us,1692892337342583,stop_us,1692892337342761,-,BESServerHandler::execute
1692892337,1557,timing,elapsed_us,2364208,start_us,1692892334960116,stop_us,1692892337324324,-,RemoteResource::get_url() - source url: https://data.nsidc.uat.earthdatacloud.nasa.gov/nsidc-cumulus-uat-protected/ATLAS/ATL06/005/2020/01/01/ATL06_20200101223747_00950603_005_01.h5.dmrpp
1692892337,1557,timing,elapsed_us,2801096,start_us,1692892334540756,stop_us,1692892337341852,-,BESInterface::execute_request
1692892337,1557,timing,elapsed_us,2801846,start_us,1692892334540720,stop_us,1692892337342566,-,BESServerHandler::execute
1692892337,1557,timing,elapsed_us,6,start_us,1692892337342725,stop_us,1692892337342731,client: /-3:33,show status; transmitting
1692892337,1557,timing,elapsed_us,8141,start_us,1692892337333692,stop_us,1692892337341833,http-nio-8080-exec-7:35[bes_client:/-3],get dmr for d1 return as dap2; transmitting
1692892385,1557,timing,elapsed_us,213476,start_us,1692892385373337,stop_us,1692892385586813,-,RemoteResource::get_url() - source url: https://cmr.uat.earthdata.nasa.gov/search/granules.umm_json_v1_4?collection_concept_id=C1241426872-NSIDC_CUAT&granule_ur=ATL06_20200101223747_00950603_005_01.h5
1692892385,1557,timing,elapsed_us,6,start_us,1692892385587438,stop_us,1692892385587444,http-nio-8080-exec-4:32[bes_client:/-3],define d1 in default as ngapContainer; transmitting
1692892385,1557,timing,elapsed_us,7,start_us,1692892385587241,stop_us,1692892385587248,http-nio-8080-exec-4:32[bes_client:/-3],set container in ngap values ngapContainer,collections/C1241426872-NSIDC_CUAT/granules/ATL06_20200101223747_00950603_005_01.h5; transmitting
1692892387,1557,timing,elapsed_us,153,start_us,1692892387906164,stop_us,1692892387906317,-,BESInterface::execute_request
1692892387,1557,timing,elapsed_us,179,start_us,1692892387906161,stop_us,1692892387906340,-,BESServerHandler::execute
1692892387,1557,timing,elapsed_us,2299147,start_us,1692892385588292,stop_us,1692892387887439,-,RemoteResource::get_url() - source url: https://data.nsidc.uat.earthdatacloud.nasa.gov/nsidc-cumulus-uat-protected/ATLAS/ATL06/005/2020/01/01/ATL06_20200101223747_00950603_005_01.h5.dmrpp
1692892387,1557,timing,elapsed_us,2536676,start_us,1692892385368759,stop_us,1692892387905435,-,BESInterface::execute_request
1692892387,1557,timing,elapsed_us,2537420,start_us,1692892385368725,stop_us,1692892387906145,-,BESServerHandler::execute
1692892387,1557,timing,elapsed_us,6,start_us,1692892387906304,stop_us,1692892387906310,client: /-3:35,show status; transmitting
1692892387,1557,timing,elapsed_us,8274,start_us,1692892387897141,stop_us,1692892387905415,http-nio-8080-exec-4:32[bes_client:/-3],get dmr for d1 return as dap2; transmitting
1692892783,1557,timing,elapsed_us,207847,start_us,1692892783457083,stop_us,1692892783664930,-,RemoteResource::get_url() - source url: https://cmr.uat.earthdata.nasa.gov/search/granules.umm_json_v1_4?collection_concept_id=C1241426872-NSIDC_CUAT&granule_ur=ATL06_20200101223747_00950603_005_01.h5
1692892783,1557,timing,elapsed_us,6,start_us,1692892783665356,stop_us,1692892783665362,http-nio-8080-exec-5:33[bes_client:/-3],set container in ngap values ngapContainer,collections/C1241426872-NSIDC_CUAT/granules/ATL06_20200101223747_00950603_005_01.h5; transmitting
1692892783,1557,timing,elapsed_us,9,start_us,1692892783665557,stop_us,1692892783665566,http-nio-8080-exec-5:33[bes_client:/-3],define d1 in default as ngapContainer with ngapContainer.dap4constraint="/orbit_info_rgt;/orbit_info_crossing_time;/gt3r_land_ice_segments_latitude[0:256:];/gt3r_land_ice_segments_longitude[0:256:];/gt3r_land_ice_segments_delta_time[0:256:];/gt3l_land_ice_segments_latitude[0:256:];/gt3l_land_ice_segments_longitude[0:256:];/gt3l_land_ice_segments_delta_time[0:256:];/gt2r_land_ice_segments_latitude[0:256:];/gt2r_land_ice_segments_longitude[0:256:];/gt2r_land_ice_segments_delta_time[0:256:];/gt2l_land_ice_segments_latitude[0:256:];/gt2l_land_ice_segments_longitude[0:256:];/gt2l_land_ice_segments_delta_time[0:256:];/gt1r_land_ice_segments_latitude[0:256:];/gt1r_land_ice_segments_longitude[0:256:];/gt1r_land_ice_segments_delta_time[0:256:];/gt1l_land_ice_segments_latitude[0:256:];/gt1l_land_ice_segments_longitude[0:256:];/gt1l_land_ice_segments_delta_time[0:256:]"; transmitting
1692892785,1557,timing,elapsed_us,2307372,start_us,1692892783666409,stop_us,1692892785973781,-,RemoteResource::get_url() - source url: https://data.nsidc.uat.earthdatacloud.nasa.gov/nsidc-cumulus-uat-protected/ATLAS/ATL06/005/2020/01/01/ATL06_20200101223747_00950603_005_01.h5.dmrpp
1692892788,1557,timing,elapsed_us,103852,start_us,1692892788388359,stop_us,1692892788492211,-,DmrppArray::read_super_chunks_concurrent() -  name: gt1r_land_ice_segments_longitude
1692892788,1557,timing,elapsed_us,21481,start_us,1692892788676179,stop_us,1692892788697660,-,DmrppArray::read_super_chunks_concurrent() -  name: gt3l_land_ice_segments_latitude
1692892788,1557,timing,elapsed_us,21890,start_us,1692892788697954,stop_us,1692892788719844,-,DmrppArray::read_super_chunks_concurrent() -  name: gt2l_land_ice_segments_longitude
1692892788,1557,timing,elapsed_us,22117,start_us,1692892788653780,stop_us,1692892788675897,-,DmrppArray::read_super_chunks_concurrent() -  name: gt3l_land_ice_segments_longitude
1692892788,1557,timing,elapsed_us,23046,start_us,1692892788794893,stop_us,1692892788817939,-,DmrppArray::read_super_chunks_concurrent() -  name: gt3r_land_ice_segments_latitude
1692892788,1557,timing,elapsed_us,2331675,start_us,1692892785985480,stop_us,1692892788317155,-,CurlUtils::retrieve_effective_url() -  Following Redirects Starting With: https://data.nsidc.uat.earthdatacloud.nasa.gov/nsidc-cumulus-uat-protected/ATLAS/ATL06/005/2020/01/01/ATL06_20200101223747_00950603_005_01.h5
1692892788,1557,timing,elapsed_us,2402379,start_us,1692892785985437,stop_us,1692892788387816,-,DmrppArray::read_contiguous() -  name: orbit_info_rgt
1692892788,1557,timing,elapsed_us,24071,start_us,1692892788492502,stop_us,1692892788516573,-,DmrppArray::read_super_chunks_concurrent() -  name: gt1r_land_ice_segments_latitude
1692892788,1557,timing,elapsed_us,24975,start_us,1692892788516885,stop_us,1692892788541860,-,DmrppArray::read_super_chunks_concurrent() -  name: gt2r_land_ice_segments_longitude
1692892788,1557,timing,elapsed_us,25460,start_us,1692892788628046,stop_us,1692892788653506,-,DmrppArray::read_super_chunks_concurrent() -  name: gt1l_land_ice_segments_latitude
1692892788,1557,timing,elapsed_us,27585,start_us,1692892788600165,stop_us,1692892788627750,-,DmrppArray::read_super_chunks_concurrent() -  name: gt1l_land_ice_segments_longitude
1692892788,1557,timing,elapsed_us,36521,start_us,1692892788758085,stop_us,1692892788794606,-,DmrppArray::read_super_chunks_concurrent() -  name: gt3r_land_ice_segments_longitude
1692892788,1557,timing,elapsed_us,37662,start_us,1692892788720134,stop_us,1692892788757796,-,DmrppArray::read_super_chunks_concurrent() -  name: gt2l_land_ice_segments_latitude
1692892788,1557,timing,elapsed_us,42432,start_us,1692892788946077,stop_us,1692892788988509,-,DmrppArray::read_super_chunks_concurrent() -  name: gt2l_land_ice_segments_delta_time
1692892788,1557,timing,elapsed_us,48998,start_us,1692892788818214,stop_us,1692892788867212,-,DmrppArray::read_super_chunks_concurrent() -  name: gt1l_land_ice_segments_delta_time
1692892788,1557,timing,elapsed_us,57732,start_us,1692892788542149,stop_us,1692892788599881,-,DmrppArray::read_super_chunks_concurrent() -  name: gt2r_land_ice_segments_latitude
1692892788,1557,timing,elapsed_us,78267,start_us,1692892788867520,stop_us,1692892788945787,-,DmrppArray::read_super_chunks_concurrent() -  name: gt1r_land_ice_segments_delta_time
1692892789,1557,timing,elapsed_us,20385,start_us,1692892789061527,stop_us,1692892789081912,-,DmrppArray::read_contiguous() -  name: orbit_info_crossing_time
1692892789,1557,timing,elapsed_us,21149,start_us,1692892788988831,stop_us,1692892789009980,-,DmrppArray::read_super_chunks_concurrent() -  name: gt2r_land_ice_segments_delta_time
1692892789,1557,timing,elapsed_us,21728,start_us,1692892789010246,stop_us,1692892789031974,-,DmrppArray::read_super_chunks_concurrent() -  name: gt3l_land_ice_segments_delta_time
1692892789,1557,timing,elapsed_us,29112,start_us,1692892789032212,stop_us,1692892789061324,-,DmrppArray::read_super_chunks_concurrent() -  name: gt3r_land_ice_segments_delta_time
1692892789,1557,timing,elapsed_us,3098189,start_us,1692892785983968,stop_us,1692892789082157,-,BESDapResponseBuilder::serialize_dap4_data() - Timer
1692892789,1557,timing,elapsed_us,3098562,start_us,1692892785983624,stop_us,1692892789082186,http-nio-8080-exec-5:33[bes_client:/-3],get dap for d1 return as dap2; transmitting
1692892789,1557,timing,elapsed_us,521,start_us,1692892789083483,stop_us,1692892789084004,-,BESInterface::execute_request
1692892789,1557,timing,elapsed_us,550,start_us,1692892789083479,stop_us,1692892789084029,-,BESServerHandler::execute
1692892789,1557,timing,elapsed_us,5629468,start_us,1692892783452740,stop_us,1692892789082208,-,BESInterface::execute_request
1692892789,1557,timing,elapsed_us,5630740,start_us,1692892783452713,stop_us,1692892789083453,-,BESServerHandler::execute
1692892789,1557,timing,elapsed_us,7,start_us,1692892789083990,stop_us,1692892789083997,client: /-3:37,show status; transmitting
1692892825,1557,timing,elapsed_us,220253,start_us,1692892825758324,stop_us,1692892825978577,-,RemoteResource::get_url() - source url: https://cmr.uat.earthdata.nasa.gov/search/granules.umm_json_v1_4?collection_concept_id=C1241426872-NSIDC_CUAT&granule_ur=ATL06_20200101223747_00950603_005_01.h5
1692892825,1557,timing,elapsed_us,7,start_us,1692892825979168,stop_us,1692892825979175,http-nio-8080-exec-4:32[bes_client:/-3],set container in ngap values ngapContainer,collections/C1241426872-NSIDC_CUAT/granules/ATL06_20200101223747_00950603_005_01.h5; transmitting
1692892825,1557,timing,elapsed_us,9,start_us,1692892825979386,stop_us,1692892825979395,http-nio-8080-exec-4:32[bes_client:/-3],define d1 in default as ngapContainer with ngapContainer.dap4constraint="/orbit_info_rgt;/orbit_info_crossing_time;/gt3r_land_ice_segments_latitude[0:256:];/gt3r_land_ice_segments_longitude[0:256:];/gt3r_land_ice_segments_delta_time[0:256:];/gt3l_land_ice_segments_latitude[0:256:];/gt3l_land_ice_segments_longitude[0:256:];/gt3l_land_ice_segments_delta_time[0:256:];/gt2r_land_ice_segments_latitude[0:256:];/gt2r_land_ice_segments_longitude[0:256:];/gt2r_land_ice_segments_delta_time[0:256:];/gt2l_land_ice_segments_latitude[0:256:];/gt2l_land_ice_segments_longitude[0:256:];/gt2l_land_ice_segments_delta_time[0:256:];/gt1r_land_ice_segments_latitude[0:256:];/gt1r_land_ice_segments_longitude[0:256:];/gt1r_land_ice_segments_delta_time[0:256:];/gt1l_land_ice_segments_latitude[0:256:];/gt1l_land_ice_segments_longitude[0:256:];/gt1l_land_ice_segments_delta_time[0:256:]"; transmitting
1692892828,1557,timing,elapsed_us,20836,start_us,1692892828785059,stop_us,1692892828805895,-,DmrppArray::read_super_chunks_concurrent() -  name: gt3l_land_ice_segments_latitude
1692892828,1557,timing,elapsed_us,22565,start_us,1692892828931228,stop_us,1692892828953793,-,DmrppArray::read_super_chunks_concurrent() -  name: gt1r_land_ice_segments_delta_time
1692892828,1557,timing,elapsed_us,2299094,start_us,1692892825980253,stop_us,1692892828279347,-,RemoteResource::get_url() - source url: https://data.nsidc.uat.earthdatacloud.nasa.gov/nsidc-cumulus-uat-protected/ATLAS/ATL06/005/2020/01/01/ATL06_20200101223747_00950603_005_01.h5.dmrpp
1692892828,1557,timing,elapsed_us,23279,start_us,1692892828831076,stop_us,1692892828854355,-,DmrppArray::read_super_chunks_concurrent() -  name: gt2l_land_ice_segments_latitude
1692892828,1557,timing,elapsed_us,23304,start_us,1692892828907616,stop_us,1692892828930920,-,DmrppArray::read_super_chunks_concurrent() -  name: gt1l_land_ice_segments_delta_time
1692892828,1557,timing,elapsed_us,23520,start_us,1692892828854649,stop_us,1692892828878169,-,DmrppArray::read_super_chunks_concurrent() -  name: gt3r_land_ice_segments_longitude
1692892828,1557,timing,elapsed_us,24632,start_us,1692892828806179,stop_us,1692892828830811,-,DmrppArray::read_super_chunks_concurrent() -  name: gt2l_land_ice_segments_longitude
1692892828,1557,timing,elapsed_us,27332,start_us,1692892828757453,stop_us,1692892828784785,-,DmrppArray::read_super_chunks_concurrent() -  name: gt3l_land_ice_segments_longitude
1692892828,1557,timing,elapsed_us,28866,start_us,1692892828878455,stop_us,1692892828907321,-,DmrppArray::read_super_chunks_concurrent() -  name: gt3r_land_ice_segments_latitude
1692892828,1557,timing,elapsed_us,38760,start_us,1692892828718385,stop_us,1692892828757145,-,DmrppArray::read_super_chunks_concurrent() -  name: gt1l_land_ice_segments_latitude
1692892828,1557,timing,elapsed_us,40649,start_us,1692892828519940,stop_us,1692892828560589,-,DmrppArray::read_super_chunks_concurrent() -  name: gt2r_land_ice_segments_longitude
1692892828,1557,timing,elapsed_us,51717,start_us,1692892828467924,stop_us,1692892828519641,-,DmrppArray::read_super_chunks_concurrent() -  name: gt1r_land_ice_segments_latitude
1692892828,1557,timing,elapsed_us,67508,start_us,1692892828650595,stop_us,1692892828718103,-,DmrppArray::read_super_chunks_concurrent() -  name: gt1l_land_ice_segments_longitude
1692892828,1557,timing,elapsed_us,86423,start_us,1692892828381199,stop_us,1692892828467622,-,DmrppArray::read_super_chunks_concurrent() -  name: gt1r_land_ice_segments_longitude
1692892828,1557,timing,elapsed_us,89467,start_us,1692892828560831,stop_us,1692892828650298,-,DmrppArray::read_super_chunks_concurrent() -  name: gt2r_land_ice_segments_latitude
1692892828,1557,timing,elapsed_us,89532,start_us,1692892828291311,stop_us,1692892828380843,-,DmrppArray::read_contiguous() -  name: orbit_info_rgt
1692892829,1557,timing,elapsed_us,171,start_us,1692892829164300,stop_us,1692892829164471,-,BESInterface::execute_request
1692892829,1557,timing,elapsed_us,17211,start_us,1692892829145378,stop_us,1692892829162589,-,DmrppArray::read_contiguous() -  name: orbit_info_crossing_time
1692892829,1557,timing,elapsed_us,199,start_us,1692892829164296,stop_us,1692892829164495,-,BESServerHandler::execute
1692892829,1557,timing,elapsed_us,22614,start_us,1692892829122665,stop_us,1692892829145279,-,DmrppArray::read_super_chunks_concurrent() -  name: gt3r_land_ice_segments_delta_time
1692892829,1557,timing,elapsed_us,3410165,start_us,1692892825752754,stop_us,1692892829162919,-,BESInterface::execute_request
1692892829,1557,timing,elapsed_us,3411560,start_us,1692892825752716,stop_us,1692892829164276,-,BESServerHandler::execute
1692892829,1557,timing,elapsed_us,34593,start_us,1692892829034501,stop_us,1692892829069094,-,DmrppArray::read_super_chunks_concurrent() -  name: gt2r_land_ice_segments_delta_time
1692892829,1557,timing,elapsed_us,52974,start_us,1692892829069380,stop_us,1692892829122354,-,DmrppArray::read_super_chunks_concurrent() -  name: gt3l_land_ice_segments_delta_time
1692892829,1557,timing,elapsed_us,7,start_us,1692892829164457,stop_us,1692892829164464,client: /-3:39,show status; transmitting
1692892829,1557,timing,elapsed_us,80242,start_us,1692892828954029,stop_us,1692892829034271,-,DmrppArray::read_super_chunks_concurrent() -  name: gt2l_land_ice_segments_delta_time
1692892829,1557,timing,elapsed_us,872965,start_us,1692892828289900,stop_us,1692892829162865,-,BESDapResponseBuilder::serialize_dap4_data() - Timer
1692892829,1557,timing,elapsed_us,873343,start_us,1692892828289552,stop_us,1692892829162895,http-nio-8080-exec-4:32[bes_client:/-3],get dap for d1 return as dap2; transmitting
1692892864,1557,timing,elapsed_us,234648,start_us,1692892864365786,stop_us,1692892864600434,-,RemoteResource::get_url() - source url: https://cmr.uat.earthdata.nasa.gov/search/granules.umm_json_v1_4?collection_concept_id=C1241426872-NSIDC_CUAT&granule_ur=ATL06_20200101223747_00950603_005_01.h5
1692892864,1557,timing,elapsed_us,9,start_us,1692892864600884,stop_us,1692892864600893,http-nio-8080-exec-2:30[bes_client:/-3],set container in ngap values ngapContainer,collections/C1241426872-NSIDC_CUAT/granules/ATL06_20200101223747_00950603_005_01.h5; transmitting
1692892864,1557,timing,elapsed_us,9,start_us,1692892864601081,stop_us,1692892864601090,http-nio-8080-exec-2:30[bes_client:/-3],define d1 in default as ngapContainer with ngapContainer.dap4constraint="/orbit_info_rgt;/orbit_info_crossing_time;/gt3r_land_ice_segments_latitude[0:256:];/gt3r_land_ice_segments_longitude[0:256:];/gt3r_land_ice_segments_delta_time[0:256:];/gt3l_land_ice_segments_latitude[0:256:];/gt3l_land_ice_segments_longitude[0:256:];/gt3l_land_ice_segments_delta_time[0:256:];/gt2r_land_ice_segments_latitude[0:256:];/gt2r_land_ice_segments_longitude[0:256:];/gt2r_land_ice_segments_delta_time[0:256:];/gt2l_land_ice_segments_latitude[0:256:];/gt2l_land_ice_segments_longitude[0:256:];/gt2l_land_ice_segments_delta_time[0:256:];/gt1r_land_ice_segments_latitude[0:256:];/gt1r_land_ice_segments_longitude[0:256:];/gt1r_land_ice_segments_delta_time[0:256:];/gt1l_land_ice_segments_latitude[0:256:];/gt1l_land_ice_segments_longitude[0:256:];/gt1l_land_ice_segments_delta_time[0:256:]"; transmitting
1692892866,1557,timing,elapsed_us,2380160,start_us,1692892864601929,stop_us,1692892866982089,-,RemoteResource::get_url() - source url: https://data.nsidc.uat.earthdatacloud.nasa.gov/nsidc-cumulus-uat-protected/ATLAS/ATL06/005/2020/01/01/ATL06_20200101223747_00950603_005_01.h5.dmrpp
1692892867,1557,timing,elapsed_us,115753,start_us,1692892867424899,stop_us,1692892867540652,-,DmrppArray::read_super_chunks_concurrent() -  name: gt2r_land_ice_segments_longitude
1692892867,1557,timing,elapsed_us,144160,start_us,1692892866993063,stop_us,1692892867137223,-,DmrppArray::read_contiguous() -  name: orbit_info_rgt
1692892867,1557,timing,elapsed_us,192995,start_us,1692892867137593,stop_us,1692892867330588,-,DmrppArray::read_super_chunks_concurrent() -  name: gt1r_land_ice_segments_longitude
1692892867,1557,timing,elapsed_us,22382,start_us,1692892867714841,stop_us,1692892867737223,-,DmrppArray::read_super_chunks_concurrent() -  name: gt3l_land_ice_segments_latitude
1692892867,1557,timing,elapsed_us,23000,start_us,1692892867691564,stop_us,1692892867714564,-,DmrppArray::read_super_chunks_concurrent() -  name: gt3l_land_ice_segments_longitude
1692892867,1557,timing,elapsed_us,27220,start_us,1692892867974735,stop_us,1692892868001955,-,DmrppArray::read_super_chunks_concurrent() -  name: gt1l_land_ice_segments_delta_time
1692892867,1557,timing,elapsed_us,35358,start_us,1692892867655907,stop_us,1692892867691265,-,DmrppArray::read_super_chunks_concurrent() -  name: gt1l_land_ice_segments_latitude
1692892867,1557,timing,elapsed_us,45161,start_us,1692892867610432,stop_us,1692892867655593,-,DmrppArray::read_super_chunks_concurrent() -  name: gt1l_land_ice_segments_longitude
1692892867,1557,timing,elapsed_us,53006,start_us,1692892867737510,stop_us,1692892867790516,-,DmrppArray::read_super_chunks_concurrent() -  name: gt2l_land_ice_segments_longitude
1692892867,1557,timing,elapsed_us,55124,start_us,1692892867919319,stop_us,1692892867974443,-,DmrppArray::read_super_chunks_concurrent() -  name: gt3r_land_ice_segments_latitude
1692892867,1557,timing,elapsed_us,56210,start_us,1692892867862827,stop_us,1692892867919037,-,DmrppArray::read_super_chunks_concurrent() -  name: gt3r_land_ice_segments_longitude
1692892867,1557,timing,elapsed_us,69178,start_us,1692892867540948,stop_us,1692892867610126,-,DmrppArray::read_super_chunks_concurrent() -  name: gt2r_land_ice_segments_latitude
1692892867,1557,timing,elapsed_us,71795,start_us,1692892867790742,stop_us,1692892867862537,-,DmrppArray::read_super_chunks_concurrent() -  name: gt2l_land_ice_segments_latitude
1692892867,1557,timing,elapsed_us,93742,start_us,1692892867330895,stop_us,1692892867424637,-,DmrppArray::read_super_chunks_concurrent() -  name: gt1r_land_ice_segments_latitude
1692892868,1557,timing,elapsed_us,1283037,start_us,1692892866991615,stop_us,1692892868274652,-,BESDapResponseBuilder::serialize_dap4_data() - Timer
1692892868,1557,timing,elapsed_us,1283408,start_us,1692892866991264,stop_us,1692892868274672,http-nio-8080-exec-2:30[bes_client:/-3],get dap for d1 return as dap2; transmitting
1692892868,1557,timing,elapsed_us,177,start_us,1692892868276080,stop_us,1692892868276257,-,BESInterface::execute_request
1692892868,1557,timing,elapsed_us,204,start_us,1692892868276076,stop_us,1692892868276280,-,BESServerHandler::execute
1692892868,1557,timing,elapsed_us,23877,start_us,1692892868002244,stop_us,1692892868026121,-,DmrppArray::read_super_chunks_concurrent() -  name: gt1r_land_ice_segments_delta_time
1692892868,1557,timing,elapsed_us,33930,start_us,1692892868240509,stop_us,1692892868274439,-,DmrppArray::read_contiguous() -  name: orbit_info_crossing_time
1692892868,1557,timing,elapsed_us,3913925,start_us,1692892864360761,stop_us,1692892868274686,-,BESInterface::execute_request
1692892868,1557,timing,elapsed_us,3915332,start_us,1692892864360725,stop_us,1692892868276057,-,BESServerHandler::execute
1692892868,1557,timing,elapsed_us,44609,start_us,1692892868103199,stop_us,1692892868147808,-,DmrppArray::read_super_chunks_concurrent() -  name: gt2r_land_ice_segments_delta_time
1692892868,1557,timing,elapsed_us,45238,start_us,1692892868195168,stop_us,1692892868240406,-,DmrppArray::read_super_chunks_concurrent() -  name: gt3r_land_ice_segments_delta_time
1692892868,1557,timing,elapsed_us,46875,start_us,1692892868148050,stop_us,1692892868194925,-,DmrppArray::read_super_chunks_concurrent() -  name: gt3l_land_ice_segments_delta_time
1692892868,1557,timing,elapsed_us,6,start_us,1692892868276244,stop_us,1692892868276250,client: /-3:41,show status; transmitting
1692892868,1557,timing,elapsed_us,76301,start_us,1692892868026357,stop_us,1692892868102658,-,DmrppArray::read_super_chunks_concurrent() -  name: gt2l_land_ice_segments_delta_time
1692892939,1557,timing,elapsed_us,354686,start_us,1692892938873308,stop_us,1692892939227994,-,RemoteResource::get_url() - source url: https://cmr.uat.earthdata.nasa.gov/search/granules.umm_json_v1_4?collection_concept_id=C1241426887-NSIDC_CUAT&granule_ur=ATL07-01_20200101015629_00820601_005_01.h5
1692892939,1557,timing,elapsed_us,7,start_us,1692892939228531,stop_us,1692892939228538,http-nio-8080-exec-6:34[bes_client:/-3],set container in ngap values ngapContainer,collections/C1241426887-NSIDC_CUAT/granules/ATL07-01_20200101015629_00820601_005_01.h5; transmitting
1692892939,1557,timing,elapsed_us,9,start_us,1692892939228747,stop_us,1692892939228756,http-nio-8080-exec-6:34[bes_client:/-3],define d1 in default as ngapContainer with ngapContainer.dap4constraint="/orbit_info_rgt;/orbit_info_crossing_time;/gt3r_sea_ice_segments_latitude[0:1024:];/gt3r_sea_ice_segments_longitude[0:1024:];/gt3r_sea_ice_segments_delta_time[0:1024:];/gt3l_sea_ice_segments_latitude[0:1024:];/gt3l_sea_ice_segments_longitude[0:1024:];/gt3l_sea_ice_segments_delta_time[0:1024:];/gt2r_sea_ice_segments_latitude[0:1024:];/gt2r_sea_ice_segments_longitude[0:1024:];/gt2r_sea_ice_segments_delta_time[0:1024:];/gt2l_sea_ice_segments_latitude[0:1024:];/gt2l_sea_ice_segments_longitude[0:1024:];/gt2l_sea_ice_segments_delta_time[0:1024:];/gt1r_sea_ice_segments_latitude[0:1024:];/gt1r_sea_ice_segments_longitude[0:1024:];/gt1r_sea_ice_segments_delta_time[0:1024:];/gt1l_sea_ice_segments_latitude[0:1024:];/gt1l_sea_ice_segments_longitude[0:1024:];/gt1l_sea_ice_segments_delta_time[0:1024:]"; transmitting
1692892941,1557,timing,elapsed_us,2286292,start_us,1692892939229630,stop_us,1692892941515922,-,RemoteResource::get_url() - source url: https://data.nsidc.uat.earthdatacloud.nasa.gov/nsidc-cumulus-uat-protected/ATLAS/ATL07/005/2020/01/01/ATL07-01_20200101015629_00820601_005_01.h5.dmrpp
1692892943,1557,timing,elapsed_us,2322881,start_us,1692892941532248,stop_us,1692892943855129,-,CurlUtils::retrieve_effective_url() -  Following Redirects Starting With: https://data.nsidc.uat.earthdatacloud.nasa.gov/nsidc-cumulus-uat-protected/ATLAS/ATL07/005/2020/01/01/ATL07-01_20200101015629_00820601_005_01.h5
1692892943,1557,timing,elapsed_us,2388174,start_us,1692892941532199,stop_us,1692892943920373,-,DmrppArray::read_contiguous() -  name: orbit_info_rgt
1692892944,1557,timing,elapsed_us,109015,start_us,1692892944759036,stop_us,1692892944868051,-,DmrppArray::read_super_chunks_concurrent() -  name: gt3r_sea_ice_segments_longitude
1692892944,1557,timing,elapsed_us,122549,start_us,1692892943921892,stop_us,1692892944044441,-,DmrppArray::read_super_chunks_concurrent() -  name: gt1r_sea_ice_segments_longitude
1692892944,1557,timing,elapsed_us,257915,start_us,1692892944383813,stop_us,1692892944641728,-,DmrppArray::read_super_chunks_concurrent() -  name: gt3l_sea_ice_segments_latitude
1692892944,1557,timing,elapsed_us,39139,start_us,1692892944173336,stop_us,1692892944212475,-,DmrppArray::read_super_chunks_concurrent() -  name: gt2r_sea_ice_segments_latitude
1692892944,1557,timing,elapsed_us,42298,start_us,1692892944213453,stop_us,1692892944255751,-,DmrppArray::read_super_chunks_concurrent() -  name: gt1l_sea_ice_segments_longitude
1692892944,1557,timing,elapsed_us,42490,start_us,1692892944129783,stop_us,1692892944172273,-,DmrppArray::read_super_chunks_concurrent() -  name: gt2r_sea_ice_segments_longitude
1692892944,1557,timing,elapsed_us,48452,start_us,1692892944709487,stop_us,1692892944757939,-,DmrppArray::read_super_chunks_concurrent() -  name: gt2l_sea_ice_segments_latitude
1692892944,1557,timing,elapsed_us,54802,start_us,1692892944256818,stop_us,1692892944311620,-,DmrppArray::read_super_chunks_concurrent() -  name: gt1l_sea_ice_segments_latitude
1692892944,1557,timing,elapsed_us,65975,start_us,1692892944642549,stop_us,1692892944708524,-,DmrppArray::read_super_chunks_concurrent() -  name: gt2l_sea_ice_segments_longitude
1692892944,1557,timing,elapsed_us,69868,start_us,1692892944312949,stop_us,1692892944382817,-,DmrppArray::read_super_chunks_concurrent() -  name: gt3l_sea_ice_segments_longitude
1692892944,1557,timing,elapsed_us,79745,start_us,1692892944869201,stop_us,1692892944948946,-,DmrppArray::read_super_chunks_concurrent() -  name: gt3r_sea_ice_segments_latitude
1692892944,1557,timing,elapsed_us,83115,start_us,1692892944045691,stop_us,1692892944128806,-,DmrppArray::read_super_chunks_concurrent() -  name: gt1r_sea_ice_segments_latitude
1692892945,1557,timing,elapsed_us,120507,start_us,1692892945227532,stop_us,1692892945348039,-,DmrppArray::read_super_chunks_concurrent() -  name: gt2r_sea_ice_segments_delta_time
1692892945,1557,timing,elapsed_us,129598,start_us,1692892944949977,stop_us,1692892945079575,-,DmrppArray::read_super_chunks_concurrent() -  name: gt1l_sea_ice_segments_delta_time
1692892945,1557,timing,elapsed_us,132644,start_us,1692892945554160,stop_us,1692892945686804,-,DmrppArray::read_contiguous() -  name: orbit_info_crossing_time
1692892945,1557,timing,elapsed_us,140325,start_us,1692892945349121,stop_us,1692892945489446,-,DmrppArray::read_super_chunks_concurrent() -  name: gt3l_sea_ice_segments_delta_time
1692892945,1557,timing,elapsed_us,212,start_us,1692892945688866,stop_us,1692892945689078,-,BESInterface::execute_request
1692892945,1557,timing,elapsed_us,245,start_us,1692892945688862,stop_us,1692892945689107,-,BESServerHandler::execute
1692892945,1557,timing,elapsed_us,4156193,start_us,1692892941530906,stop_us,1692892945687099,-,BESDapResponseBuilder::serialize_dap4_data() - Timer
1692892945,1557,timing,elapsed_us,4156584,start_us,1692892941530547,stop_us,1692892945687131,http-nio-8080-exec-6:34[bes_client:/-3],get dap for d1 return as dap2; transmitting
1692892945,1557,timing,elapsed_us,51079,start_us,1692892945175410,stop_us,1692892945226489,-,DmrppArray::read_super_chunks_concurrent() -  name: gt2l_sea_ice_segments_delta_time
1692892945,1557,timing,elapsed_us,63393,start_us,1692892945490626,stop_us,1692892945554019,-,DmrppArray::read_super_chunks_concurrent() -  name: gt3r_sea_ice_segments_delta_time
1692892945,1557,timing,elapsed_us,6818364,start_us,1692892938868783,stop_us,1692892945687147,-,BESInterface::execute_request
1692892945,1557,timing,elapsed_us,6820088,start_us,1692892938868748,stop_us,1692892945688836,-,BESServerHandler::execute
1692892945,1557,timing,elapsed_us,9,start_us,1692892945689060,stop_us,1692892945689069,client: /-3:43,show status; transmitting
1692892945,1557,timing,elapsed_us,93623,start_us,1692892945080741,stop_us,1692892945174364,-,DmrppArray::read_super_chunks_concurrent() -  name: gt1r_sea_ice_segments_delta_time
1692893001,1557,timing,elapsed_us,419410,start_us,1692893001581091,stop_us,1692893002000501,-,RemoteResource::get_url() - source url: https://cmr.uat.earthdata.nasa.gov/search/granules.umm_json_v1_4?collection_concept_id=C1241426907-NSIDC_CUAT&granule_ur=ATL08_20200101145654_00900605_005_01.h5
1692893001,1557,timing,elapsed_us,6,start_us,1692893002001298,stop_us,1692893002001304,http-nio-8080-exec-10:38[bes_client:/-3],define d1 in default as ngapContainer with ngapContainer.dap4constraint="/orbit_info_rgt;/orbit_info_crossing_time;/gt3r_land_segments_latitude[0:64:];/gt3r_land_segments_longitude[0:64:];/gt3r_land_segments_delta_time[0:64:];/gt3l_land_segments_latitude[0:64:];/gt3l_land_segments_longitude[0:64:];/gt3l_land_segments_delta_time[0:64:];/gt2r_land_segments_latitude[0:64:];/gt2r_land_segments_longitude[0:64:];/gt2r_land_segments_delta_time[0:64:];/gt2l_land_segments_latitude[0:64:];/gt2l_land_segments_longitude[0:64:];/gt2l_land_segments_delta_time[0:64:];/gt1r_land_segments_latitude[0:64:];/gt1r_land_segments_longitude[0:64:];/gt1r_land_segments_delta_time[0:64:];/gt1l_land_segments_latitude[0:64:];/gt1l_land_segments_longitude[0:64:];/gt1l_land_segments_delta_time[0:64:]"; transmitting
1692893001,1557,timing,elapsed_us,8,start_us,1692893002000961,stop_us,1692893002000969,http-nio-8080-exec-10:38[bes_client:/-3],set container in ngap values ngapContainer,collections/C1241426907-NSIDC_CUAT/granules/ATL08_20200101145654_00900605_005_01.h5; transmitting
1692893004,1557,timing,elapsed_us,102819,start_us,1692893004851878,stop_us,1692893004954697,-,DmrppArray::read_contiguous() -  name: gt1r_land_segments_delta_time
1692893004,1557,timing,elapsed_us,206563,start_us,1692893004645218,stop_us,1692893004851781,-,DmrppArray::read_contiguous() -  name: gt1l_land_segments_delta_time
1692893004,1557,timing,elapsed_us,2621383,start_us,1692893002002142,stop_us,1692893004623525,-,RemoteResource::get_url() - source url: https://data.nsidc.uat.earthdatacloud.nasa.gov/nsidc-cumulus-uat-protected/ATLAS/ATL08/005/2020/01/01/ATL08_20200101145654_00900605_005_01.h5.dmrpp
1692893004,1557,timing,elapsed_us,39755,start_us,1692893004954777,stop_us,1692893004994532,-,DmrppArray::read_contiguous() -  name: gt2l_land_segments_delta_time
1692893005,1557,timing,elapsed_us,15182,start_us,1692893005281323,stop_us,1692893005296505,-,DmrppArray::read_contiguous() -  name: gt1r_land_segments_latitude
1692893005,1557,timing,elapsed_us,15650,start_us,1692893005296611,stop_us,1692893005312261,-,DmrppArray::read_contiguous() -  name: gt2r_land_segments_longitude
1692893005,1557,timing,elapsed_us,15855,start_us,1692893005312408,stop_us,1692893005328263,-,DmrppArray::read_contiguous() -  name: gt2r_land_segments_latitude
1692893005,1557,timing,elapsed_us,16686,start_us,1692893005081622,stop_us,1692893005098308,-,DmrppArray::read_contiguous() -  name: gt3l_land_segments_delta_time
1692893005,1557,timing,elapsed_us,167,start_us,1692893005574772,stop_us,1692893005574939,-,BESInterface::execute_request
1692893005,1557,timing,elapsed_us,17165,start_us,1692893005328415,stop_us,1692893005345580,-,DmrppArray::read_contiguous() -  name: gt1l_land_segments_longitude
1692893005,1557,timing,elapsed_us,17333,start_us,1692893005451960,stop_us,1692893005469293,-,DmrppArray::read_contiguous() -  name: gt2l_land_segments_latitude
1692893005,1557,timing,elapsed_us,192,start_us,1692893005574768,stop_us,1692893005574960,-,BESServerHandler::execute
1692893005,1557,timing,elapsed_us,19241,start_us,1692893005432588,stop_us,1692893005451829,-,DmrppArray::read_contiguous() -  name: gt2l_land_segments_longitude
1692893005,1557,timing,elapsed_us,19472,start_us,1692893005345649,stop_us,1692893005365121,-,DmrppArray::read_contiguous() -  name: gt1l_land_segments_latitude
1692893005,1557,timing,elapsed_us,19977,start_us,1692893005365299,stop_us,1692893005385276,-,DmrppArray::read_contiguous() -  name: gt3l_land_segments_longitude
1692893005,1557,timing,elapsed_us,23649,start_us,1692893005257505,stop_us,1692893005281154,-,DmrppArray::read_contiguous() -  name: gt1r_land_segments_longitude
1692893005,1557,timing,elapsed_us,24345,start_us,1692893005194196,stop_us,1692893005218541,-,DmrppArray::read_contiguous() -  name: orbit_info_crossing_time
1692893005,1557,timing,elapsed_us,38626,start_us,1692893005218708,stop_us,1692893005257334,-,DmrppArray::read_contiguous() -  name: orbit_info_rgt
1692893005,1557,timing,elapsed_us,3996892,start_us,1692893001576751,stop_us,1692893005573643,-,BESInterface::execute_request
1692893005,1557,timing,elapsed_us,3998036,start_us,1692893001576715,stop_us,1692893005574751,-,BESServerHandler::execute
1692893005,1557,timing,elapsed_us,47096,start_us,1692893005385418,stop_us,1692893005432514,-,DmrppArray::read_contiguous() -  name: gt3l_land_segments_latitude
1692893005,1557,timing,elapsed_us,50860,start_us,1692893005469462,stop_us,1692893005520322,-,DmrppArray::read_contiguous() -  name: gt3r_land_segments_longitude
1692893005,1557,timing,elapsed_us,52937,start_us,1692893005520483,stop_us,1692893005573420,-,DmrppArray::read_contiguous() -  name: gt3r_land_segments_latitude
1692893005,1557,timing,elapsed_us,6,start_us,1692893005574925,stop_us,1692893005574931,client: /-3:45,show status; transmitting
1692893005,1557,timing,elapsed_us,86936,start_us,1692893004994611,stop_us,1692893005081547,-,DmrppArray::read_contiguous() -  name: gt2r_land_segments_delta_time
1692893005,1557,timing,elapsed_us,929711,start_us,1692893004643909,stop_us,1692893005573620,-,BESDapResponseBuilder::serialize_dap4_data() - Timer
1692893005,1557,timing,elapsed_us,929988,start_us,1692893004643643,stop_us,1692893005573631,http-nio-8080-exec-10:38[bes_client:/-3],get dap for d1 return as dap2; transmitting
1692893005,1557,timing,elapsed_us,95663,start_us,1692893005098372,stop_us,1692893005194035,-,DmrppArray::read_contiguous() -  name: gt3r_land_segments_delta_time
1692893021,1557,timing,elapsed_us,199902,start_us,1692893021077698,stop_us,1692893021277600,-,RemoteResource::get_url() - source url: https://cmr.uat.earthdata.nasa.gov/search/granules.umm_json_v1_4?collection_concept_id=C1241426907-NSIDC_CUAT&granule_ur=ATL08_20200101145654_00900605_005_01.h5
1692893021,1557,timing,elapsed_us,6,start_us,1692893021278403,stop_us,1692893021278409,http-nio-8080-exec-5:33[bes_client:/-3],define d1 in default as ngapContainer with ngapContainer.dap4constraint="/orbit_info_rgt;/orbit_info_crossing_time;/gt3r_land_segments_latitude[0:64:];/gt3r_land_segments_longitude[0:64:];/gt3r_land_segments_delta_time[0:64:];/gt3l_land_segments_latitude[0:64:];/gt3l_land_segments_longitude[0:64:];/gt3l_land_segments_delta_time[0:64:];/gt2r_land_segments_latitude[0:64:];/gt2r_land_segments_longitude[0:64:];/gt2r_land_segments_delta_time[0:64:];/gt2l_land_segments_latitude[0:64:];/gt2l_land_segments_longitude[0:64:];/gt2l_land_segments_delta_time[0:64:];/gt1r_land_segments_latitude[0:64:];/gt1r_land_segments_longitude[0:64:];/gt1r_land_segments_delta_time[0:64:];/gt1l_land_segments_latitude[0:64:];/gt1l_land_segments_longitude[0:64:];/gt1l_land_segments_delta_time[0:64:]"; transmitting
1692893021,1557,timing,elapsed_us,7,start_us,1692893021278045,stop_us,1692893021278052,http-nio-8080-exec-5:33[bes_client:/-3],set container in ngap values ngapContainer,collections/C1241426907-NSIDC_CUAT/granules/ATL08_20200101145654_00900605_005_01.h5; transmitting
1692893023,1557,timing,elapsed_us,14400,start_us,1692893023739261,stop_us,1692893023753661,-,DmrppArray::read_contiguous() -  name: gt2l_land_segments_delta_time
1692893023,1557,timing,elapsed_us,15373,start_us,1692893023808124,stop_us,1692893023823497,-,DmrppArray::read_contiguous() -  name: orbit_info_crossing_time
1692893023,1557,timing,elapsed_us,15896,start_us,1692893023842397,stop_us,1692893023858293,-,DmrppArray::read_contiguous() -  name: gt1r_land_segments_longitude
1692893023,1557,timing,elapsed_us,16531,start_us,1692893023877698,stop_us,1692893023894229,-,DmrppArray::read_contiguous() -  name: gt2r_land_segments_longitude
1692893023,1557,timing,elapsed_us,16657,start_us,1692893023753722,stop_us,1692893023770379,-,DmrppArray::read_contiguous() -  name: gt2r_land_segments_delta_time
1692893023,1557,timing,elapsed_us,16781,start_us,1692893023970568,stop_us,1692893023987349,-,DmrppArray::read_contiguous() -  name: gt3l_land_segments_latitude
1692893023,1557,timing,elapsed_us,16813,start_us,1692893023894289,stop_us,1692893023911102,-,DmrppArray::read_contiguous() -  name: gt2r_land_segments_latitude
1692893023,1557,timing,elapsed_us,17929,start_us,1692893023911253,stop_us,1692893023929182,-,DmrppArray::read_contiguous() -  name: gt1l_land_segments_longitude
1692893023,1557,timing,elapsed_us,18607,start_us,1692893023823644,stop_us,1692893023842251,-,DmrppArray::read_contiguous() -  name: orbit_info_rgt
1692893023,1557,timing,elapsed_us,18652,start_us,1692893023789301,stop_us,1692893023807953,-,DmrppArray::read_contiguous() -  name: gt3r_land_segments_delta_time
1692893023,1557,timing,elapsed_us,18761,start_us,1692893023770471,stop_us,1692893023789232,-,DmrppArray::read_contiguous() -  name: gt3l_land_segments_delta_time
1692893023,1557,timing,elapsed_us,19185,start_us,1692893023858368,stop_us,1692893023877553,-,DmrppArray::read_contiguous() -  name: gt1r_land_segments_latitude
1692893023,1557,timing,elapsed_us,20171,start_us,1692893023950280,stop_us,1692893023970451,-,DmrppArray::read_contiguous() -  name: gt3l_land_segments_longitude
1692893023,1557,timing,elapsed_us,20877,start_us,1692893023929282,stop_us,1692893023950159,-,DmrppArray::read_contiguous() -  name: gt1l_land_segments_latitude
1692893023,1557,timing,elapsed_us,2324860,start_us,1692893021279262,stop_us,1692893023604122,-,RemoteResource::get_url() - source url: https://data.nsidc.uat.earthdatacloud.nasa.gov/nsidc-cumulus-uat-protected/ATLAS/ATL08/005/2020/01/01/ATL08_20200101145654_00900605_005_01.h5.dmrpp
1692893023,1557,timing,elapsed_us,24261,start_us,1692893023714864,stop_us,1692893023739125,-,DmrppArray::read_contiguous() -  name: gt1r_land_segments_delta_time
1692893023,1557,timing,elapsed_us,90224,start_us,1692893023624538,stop_us,1692893023714762,-,DmrppArray::read_contiguous() -  name: gt1l_land_segments_delta_time
1692893024,1557,timing,elapsed_us,17169,start_us,1692893024060146,stop_us,1692893024077315,-,DmrppArray::read_contiguous() -  name: gt3r_land_segments_longitude
1692893024,1557,timing,elapsed_us,186,start_us,1692893024104462,stop_us,1692893024104648,-,BESInterface::execute_request
1692893024,1557,timing,elapsed_us,18924,start_us,1692893023987440,stop_us,1692893024006364,-,DmrppArray::read_contiguous() -  name: gt2l_land_segments_longitude
1692893024,1557,timing,elapsed_us,212,start_us,1692893024104458,stop_us,1692893024104670,-,BESServerHandler::execute
1692893024,1557,timing,elapsed_us,25977,start_us,1692893024077373,stop_us,1692893024103350,-,DmrppArray::read_contiguous() -  name: gt3r_land_segments_latitude
1692893024,1557,timing,elapsed_us,3030720,start_us,1692893021072749,stop_us,1692893024103469,-,BESInterface::execute_request
1692893024,1557,timing,elapsed_us,3031719,start_us,1692893021072722,stop_us,1692893024104441,-,BESServerHandler::execute
1692893024,1557,timing,elapsed_us,480198,start_us,1692893023623253,stop_us,1692893024103451,-,BESDapResponseBuilder::serialize_dap4_data() - Timer
1692893024,1557,timing,elapsed_us,480458,start_us,1692893023623004,stop_us,1692893024103462,http-nio-8080-exec-5:33[bes_client:/-3],get dap for d1 return as dap2; transmitting
1692893024,1557,timing,elapsed_us,53514,start_us,1692893024006464,stop_us,1692893024059978,-,DmrppArray::read_contiguous() -  name: gt2l_land_segments_latitude
1692893024,1557,timing,elapsed_us,7,start_us,1692893024104632,stop_us,1692893024104639,client: /-3:47,show status; transmitting
1692893039,1557,timing,elapsed_us,362891,start_us,1692893039177984,stop_us,1692893039540875,-,RemoteResource::get_url() - source url: https://cmr.uat.earthdata.nasa.gov/search/granules.umm_json_v1_4?collection_concept_id=C1241426907-NSIDC_CUAT&granule_ur=ATL08_20200101145654_00900605_005_01.h5
1692893039,1557,timing,elapsed_us,6,start_us,1692893039541718,stop_us,1692893039541724,http-nio-8080-exec-4:32[bes_client:/-3],define d1 in default as ngapContainer with ngapContainer.dap4constraint="/orbit_info_rgt;/orbit_info_crossing_time;/gt3r_land_segments_latitude[0:64:];/gt3r_land_segments_longitude[0:64:];/gt3r_land_segments_delta_time[0:64:];/gt3l_land_segments_latitude[0:64:];/gt3l_land_segments_longitude[0:64:];/gt3l_land_segments_delta_time[0:64:];/gt2r_land_segments_latitude[0:64:];/gt2r_land_segments_longitude[0:64:];/gt2r_land_segments_delta_time[0:64:];/gt2l_land_segments_latitude[0:64:];/gt2l_land_segments_longitude[0:64:];/gt2l_land_segments_delta_time[0:64:];/gt1r_land_segments_latitude[0:64:];/gt1r_land_segments_longitude[0:64:];/gt1r_land_segments_delta_time[0:64:];/gt1l_land_segments_latitude[0:64:];/gt1l_land_segments_longitude[0:64:];/gt1l_land_segments_delta_time[0:64:]"; transmitting
1692893039,1557,timing,elapsed_us,9,start_us,1692893039541348,stop_us,1692893039541357,http-nio-8080-exec-4:32[bes_client:/-3],set container in ngap values ngapContainer,collections/C1241426907-NSIDC_CUAT/granules/ATL08_20200101145654_00900605_005_01.h5; transmitting
1692893041,1557,timing,elapsed_us,14598,start_us,1692893041906291,stop_us,1692893041920889,-,DmrppArray::read_contiguous() -  name: gt1r_land_segments_delta_time
1692893041,1557,timing,elapsed_us,15926,start_us,1692893041977389,stop_us,1692893041993315,-,DmrppArray::read_contiguous() -  name: gt3r_land_segments_delta_time
1692893041,1557,timing,elapsed_us,17994,start_us,1692893041920970,stop_us,1692893041938964,-,DmrppArray::read_contiguous() -  name: gt2l_land_segments_delta_time
1692893041,1557,timing,elapsed_us,18375,start_us,1692893041958950,stop_us,1692893041977325,-,DmrppArray::read_contiguous() -  name: gt3l_land_segments_delta_time
1692893041,1557,timing,elapsed_us,19817,start_us,1692893041939050,stop_us,1692893041958867,-,DmrppArray::read_contiguous() -  name: gt2r_land_segments_delta_time
1692893041,1557,timing,elapsed_us,2316791,start_us,1692893039542571,stop_us,1692893041859362,-,RemoteResource::get_url() - source url: https://data.nsidc.uat.earthdatacloud.nasa.gov/nsidc-cumulus-uat-protected/ATLAS/ATL08/005/2020/01/01/ATL08_20200101145654_00900605_005_01.h5.dmrpp
1692893041,1557,timing,elapsed_us,27306,start_us,1692893041878895,stop_us,1692893041906201,-,DmrppArray::read_contiguous() -  name: gt1l_land_segments_delta_time
1692893042,1557,timing,elapsed_us,14631,start_us,1692893042199942,stop_us,1692893042214573,-,DmrppArray::read_contiguous() -  name: gt2l_land_segments_longitude
1692893042,1557,timing,elapsed_us,14806,start_us,1692893042169957,stop_us,1692893042184763,-,DmrppArray::read_contiguous() -  name: gt3l_land_segments_longitude
1692893042,1557,timing,elapsed_us,14878,start_us,1692893042184921,stop_us,1692893042199799,-,DmrppArray::read_contiguous() -  name: gt3l_land_segments_latitude
1692893042,1557,timing,elapsed_us,15108,start_us,1692893042119218,stop_us,1692893042134326,-,DmrppArray::read_contiguous() -  name: gt2r_land_segments_latitude
1692893042,1557,timing,elapsed_us,15215,start_us,1692893042134401,stop_us,1692893042149616,-,DmrppArray::read_contiguous() -  name: gt1l_land_segments_longitude
1692893042,1557,timing,elapsed_us,16632,start_us,1692893042214719,stop_us,1692893042231351,-,DmrppArray::read_contiguous() -  name: gt2l_land_segments_latitude
1692893042,1557,timing,elapsed_us,169,start_us,1692893042277241,stop_us,1692893042277410,-,BESInterface::execute_request
1692893042,1557,timing,elapsed_us,17224,start_us,1692893042231519,stop_us,1692893042248743,-,DmrppArray::read_contiguous() -  name: gt3r_land_segments_longitude
1692893042,1557,timing,elapsed_us,196,start_us,1692893042277237,stop_us,1692893042277433,-,BESServerHandler::execute
1692893042,1557,timing,elapsed_us,19692,start_us,1692893041993468,stop_us,1692893042013160,-,DmrppArray::read_contiguous() -  name: orbit_info_crossing_time
1692893042,1557,timing,elapsed_us,20075,start_us,1692893042149758,stop_us,1692893042169833,-,DmrppArray::read_contiguous() -  name: gt1l_land_segments_latitude
1692893042,1557,timing,elapsed_us,21861,start_us,1692893042013334,stop_us,1692893042035195,-,DmrppArray::read_contiguous() -  name: orbit_info_rgt
1692893042,1557,timing,elapsed_us,26092,start_us,1692893042092983,stop_us,1692893042119075,-,DmrppArray::read_contiguous() -  name: gt2r_land_segments_longitude
1692893042,1557,timing,elapsed_us,26584,start_us,1692893042035365,stop_us,1692893042061949,-,DmrppArray::read_contiguous() -  name: gt1r_land_segments_longitude
1692893042,1557,timing,elapsed_us,27183,start_us,1692893042248889,stop_us,1692893042276072,-,DmrppArray::read_contiguous() -  name: gt3r_land_segments_latitude
1692893042,1557,timing,elapsed_us,30882,start_us,1692893042062027,stop_us,1692893042092909,-,DmrppArray::read_contiguous() -  name: gt1r_land_segments_latitude
1692893042,1557,timing,elapsed_us,3103447,start_us,1692893039172746,stop_us,1692893042276193,-,BESInterface::execute_request
1692893042,1557,timing,elapsed_us,3104495,start_us,1692893039172721,stop_us,1692893042277216,-,BESServerHandler::execute
1692893042,1557,timing,elapsed_us,398551,start_us,1692893041877623,stop_us,1692893042276174,-,BESDapResponseBuilder::serialize_dap4_data() - Timer
1692893042,1557,timing,elapsed_us,398806,start_us,1692893041877380,stop_us,1692893042276186,http-nio-8080-exec-4:32[bes_client:/-3],get dap for d1 return as dap2; transmitting
1692893042,1557,timing,elapsed_us,6,start_us,1692893042277397,stop_us,1692893042277403,client: /-3:49,show status; transmitting
1692893061,1557,timing,elapsed_us,346511,start_us,1692893061197923,stop_us,1692893061544434,-,RemoteResource::get_url() - source url: https://cmr.uat.earthdata.nasa.gov/search/granules.umm_json_v1_4?collection_concept_id=C1241426907-NSIDC_CUAT&granule_ur=ATL08_20200101145654_00900605_005_01.h5
1692893061,1557,timing,elapsed_us,5,start_us,1692893061545357,stop_us,1692893061545362,http-nio-8080-exec-9:37[bes_client:/-3],define d1 in default as ngapContainer with ngapContainer.dap4constraint="/orbit_info_rgt;/orbit_info_crossing_time;/gt3r_land_segments_latitude[0:64:];/gt3r_land_segments_longitude[0:64:];/gt3r_land_segments_delta_time[0:64:];/gt3l_land_segments_latitude[0:64:];/gt3l_land_segments_longitude[0:64:];/gt3l_land_segments_delta_time[0:64:];/gt2r_land_segments_latitude[0:64:];/gt2r_land_segments_longitude[0:64:];/gt2r_land_segments_delta_time[0:64:];/gt2l_land_segments_latitude[0:64:];/gt2l_land_segments_longitude[0:64:];/gt2l_land_segments_delta_time[0:64:];/gt1r_land_segments_latitude[0:64:];/gt1r_land_segments_longitude[0:64:];/gt1r_land_segments_delta_time[0:64:];/gt1l_land_segments_latitude[0:64:];/gt1l_land_segments_longitude[0:64:];/gt1l_land_segments_delta_time[0:64:]"; transmitting
1692893061,1557,timing,elapsed_us,8,start_us,1692893061544985,stop_us,1692893061544993,http-nio-8080-exec-9:37[bes_client:/-3],set container in ngap values ngapContainer,collections/C1241426907-NSIDC_CUAT/granules/ATL08_20200101145654_00900605_005_01.h5; transmitting
1692893063,1557,timing,elapsed_us,118199,start_us,1692893063874241,stop_us,1692893063992440,-,DmrppArray::read_contiguous() -  name: gt1l_land_segments_delta_time
1692893063,1557,timing,elapsed_us,2308854,start_us,1692893061546207,stop_us,1692893063855061,-,RemoteResource::get_url() - source url: https://data.nsidc.uat.earthdatacloud.nasa.gov/nsidc-cumulus-uat-protected/ATLAS/ATL08/005/2020/01/01/ATL08_20200101145654_00900605_005_01.h5.dmrpp
1692893064,1557,timing,elapsed_us,112521,start_us,1692893064100745,stop_us,1692893064213266,-,DmrppArray::read_contiguous() -  name: gt2r_land_segments_delta_time
1692893064,1557,timing,elapsed_us,14911,start_us,1692893064404938,stop_us,1692893064419849,-,DmrppArray::read_contiguous() -  name: gt2r_land_segments_latitude
1692893064,1557,timing,elapsed_us,15130,start_us,1692893064582525,stop_us,1692893064597655,-,DmrppArray::read_contiguous() -  name: gt2l_land_segments_latitude
1692893064,1557,timing,elapsed_us,15810,start_us,1692893064614708,stop_us,1692893064630518,-,DmrppArray::read_contiguous() -  name: gt3r_land_segments_latitude
1692893064,1557,timing,elapsed_us,16808,start_us,1692893064597736,stop_us,1692893064614544,-,DmrppArray::read_contiguous() -  name: gt3r_land_segments_longitude
1692893064,1557,timing,elapsed_us,17329,start_us,1692893064528950,stop_us,1692893064546279,-,DmrppArray::read_contiguous() -  name: gt3l_land_segments_longitude
1692893064,1557,timing,elapsed_us,174,start_us,1692893064631759,stop_us,1692893064631933,-,BESInterface::execute_request
1692893064,1557,timing,elapsed_us,17815,start_us,1692893064546446,stop_us,1692893064564261,-,DmrppArray::read_contiguous() -  name: gt3l_land_segments_latitude
1692893064,1557,timing,elapsed_us,17893,start_us,1692893064564454,stop_us,1692893064582347,-,DmrppArray::read_contiguous() -  name: gt2l_land_segments_longitude
1692893064,1557,timing,elapsed_us,18151,start_us,1692893064354547,stop_us,1692893064372698,-,DmrppArray::read_contiguous() -  name: gt1r_land_segments_latitude
1692893064,1557,timing,elapsed_us,18687,start_us,1692893064284418,stop_us,1692893064303105,-,DmrppArray::read_contiguous() -  name: orbit_info_crossing_time
1692893064,1557,timing,elapsed_us,19085,start_us,1692893064335316,stop_us,1692893064354401,-,DmrppArray::read_contiguous() -  name: gt1r_land_segments_longitude
1692893064,1557,timing,elapsed_us,200,start_us,1692893064631756,stop_us,1692893064631956,-,BESServerHandler::execute
1692893064,1557,timing,elapsed_us,25832,start_us,1692893064074745,stop_us,1692893064100577,-,DmrppArray::read_contiguous() -  name: gt2l_land_segments_delta_time
1692893064,1557,timing,elapsed_us,28497,start_us,1692893064255744,stop_us,1692893064284241,-,DmrppArray::read_contiguous() -  name: gt3r_land_segments_delta_time
1692893064,1557,timing,elapsed_us,30058,start_us,1692893064419926,stop_us,1692893064449984,-,DmrppArray::read_contiguous() -  name: gt1l_land_segments_longitude
1692893064,1557,timing,elapsed_us,31868,start_us,1692893064303274,stop_us,1692893064335142,-,DmrppArray::read_contiguous() -  name: orbit_info_rgt
1692893064,1557,timing,elapsed_us,32065,start_us,1692893064372806,stop_us,1692893064404871,-,DmrppArray::read_contiguous() -  name: gt2r_land_segments_longitude
1692893064,1557,timing,elapsed_us,3438011,start_us,1692893061192745,stop_us,1692893064630756,-,BESInterface::execute_request
1692893064,1557,timing,elapsed_us,3439018,start_us,1692893061192720,stop_us,1692893064631738,-,BESServerHandler::execute
1692893064,1557,timing,elapsed_us,42221,start_us,1692893064213443,stop_us,1692893064255664,-,DmrppArray::read_contiguous() -  name: gt3l_land_segments_delta_time
1692893064,1557,timing,elapsed_us,6,start_us,1692893064631916,stop_us,1692893064631922,client: /-3:51,show status; transmitting
1692893064,1557,timing,elapsed_us,757758,start_us,1692893063872962,stop_us,1692893064630720,-,BESDapResponseBuilder::serialize_dap4_data() - Timer
1692893064,1557,timing,elapsed_us,758033,start_us,1692893063872712,stop_us,1692893064630745,http-nio-8080-exec-9:37[bes_client:/-3],get dap for d1 return as dap2; transmitting
1692893064,1557,timing,elapsed_us,78760,start_us,1692893064450109,stop_us,1692893064528869,-,DmrppArray::read_contiguous() -  name: gt1l_land_segments_latitude
1692893064,1557,timing,elapsed_us,81882,start_us,1692893063992704,stop_us,1692893064074586,-,DmrppArray::read_contiguous() -  name: gt1r_land_segments_delta_time
1692893115,1557,timing,elapsed_us,210416,start_us,1692893115550059,stop_us,1692893115760475,-,RemoteResource::get_url() - source url: https://cmr.uat.earthdata.nasa.gov/search/granules.umm_json_v1_4?collection_concept_id=C1241426950-NSIDC_CUAT&granule_ur=ATL10-01_20200101002212_00810601_005_02.h5
1692893115,1557,timing,elapsed_us,8,start_us,1692893115760988,stop_us,1692893115760996,http-nio-8080-exec-5:33[bes_client:/-3],set container in ngap values ngapContainer,collections/C1241426950-NSIDC_CUAT/granules/ATL10-01_20200101002212_00810601_005_02.h5; transmitting
1692893115,1557,timing,elapsed_us,8,start_us,1692893115761356,stop_us,1692893115761364,http-nio-8080-exec-5:33[bes_client:/-3],define d1 in default as ngapContainer with ngapContainer.dap4constraint="/orbit_info_rgt;/orbit_info_crossing_time;/gt3r_freeboard_beam_segment_beam_freeboard_latitude[0:2048:];/gt3r_freeboard_beam_segment_beam_freeboard_longitude[0:2048:];/gt3r_freeboard_beam_segment_beam_freeboard_delta_time[0:2048:];/gt3l_freeboard_beam_segment_beam_freeboard_latitude[0:2048:];/gt3l_freeboard_beam_segment_beam_freeboard_longitude[0:2048:];/gt3l_freeboard_beam_segment_beam_freeboard_delta_time[0:2048:];/gt2r_freeboard_beam_segment_beam_freeboard_latitude[0:2048:];/gt2r_freeboard_beam_segment_beam_freeboard_longitude[0:2048:];/gt2r_freeboard_beam_segment_beam_freeboard_delta_time[0:2048:];/gt2l_freeboard_beam_segment_beam_freeboard_latitude[0:2048:];/gt2l_freeboard_beam_segment_beam_freeboard_longitude[0:2048:];/gt2l_freeboard_beam_segment_beam_freeboard_delta_time[0:2048:];/gt1r_freeboard_beam_segment_beam_freeboard_latitude[0:2048:];/gt1r_freeboard_beam_segment_beam_freeboard_longitude[0:2048:];/gt1r_freeboard_beam_segment_beam_freeboard_delta_time[0:2048:];/gt1l_freeboard_beam_segment_beam_freeboard_latitude[0:2048:];/gt1l_freeboard_beam_segment_beam_freeboard_longitude[0:2048:];/gt1l_freeboard_beam_segment_beam_freeboard_delta_time[0:2048:]"; transmitting
1692893118,1557,timing,elapsed_us,2278329,start_us,1692893115762230,stop_us,1692893118040559,-,RemoteResource::get_url() - source url: https://data.nsidc.uat.earthdatacloud.nasa.gov/nsidc-cumulus-uat-protected/ATLAS/ATL10/005/2020/01/01/ATL10-01_20200101002212_00810601_005_02.h5.dmrpp
1692893120,1557,timing,elapsed_us,19850,start_us,1692893120564017,stop_us,1692893120583867,-,DmrppArray::read_contiguous() -  name: orbit_info_crossing_time
1692893120,1557,timing,elapsed_us,2271595,start_us,1692893118053658,stop_us,1692893120325253,-,CurlUtils::retrieve_effective_url() -  Following Redirects Starting With: https://data.nsidc.uat.earthdatacloud.nasa.gov/nsidc-cumulus-uat-protected/ATLAS/ATL10/005/2020/01/01/ATL10-01_20200101002212_00810601_005_02.h5
1692893120,1557,timing,elapsed_us,28860,start_us,1692893120438551,stop_us,1692893120467411,-,DmrppArray::read_super_chunks_concurrent() -  name: gt2l_freeboard_beam_segment_beam_freeboard_delta_time
1692893120,1557,timing,elapsed_us,29166,start_us,1692893120468059,stop_us,1692893120497225,-,DmrppArray::read_super_chunks_concurrent() -  name: gt2r_freeboard_beam_segment_beam_freeboard_delta_time
1692893120,1557,timing,elapsed_us,30044,start_us,1692893120407803,stop_us,1692893120437847,-,DmrppArray::read_super_chunks_concurrent() -  name: gt1r_freeboard_beam_segment_beam_freeboard_delta_time
1692893120,1557,timing,elapsed_us,32030,start_us,1692893120531878,stop_us,1692893120563908,-,DmrppArray::read_super_chunks_concurrent() -  name: gt3r_freeboard_beam_segment_beam_freeboard_delta_time
1692893120,1557,timing,elapsed_us,33163,start_us,1692893120498014,stop_us,1692893120531177,-,DmrppArray::read_super_chunks_concurrent() -  name: gt3l_freeboard_beam_segment_beam_freeboard_delta_time
1692893120,1557,timing,elapsed_us,38140,start_us,1692893120747843,stop_us,1692893120785983,-,DmrppArray::read_super_chunks_concurrent() -  name: gt2r_freeboard_beam_segment_beam_freeboard_longitude
1692893120,1557,timing,elapsed_us,44377,start_us,1692893120584024,stop_us,1692893120628401,-,DmrppArray::read_contiguous() -  name: orbit_info_rgt
1692893120,1557,timing,elapsed_us,46060,start_us,1692893120885200,stop_us,1692893120931260,-,DmrppArray::read_super_chunks_concurrent() -  name: gt1l_freeboard_beam_segment_beam_freeboard_latitude
1692893120,1557,timing,elapsed_us,48109,start_us,1692893120629318,stop_us,1692893120677427,-,DmrppArray::read_super_chunks_concurrent() -  name: gt1r_freeboard_beam_segment_beam_freeboard_longitude
1692893120,1557,timing,elapsed_us,48449,start_us,1692893120786557,stop_us,1692893120835006,-,DmrppArray::read_super_chunks_concurrent() -  name: gt2r_freeboard_beam_segment_beam_freeboard_latitude
1692893120,1557,timing,elapsed_us,48757,start_us,1692893120835717,stop_us,1692893120884474,-,DmrppArray::read_super_chunks_concurrent() -  name: gt1l_freeboard_beam_segment_beam_freeboard_longitude
1692893120,1557,timing,elapsed_us,68012,start_us,1692893120932017,stop_us,1692893121000029,-,DmrppArray::read_super_chunks_concurrent() -  name: gt3l_freeboard_beam_segment_beam_freeboard_longitude
1692893120,1557,timing,elapsed_us,69154,start_us,1692893120678112,stop_us,1692893120747266,-,DmrppArray::read_super_chunks_concurrent() -  name: gt1r_freeboard_beam_segment_beam_freeboard_latitude
1692893120,1557,timing,elapsed_us,78838,start_us,1692893120327712,stop_us,1692893120406550,-,DmrppArray::read_super_chunks_concurrent() -  name: gt1l_freeboard_beam_segment_beam_freeboard_delta_time
1692893121,1557,timing,elapsed_us,164010,start_us,1692893121000746,stop_us,1692893121164756,-,DmrppArray::read_super_chunks_concurrent() -  name: gt3l_freeboard_beam_segment_beam_freeboard_latitude
1692893121,1557,timing,elapsed_us,192,start_us,1692893121438928,stop_us,1692893121439120,-,BESInterface::execute_request
1692893121,1557,timing,elapsed_us,221,start_us,1692893121438924,stop_us,1692893121439145,-,BESServerHandler::execute
1692893121,1557,timing,elapsed_us,3384864,start_us,1692893118052308,stop_us,1692893121437172,-,BESDapResponseBuilder::serialize_dap4_data() - Timer
1692893121,1557,timing,elapsed_us,3385120,start_us,1692893118052073,stop_us,1692893121437193,http-nio-8080-exec-5:33[bes_client:/-3],get dap for d1 return as dap2; transmitting
1692893121,1557,timing,elapsed_us,40592,start_us,1692893121248976,stop_us,1692893121289568,-,DmrppArray::read_super_chunks_concurrent() -  name: gt2l_freeboard_beam_segment_beam_freeboard_latitude
1692893121,1557,timing,elapsed_us,46028,start_us,1692893121390986,stop_us,1692893121437014,-,DmrppArray::read_super_chunks_concurrent() -  name: gt3r_freeboard_beam_segment_beam_freeboard_latitude
1692893121,1557,timing,elapsed_us,5892464,start_us,1692893115544741,stop_us,1692893121437205,-,BESInterface::execute_request
1692893121,1557,timing,elapsed_us,5894188,start_us,1692893115544716,stop_us,1692893121438904,-,BESServerHandler::execute
1692893121,1557,timing,elapsed_us,7,start_us,1692893121439106,stop_us,1692893121439113,client: /-3:53,show status; transmitting
1692893121,1557,timing,elapsed_us,83034,start_us,1692893121165315,stop_us,1692893121248349,-,DmrppArray::read_super_chunks_concurrent() -  name: gt2l_freeboard_beam_segment_beam_freeboard_longitude
1692893121,1557,timing,elapsed_us,99997,start_us,1692893121290299,stop_us,1692893121390296,-,DmrppArray::read_super_chunks_concurrent() -  name: gt3r_freeboard_beam_segment_beam_freeboard_longitude
1692893157,1557,timing,elapsed_us,10,start_us,1692893157792692,stop_us,1692893157792702,http-nio-8080-exec-2:30[bes_client:/-3],define d1 in default as ngapContainer with ngapContainer.dap4constraint="/orbit_info_rgt;/orbit_info_crossing_time;/gt3r_freeboard_beam_segment_beam_freeboard_latitude[0:2048:];/gt3r_freeboard_beam_segment_beam_freeboard_longitude[0:2048:];/gt3r_freeboard_beam_segment_beam_freeboard_delta_time[0:2048:];/gt3l_freeboard_beam_segment_beam_freeboard_latitude[0:2048:];/gt3l_freeboard_beam_segment_beam_freeboard_longitude[0:2048:];/gt3l_freeboard_beam_segment_beam_freeboard_delta_time[0:2048:];/gt2r_freeboard_beam_segment_beam_freeboard_latitude[0:2048:];/gt2r_freeboard_beam_segment_beam_freeboard_longitude[0:2048:];/gt2r_freeboard_beam_segment_beam_freeboard_delta_time[0:2048:];/gt2l_freeboard_beam_segment_beam_freeboard_latitude[0:2048:];/gt2l_freeboard_beam_segment_beam_freeboard_longitude[0:2048:];/gt2l_freeboard_beam_segment_beam_freeboard_delta_time[0:2048:];/gt1r_freeboard_beam_segment_beam_freeboard_latitude[0:2048:];/gt1r_freeboard_beam_segment_beam_freeboard_longitude[0:2048:];/gt1r_freeboard_beam_segment_beam_freeboard_delta_time[0:2048:];/gt1l_freeboard_beam_segment_beam_freeboard_latitude[0:2048:];/gt1l_freeboard_beam_segment_beam_freeboard_longitude[0:2048:];/gt1l_freeboard_beam_segment_beam_freeboard_delta_time[0:2048:]"; transmitting
1692893157,1557,timing,elapsed_us,255247,start_us,1692893157536860,stop_us,1692893157792107,-,RemoteResource::get_url() - source url: https://cmr.uat.earthdata.nasa.gov/search/granules.umm_json_v1_4?collection_concept_id=C1241426950-NSIDC_CUAT&granule_ur=ATL10-01_20200101002212_00810601_005_02.h5
1692893157,1557,timing,elapsed_us,7,start_us,1692893157792361,stop_us,1692893157792368,http-nio-8080-exec-2:30[bes_client:/-3],set container in ngap values ngapContainer,collections/C1241426950-NSIDC_CUAT/granules/ATL10-01_20200101002212_00810601_005_02.h5; transmitting
1692893160,1557,timing,elapsed_us,132770,start_us,1692893160752025,stop_us,1692893160884795,-,DmrppArray::read_super_chunks_concurrent() -  name: gt3r_freeboard_beam_segment_beam_freeboard_delta_time
1692893160,1557,timing,elapsed_us,181970,start_us,1692893160103594,stop_us,1692893160285564,-,DmrppArray::read_super_chunks_concurrent() -  name: gt1l_freeboard_beam_segment_beam_freeboard_delta_time
1692893160,1557,timing,elapsed_us,2296412,start_us,1692893157793585,stop_us,1692893160089997,-,RemoteResource::get_url() - source url: https://data.nsidc.uat.earthdatacloud.nasa.gov/nsidc-cumulus-uat-protected/ATLAS/ATL10/005/2020/01/01/ATL10-01_20200101002212_00810601_005_02.h5.dmrpp
1692893160,1557,timing,elapsed_us,254566,start_us,1692893160496740,stop_us,1692893160751306,-,DmrppArray::read_super_chunks_concurrent() -  name: gt3l_freeboard_beam_segment_beam_freeboard_delta_time
1692893160,1557,timing,elapsed_us,59607,start_us,1692893160373731,stop_us,1692893160433338,-,DmrppArray::read_super_chunks_concurrent() -  name: gt2l_freeboard_beam_segment_beam_freeboard_delta_time
1692893160,1557,timing,elapsed_us,62036,start_us,1692893160433924,stop_us,1692893160495960,-,DmrppArray::read_super_chunks_concurrent() -  name: gt2r_freeboard_beam_segment_beam_freeboard_delta_time
1692893160,1557,timing,elapsed_us,75273,start_us,1692893160884889,stop_us,1692893160960162,-,DmrppArray::read_contiguous() -  name: orbit_info_crossing_time
1692893160,1557,timing,elapsed_us,86733,start_us,1692893160286287,stop_us,1692893160373020,-,DmrppArray::read_super_chunks_concurrent() -  name: gt1r_freeboard_beam_segment_beam_freeboard_delta_time
1692893161,1557,timing,elapsed_us,141186,start_us,1692893161006728,stop_us,1692893161147914,-,DmrppArray::read_super_chunks_concurrent() -  name: gt1r_freeboard_beam_segment_beam_freeboard_longitude
1692893161,1557,timing,elapsed_us,164,start_us,1692893161793394,stop_us,1692893161793558,-,BESInterface::execute_request
1692893161,1557,timing,elapsed_us,1690098,start_us,1692893160101716,stop_us,1692893161791814,-,BESDapResponseBuilder::serialize_dap4_data() - Timer
1692893161,1557,timing,elapsed_us,1690349,start_us,1692893160101484,stop_us,1692893161791833,http-nio-8080-exec-2:30[bes_client:/-3],get dap for d1 return as dap2; transmitting
1692893161,1557,timing,elapsed_us,195,start_us,1692893161793389,stop_us,1692893161793584,-,BESServerHandler::execute
1692893161,1557,timing,elapsed_us,40023,start_us,1692893161536359,stop_us,1692893161576382,-,DmrppArray::read_super_chunks_concurrent() -  name: gt3l_freeboard_beam_segment_beam_freeboard_latitude
1692893161,1557,timing,elapsed_us,42117,start_us,1692893161280840,stop_us,1692893161322957,-,DmrppArray::read_super_chunks_concurrent() -  name: gt2r_freeboard_beam_segment_beam_freeboard_latitude
1692893161,1557,timing,elapsed_us,4259152,start_us,1692893157532691,stop_us,1692893161791843,-,BESInterface::execute_request
1692893161,1557,timing,elapsed_us,4260686,start_us,1692893157532674,stop_us,1692893161793360,-,BESServerHandler::execute
1692893161,1557,timing,elapsed_us,43168,start_us,1692893161649050,stop_us,1692893161692218,-,DmrppArray::read_super_chunks_concurrent() -  name: gt2l_freeboard_beam_segment_beam_freeboard_latitude
1692893161,1557,timing,elapsed_us,44490,start_us,1692893161235615,stop_us,1692893161280105,-,DmrppArray::read_super_chunks_concurrent() -  name: gt2r_freeboard_beam_segment_beam_freeboard_longitude
1692893161,1557,timing,elapsed_us,44943,start_us,1692893161692968,stop_us,1692893161737911,-,DmrppArray::read_super_chunks_concurrent() -  name: gt3r_freeboard_beam_segment_beam_freeboard_longitude
1692893161,1557,timing,elapsed_us,45475,start_us,1692893160960286,stop_us,1692893161005761,-,DmrppArray::read_contiguous() -  name: orbit_info_rgt
1692893161,1557,timing,elapsed_us,51733,start_us,1692893161391920,stop_us,1692893161443653,-,DmrppArray::read_super_chunks_concurrent() -  name: gt1l_freeboard_beam_segment_beam_freeboard_latitude
1692893161,1557,timing,elapsed_us,53013,start_us,1692893161738641,stop_us,1692893161791654,-,DmrppArray::read_super_chunks_concurrent() -  name: gt3r_freeboard_beam_segment_beam_freeboard_latitude
1692893161,1557,timing,elapsed_us,6,start_us,1692893161793545,stop_us,1692893161793551,client: /-3:55,show status; transmitting
1692893161,1557,timing,elapsed_us,67415,start_us,1692893161323658,stop_us,1692893161391073,-,DmrppArray::read_super_chunks_concurrent() -  name: gt1l_freeboard_beam_segment_beam_freeboard_longitude
1692893161,1557,timing,elapsed_us,71459,start_us,1692893161576976,stop_us,1692893161648435,-,DmrppArray::read_super_chunks_concurrent() -  name: gt2l_freeboard_beam_segment_beam_freeboard_longitude
1692893161,1557,timing,elapsed_us,86379,start_us,1692893161148657,stop_us,1692893161235036,-,DmrppArray::read_super_chunks_concurrent() -  name: gt1r_freeboard_beam_segment_beam_freeboard_latitude
1692893161,1557,timing,elapsed_us,91361,start_us,1692893161444331,stop_us,1692893161535692,-,DmrppArray::read_super_chunks_concurrent() -  name: gt3l_freeboard_beam_segment_beam_freeboard_longitude
1692893218,1557,timing,elapsed_us,448658,start_us,1692893218293175,stop_us,1692893218741833,-,RemoteResource::get_url() - source url: https://cmr.uat.earthdata.nasa.gov/search/granules.umm_json_v1_4?collection_concept_id=C1241426998-NSIDC_CUAT&granule_ur=ATL12_20200101002212_00810601_005_02.h5
1692893218,1557,timing,elapsed_us,6,start_us,1692893218742429,stop_us,1692893218742435,http-nio-8080-exec-3:31[bes_client:/-3],define d1 in default as ngapContainer with ngapContainer.dap4constraint="/orbit_info_rgt;/orbit_info_crossing_time;/gt3r_ssh_segments_latitude[0:8:];/gt3r_ssh_segments_longitude[0:8:];/gt3r_ssh_segments_delta_time[0:8:];/gt3l_ssh_segments_latitude[0:8:];/gt3l_ssh_segments_longitude[0:8:];/gt3l_ssh_segments_delta_time[0:8:];/gt2r_ssh_segments_latitude[0:8:];/gt2r_ssh_segments_longitude[0:8:];/gt2r_ssh_segments_delta_time[0:8:];/gt2l_ssh_segments_latitude[0:8:];/gt2l_ssh_segments_longitude[0:8:];/gt2l_ssh_segments_delta_time[0:8:];/gt1r_ssh_segments_latitude[0:8:];/gt1r_ssh_segments_longitude[0:8:];/gt1r_ssh_segments_delta_time[0:8:];/gt1l_ssh_segments_latitude[0:8:];/gt1l_ssh_segments_longitude[0:8:];/gt1l_ssh_segments_delta_time[0:8:]"; transmitting
1692893218,1557,timing,elapsed_us,7,start_us,1692893218742154,stop_us,1692893218742161,http-nio-8080-exec-3:31[bes_client:/-3],set container in ngap values ngapContainer,collections/C1241426998-NSIDC_CUAT/granules/ATL12_20200101002212_00810601_005_02.h5; transmitting
1692893221,1557,timing,elapsed_us,2304217,start_us,1692893218743247,stop_us,1692893221047464,-,RemoteResource::get_url() - source url: https://data.nsidc.uat.earthdatacloud.nasa.gov/nsidc-cumulus-uat-protected/ATLAS/ATL12/005/2020/01/ATL12_20200101002212_00810601_005_02.h5.dmrpp
1692893223,1557,timing,elapsed_us,129611,start_us,1692893223715188,stop_us,1692893223844799,-,DmrppArray::read_contiguous() -  name: gt3l_ssh_segments_latitude
1692893223,1557,timing,elapsed_us,131333,start_us,1692893223844882,stop_us,1692893223976215,-,DmrppArray::read_contiguous() -  name: gt3l_ssh_segments_longitude
1692893223,1557,timing,elapsed_us,17552,start_us,1692893223678850,stop_us,1692893223696402,-,DmrppArray::read_contiguous() -  name: gt1l_ssh_segments_latitude
1692893223,1557,timing,elapsed_us,18598,start_us,1692893223696488,stop_us,1692893223715086,-,DmrppArray::read_contiguous() -  name: gt1l_ssh_segments_longitude
1692893223,1557,timing,elapsed_us,21407,start_us,1692893223976314,stop_us,1692893223997721,-,DmrppArray::read_contiguous() -  name: gt2l_ssh_segments_latitude
1692893223,1557,timing,elapsed_us,2340273,start_us,1692893221057567,stop_us,1692893223397840,-,CurlUtils::retrieve_effective_url() -  Following Redirects Starting With: https://data.nsidc.uat.earthdatacloud.nasa.gov/nsidc-cumulus-uat-protected/ATLAS/ATL12/005/2020/01/ATL12_20200101002212_00810601_005_02.h5
1692893223,1557,timing,elapsed_us,23708,start_us,1692893223654983,stop_us,1692893223678691,-,DmrppArray::read_super_chunks_concurrent() -  name: gt2r_ssh_segments_longitude
1692893223,1557,timing,elapsed_us,2451434,start_us,1692893221057521,stop_us,1692893223508955,-,DmrppArray::read_contiguous() -  name: orbit_info_rgt
1692893223,1557,timing,elapsed_us,24807,start_us,1692893223588183,stop_us,1692893223612990,-,DmrppArray::read_super_chunks_concurrent() -  name: gt1r_ssh_segments_longitude
1692893223,1557,timing,elapsed_us,41574,start_us,1692893223613186,stop_us,1692893223654760,-,DmrppArray::read_super_chunks_concurrent() -  name: gt2r_ssh_segments_latitude
1692893223,1557,timing,elapsed_us,78453,start_us,1692893223509415,stop_us,1692893223587868,-,DmrppArray::read_super_chunks_concurrent() -  name: gt1r_ssh_segments_latitude
1692893224,1557,timing,elapsed_us,156974,start_us,1692893224038933,stop_us,1692893224195907,-,DmrppArray::read_super_chunks_concurrent() -  name: gt3r_ssh_segments_latitude
1692893224,1557,timing,elapsed_us,165,start_us,1692893224532769,stop_us,1692893224532934,-,BESInterface::execute_request
1692893224,1557,timing,elapsed_us,195,start_us,1692893224532765,stop_us,1692893224532960,-,BESServerHandler::execute
1692893224,1557,timing,elapsed_us,20478,start_us,1692893224287548,stop_us,1692893224308026,-,DmrppArray::read_contiguous() -  name: gt1l_ssh_segments_delta_time
1692893224,1557,timing,elapsed_us,20668,start_us,1692893224510522,stop_us,1692893224531190,-,DmrppArray::read_contiguous() -  name: orbit_info_crossing_time
1692893224,1557,timing,elapsed_us,22689,start_us,1692893224333748,stop_us,1692893224356437,-,DmrppArray::read_contiguous() -  name: gt2l_ssh_segments_delta_time
1692893224,1557,timing,elapsed_us,25121,start_us,1692893224308463,stop_us,1692893224333584,-,DmrppArray::read_super_chunks_concurrent() -  name: gt1r_ssh_segments_delta_time
1692893224,1557,timing,elapsed_us,3475482,start_us,1692893221055983,stop_us,1692893224531465,-,BESDapResponseBuilder::serialize_dap4_data() - Timer
1692893224,1557,timing,elapsed_us,3475851,start_us,1692893221055645,stop_us,1692893224531496,http-nio-8080-exec-3:31[bes_client:/-3],get dap for d1 return as dap2; transmitting
1692893224,1557,timing,elapsed_us,38098,start_us,1692893224404590,stop_us,1692893224442688,-,DmrppArray::read_contiguous() -  name: gt3l_ssh_segments_delta_time
1692893224,1557,timing,elapsed_us,40923,start_us,1692893223997804,stop_us,1692893224038727,-,DmrppArray::read_contiguous() -  name: gt2l_ssh_segments_longitude
1692893224,1557,timing,elapsed_us,47759,start_us,1692893224356689,stop_us,1692893224404448,-,DmrppArray::read_super_chunks_concurrent() -  name: gt2r_ssh_segments_delta_time
1692893224,1557,timing,elapsed_us,6242742,start_us,1692893218288775,stop_us,1692893224531517,-,BESInterface::execute_request
1692893224,1557,timing,elapsed_us,6243999,start_us,1692893218288738,stop_us,1692893224532737,-,BESServerHandler::execute
1692893224,1557,timing,elapsed_us,67480,start_us,1692893224442883,stop_us,1692893224510363,-,DmrppArray::read_super_chunks_concurrent() -  name: gt3r_ssh_segments_delta_time
1692893224,1557,timing,elapsed_us,7,start_us,1692893224532919,stop_us,1692893224532926,client: /-3:57,show status; transmitting
1692893224,1557,timing,elapsed_us,91183,start_us,1692893224196216,stop_us,1692893224287399,-,DmrppArray::read_super_chunks_concurrent() -  name: gt3r_ssh_segments_longitude
1692893258,1557,timing,elapsed_us,557914,start_us,1692893257858294,stop_us,1692893258416208,-,RemoteResource::get_url() - source url: https://cmr.uat.earthdata.nasa.gov/search/granules.umm_json_v1_4?collection_concept_id=C1241426998-NSIDC_CUAT&granule_ur=ATL12_20200101002212_00810601_005_02.h5
1692893258,1557,timing,elapsed_us,6,start_us,1692893258416944,stop_us,1692893258416950,http-nio-8080-exec-5:33[bes_client:/-3],define d1 in default as ngapContainer with ngapContainer.dap4constraint="/orbit_info_rgt;/orbit_info_crossing_time;/gt3r_ssh_segments_latitude[0:8:];/gt3r_ssh_segments_longitude[0:8:];/gt3r_ssh_segments_delta_time[0:8:];/gt3l_ssh_segments_latitude[0:8:];/gt3l_ssh_segments_longitude[0:8:];/gt3l_ssh_segments_delta_time[0:8:];/gt2r_ssh_segments_latitude[0:8:];/gt2r_ssh_segments_longitude[0:8:];/gt2r_ssh_segments_delta_time[0:8:];/gt2l_ssh_segments_latitude[0:8:];/gt2l_ssh_segments_longitude[0:8:];/gt2l_ssh_segments_delta_time[0:8:];/gt1r_ssh_segments_latitude[0:8:];/gt1r_ssh_segments_longitude[0:8:];/gt1r_ssh_segments_delta_time[0:8:];/gt1l_ssh_segments_latitude[0:8:];/gt1l_ssh_segments_longitude[0:8:];/gt1l_ssh_segments_delta_time[0:8:]"; transmitting
1692893258,1557,timing,elapsed_us,9,start_us,1692893258416761,stop_us,1692893258416770,http-nio-8080-exec-5:33[bes_client:/-3],set container in ngap values ngapContainer,collections/C1241426998-NSIDC_CUAT/granules/ATL12_20200101002212_00810601_005_02.h5; transmitting
1692893260,1557,timing,elapsed_us,111488,start_us,1692893260737641,stop_us,1692893260849129,-,DmrppArray::read_contiguous() -  name: orbit_info_rgt
1692893260,1557,timing,elapsed_us,22911,start_us,1692893260926818,stop_us,1692893260949729,-,DmrppArray::read_super_chunks_concurrent() -  name: gt1r_ssh_segments_longitude
1692893260,1557,timing,elapsed_us,2310256,start_us,1692893258417768,stop_us,1692893260728024,-,RemoteResource::get_url() - source url: https://data.nsidc.uat.earthdatacloud.nasa.gov/nsidc-cumulus-uat-protected/ATLAS/ATL12/005/2020/01/ATL12_20200101002212_00810601_005_02.h5.dmrpp
1692893260,1557,timing,elapsed_us,77112,start_us,1692893260849365,stop_us,1692893260926477,-,DmrppArray::read_super_chunks_concurrent() -  name: gt1r_ssh_segments_latitude
1692893261,1557,timing,elapsed_us,105512,start_us,1692893261236067,stop_us,1692893261341579,-,DmrppArray::read_contiguous() -  name: gt3l_ssh_segments_longitude
1692893261,1557,timing,elapsed_us,1144972,start_us,1692893260736125,stop_us,1692893261881097,-,BESDapResponseBuilder::serialize_dap4_data() - Timer
1692893261,1557,timing,elapsed_us,1145321,start_us,1692893260735789,stop_us,1692893261881110,http-nio-8080-exec-5:33[bes_client:/-3],get dap for d1 return as dap2; transmitting
1692893261,1557,timing,elapsed_us,133286,start_us,1692893261379079,stop_us,1692893261512365,-,DmrppArray::read_super_chunks_concurrent() -  name: gt3r_ssh_segments_latitude
1692893261,1557,timing,elapsed_us,150609,start_us,1692893261085374,stop_us,1692893261235983,-,DmrppArray::read_contiguous() -  name: gt3l_ssh_segments_latitude
1692893261,1557,timing,elapsed_us,17879,start_us,1692893261360887,stop_us,1692893261378766,-,DmrppArray::read_contiguous() -  name: gt2l_ssh_segments_longitude
1692893261,1557,timing,elapsed_us,181,start_us,1692893261882308,stop_us,1692893261882489,-,BESInterface::execute_request
1692893261,1557,timing,elapsed_us,18113,start_us,1692893261047949,stop_us,1692893261066062,-,DmrppArray::read_contiguous() -  name: gt1l_ssh_segments_latitude
1692893261,1557,timing,elapsed_us,18710,start_us,1692893261752222,stop_us,1692893261770932,-,DmrppArray::read_contiguous() -  name: gt3l_ssh_segments_delta_time
1692893261,1557,timing,elapsed_us,19042,start_us,1692893261341667,stop_us,1692893261360709,-,DmrppArray::read_contiguous() -  name: gt2l_ssh_segments_latitude
1692893261,1557,timing,elapsed_us,19159,start_us,1692893261066136,stop_us,1692893261085295,-,DmrppArray::read_contiguous() -  name: gt1l_ssh_segments_longitude
1692893261,1557,timing,elapsed_us,209,start_us,1692893261882304,stop_us,1692893261882513,-,BESServerHandler::execute
1692893261,1557,timing,elapsed_us,26967,start_us,1692893261568139,stop_us,1692893261595106,-,DmrppArray::read_contiguous() -  name: gt1l_ssh_segments_delta_time
1692893261,1557,timing,elapsed_us,33139,start_us,1692893261014654,stop_us,1692893261047793,-,DmrppArray::read_super_chunks_concurrent() -  name: gt2r_ssh_segments_longitude
1692893261,1557,timing,elapsed_us,33959,start_us,1692893261634011,stop_us,1692893261667970,-,DmrppArray::read_contiguous() -  name: gt2l_ssh_segments_delta_time
1692893261,1557,timing,elapsed_us,38398,start_us,1692893261595298,stop_us,1692893261633696,-,DmrppArray::read_super_chunks_concurrent() -  name: gt1r_ssh_segments_delta_time
1692893261,1557,timing,elapsed_us,4028359,start_us,1692893257852760,stop_us,1692893261881119,-,BESInterface::execute_request
1692893261,1557,timing,elapsed_us,4029563,start_us,1692893257852724,stop_us,1692893261882287,-,BESServerHandler::execute
1692893261,1557,timing,elapsed_us,41957,start_us,1692893261838921,stop_us,1692893261880878,-,DmrppArray::read_contiguous() -  name: orbit_info_crossing_time
1692893261,1557,timing,elapsed_us,55248,start_us,1692893261512701,stop_us,1692893261567949,-,DmrppArray::read_super_chunks_concurrent() -  name: gt3r_ssh_segments_longitude
1692893261,1557,timing,elapsed_us,6,start_us,1692893261882476,stop_us,1692893261882482,client: /-3:59,show status; transmitting
1692893261,1557,timing,elapsed_us,64448,start_us,1692893260949981,stop_us,1692893261014429,-,DmrppArray::read_super_chunks_concurrent() -  name: gt2r_ssh_segments_latitude
1692893261,1557,timing,elapsed_us,67581,start_us,1692893261771167,stop_us,1692893261838748,-,DmrppArray::read_super_chunks_concurrent() -  name: gt3r_ssh_segments_delta_time
1692893261,1557,timing,elapsed_us,83942,start_us,1692893261668120,stop_us,1692893261752062,-,DmrppArray::read_super_chunks_concurrent() -  name: gt2r_ssh_segments_delta_time
1692893308,1557,timing,elapsed_us,312997,start_us,1692893308422006,stop_us,1692893308735003,-,RemoteResource::get_url() - source url: https://cmr.uat.earthdata.nasa.gov/search/granules.umm_json_v1_4?collection_concept_id=C1241426998-NSIDC_CUAT&granule_ur=ATL12_20200101002212_00810601_005_02.h5
1692893308,1557,timing,elapsed_us,6,start_us,1692893308735751,stop_us,1692893308735757,http-nio-8080-exec-5:33[bes_client:/-3],define d1 in default as ngapContainer with ngapContainer.dap4constraint="/orbit_info_rgt;/orbit_info_crossing_time;/gt3r_ssh_segments_latitude[0:8:];/gt3r_ssh_segments_longitude[0:8:];/gt3r_ssh_segments_delta_time[0:8:];/gt3l_ssh_segments_latitude[0:8:];/gt3l_ssh_segments_longitude[0:8:];/gt3l_ssh_segments_delta_time[0:8:];/gt2r_ssh_segments_latitude[0:8:];/gt2r_ssh_segments_longitude[0:8:];/gt2r_ssh_segments_delta_time[0:8:];/gt2l_ssh_segments_latitude[0:8:];/gt2l_ssh_segments_longitude[0:8:];/gt2l_ssh_segments_delta_time[0:8:];/gt1r_ssh_segments_latitude[0:8:];/gt1r_ssh_segments_longitude[0:8:];/gt1r_ssh_segments_delta_time[0:8:];/gt1l_ssh_segments_latitude[0:8:];/gt1l_ssh_segments_longitude[0:8:];/gt1l_ssh_segments_delta_time[0:8:]"; transmitting
1692893308,1557,timing,elapsed_us,8,start_us,1692893308735579,stop_us,1692893308735587,http-nio-8080-exec-5:33[bes_client:/-3],set container in ngap values ngapContainer,collections/C1241426998-NSIDC_CUAT/granules/ATL12_20200101002212_00810601_005_02.h5; transmitting
1692893311,1557,timing,elapsed_us,111708,start_us,1692893311297730,stop_us,1692893311409438,-,DmrppArray::read_super_chunks_concurrent() -  name: gt1r_ssh_segments_longitude
1692893311,1557,timing,elapsed_us,143652,start_us,1692893311409698,stop_us,1692893311553350,-,DmrppArray::read_super_chunks_concurrent() -  name: gt2r_ssh_segments_latitude
1692893311,1557,timing,elapsed_us,146142,start_us,1692893311553618,stop_us,1692893311699760,-,DmrppArray::read_super_chunks_concurrent() -  name: gt2r_ssh_segments_longitude
1692893311,1557,timing,elapsed_us,167607,start_us,1692893311129808,stop_us,1692893311297415,-,DmrppArray::read_super_chunks_concurrent() -  name: gt1r_ssh_segments_latitude
1692893311,1557,timing,elapsed_us,2300015,start_us,1692893308736567,stop_us,1692893311036582,-,RemoteResource::get_url() - source url: https://data.nsidc.uat.earthdatacloud.nasa.gov/nsidc-cumulus-uat-protected/ATLAS/ATL12/005/2020/01/ATL12_20200101002212_00810601_005_02.h5.dmrpp
1692893311,1557,timing,elapsed_us,29237,start_us,1692893311826580,stop_us,1692893311855817,-,DmrppArray::read_contiguous() -  name: gt3l_ssh_segments_latitude
1692893311,1557,timing,elapsed_us,45306,start_us,1692893311908575,stop_us,1692893311953881,-,DmrppArray::read_contiguous() -  name: gt2l_ssh_segments_latitude
1692893311,1557,timing,elapsed_us,47370,start_us,1692893311779007,stop_us,1692893311826377,-,DmrppArray::read_contiguous() -  name: gt1l_ssh_segments_longitude
1692893311,1557,timing,elapsed_us,52585,start_us,1692893311855906,stop_us,1692893311908491,-,DmrppArray::read_contiguous() -  name: gt3l_ssh_segments_longitude
1692893311,1557,timing,elapsed_us,79002,start_us,1692893311699925,stop_us,1692893311778927,-,DmrppArray::read_contiguous() -  name: gt1l_ssh_segments_latitude
1692893311,1557,timing,elapsed_us,83067,start_us,1692893311046547,stop_us,1692893311129614,-,DmrppArray::read_contiguous() -  name: orbit_info_rgt
1692893312,1557,timing,elapsed_us,1355884,start_us,1692893311045028,stop_us,1692893312400912,-,BESDapResponseBuilder::serialize_dap4_data() - Timer
1692893312,1557,timing,elapsed_us,1356242,start_us,1692893311044690,stop_us,1692893312400932,http-nio-8080-exec-5:33[bes_client:/-3],get dap for d1 return as dap2; transmitting
1692893312,1557,timing,elapsed_us,178,start_us,1692893312402311,stop_us,1692893312402489,-,BESInterface::execute_request
1692893312,1557,timing,elapsed_us,20576,start_us,1692893312380128,stop_us,1692893312400704,-,DmrppArray::read_contiguous() -  name: orbit_info_crossing_time
1692893312,1557,timing,elapsed_us,206,start_us,1692893312402307,stop_us,1692893312402513,-,BESServerHandler::execute
1692893312,1557,timing,elapsed_us,24778,start_us,1692893312326123,stop_us,1692893312350901,-,DmrppArray::read_contiguous() -  name: gt3l_ssh_segments_delta_time
1692893312,1557,timing,elapsed_us,26549,start_us,1692893312146327,stop_us,1692893312172876,-,DmrppArray::read_contiguous() -  name: gt1l_ssh_segments_delta_time
1692893312,1557,timing,elapsed_us,28877,start_us,1692893312351105,stop_us,1692893312379982,-,DmrppArray::read_super_chunks_concurrent() -  name: gt3r_ssh_segments_delta_time
1692893312,1557,timing,elapsed_us,35446,start_us,1692893312173062,stop_us,1692893312208508,-,DmrppArray::read_super_chunks_concurrent() -  name: gt1r_ssh_segments_delta_time
1692893312,1557,timing,elapsed_us,38834,start_us,1692893312287134,stop_us,1692893312325968,-,DmrppArray::read_super_chunks_concurrent() -  name: gt2r_ssh_segments_delta_time
1692893312,1557,timing,elapsed_us,3984200,start_us,1692893308416747,stop_us,1692893312400947,-,BESInterface::execute_request
1692893312,1557,timing,elapsed_us,3985569,start_us,1692893308416720,stop_us,1692893312402289,-,BESServerHandler::execute
1692893312,1557,timing,elapsed_us,53986,start_us,1692893312029895,stop_us,1692893312083881,-,DmrppArray::read_super_chunks_concurrent() -  name: gt3r_ssh_segments_latitude
1692893312,1557,timing,elapsed_us,6,start_us,1692893312402476,stop_us,1692893312402482,client: /-3:61,show status; transmitting
1692893312,1557,timing,elapsed_us,62035,start_us,1692893312084152,stop_us,1692893312146187,-,DmrppArray::read_super_chunks_concurrent() -  name: gt3r_ssh_segments_longitude
1692893312,1557,timing,elapsed_us,75543,start_us,1692893311953964,stop_us,1692893312029507,-,DmrppArray::read_contiguous() -  name: gt2l_ssh_segments_longitude
1692893312,1557,timing,elapsed_us,78319,start_us,1692893312208654,stop_us,1692893312286973,-,DmrppArray::read_contiguous() -  name: gt2l_ssh_segments_delta_time
1692893353,1557,timing,elapsed_us,194643,start_us,1692893353717075,stop_us,1692893353911718,-,RemoteResource::get_url() - source url: https://cmr.uat.earthdata.nasa.gov/search/granules.umm_json_v1_4?collection_concept_id=C1241427013-NSIDC_CUAT&granule_ur=ATL13_20200101002212_00810601_005_01.h5
1692893353,1557,timing,elapsed_us,6,start_us,1692893353912295,stop_us,1692893353912301,http-nio-8080-exec-4:32[bes_client:/-3],define d1 in default as ngapContainer with ngapContainer.dap4constraint="/orbit_info_rgt;/orbit_info_crossing_time;/gt3r_segment_lat[0:256:];/gt3r_segment_lon[0:256:];/gt3r_delta_time[0:256:];/gt3l_segment_lat[0:256:];/gt3l_segment_lon[0:256:];/gt3l_delta_time[0:256:];/gt2r_segment_lat[0:256:];/gt2r_segment_lon[0:256:];/gt2r_delta_time[0:256:];/gt2l_segment_lat[0:256:];/gt2l_segment_lon[0:256:];/gt2l_delta_time[0:256:];/gt1r_segment_lat[0:256:];/gt1r_segment_lon[0:256:];/gt1r_delta_time[0:256:];/gt1l_segment_lat[0:256:];/gt1l_segment_lon[0:256:];/gt1l_delta_time[0:256:]"; transmitting
1692893353,1557,timing,elapsed_us,7,start_us,1692893353912120,stop_us,1692893353912127,http-nio-8080-exec-4:32[bes_client:/-3],set container in ngap values ngapContainer,collections/C1241427013-NSIDC_CUAT/granules/ATL13_20200101002212_00810601_005_01.h5; transmitting
1692893356,1557,timing,elapsed_us,2238610,start_us,1692893353913156,stop_us,1692893356151766,-,RemoteResource::get_url() - source url: https://data.nsidc.uat.earthdatacloud.nasa.gov/nsidc-cumulus-uat-protected/ATLAS/ATL13/005/2020/01/ATL13_20200101002212_00810601_005_01.h5.dmrpp
1692893358,1557,timing,elapsed_us,137176,start_us,1692893358544489,stop_us,1692893358681665,-,DmrppArray::read_super_chunks_concurrent() -  name: gt1r_segment_lon
1692893358,1557,timing,elapsed_us,2300139,start_us,1692893356163938,stop_us,1692893358464077,-,CurlUtils::retrieve_effective_url() -  Following Redirects Starting With: https://data.nsidc.uat.earthdatacloud.nasa.gov/nsidc-cumulus-uat-protected/ATLAS/ATL13/005/2020/01/ATL13_20200101002212_00810601_005_01.h5
1692893358,1557,timing,elapsed_us,2379485,start_us,1692893356163894,stop_us,1692893358543379,-,DmrppArray::read_contiguous() -  name: orbit_info_rgt
1692893358,1557,timing,elapsed_us,80445,start_us,1692893358682330,stop_us,1692893358762775,-,DmrppArray::read_super_chunks_concurrent() -  name: gt1r_segment_lat
1692893358,1557,timing,elapsed_us,82440,start_us,1692893358763450,stop_us,1692893358845890,-,DmrppArray::read_super_chunks_concurrent() -  name: gt2r_segment_lon
1692893359,1557,timing,elapsed_us,137901,start_us,1692893359068963,stop_us,1692893359206864,-,DmrppArray::read_super_chunks_concurrent() -  name: gt1l_segment_lon
1692893359,1557,timing,elapsed_us,16900,start_us,1692893359717904,stop_us,1692893359734804,-,DmrppArray::read_contiguous() -  name: orbit_info_crossing_time
1692893359,1557,timing,elapsed_us,192,start_us,1692893359736990,stop_us,1692893359737182,-,BESInterface::execute_request
1692893359,1557,timing,elapsed_us,21832,start_us,1692893359645997,stop_us,1692893359667829,-,DmrppArray::read_super_chunks_concurrent() -  name: gt3l_delta_time
1692893359,1557,timing,elapsed_us,22170,start_us,1692893359368933,stop_us,1692893359391103,-,DmrppArray::read_super_chunks_concurrent() -  name: gt2l_segment_lat
1692893359,1557,timing,elapsed_us,222,start_us,1692893359736986,stop_us,1692893359737208,-,BESServerHandler::execute
1692893359,1557,timing,elapsed_us,222137,start_us,1692893358846512,stop_us,1692893359068649,-,DmrppArray::read_super_chunks_concurrent() -  name: gt2r_segment_lat
1692893359,1557,timing,elapsed_us,22554,start_us,1692893359346153,stop_us,1692893359368707,-,DmrppArray::read_super_chunks_concurrent() -  name: gt2l_segment_lon
1692893359,1557,timing,elapsed_us,22649,start_us,1692893359495031,stop_us,1692893359517680,-,DmrppArray::read_super_chunks_concurrent() -  name: gt1l_delta_time
1692893359,1557,timing,elapsed_us,24702,start_us,1692893359621033,stop_us,1692893359645735,-,DmrppArray::read_super_chunks_concurrent() -  name: gt2r_delta_time
1692893359,1557,timing,elapsed_us,25989,start_us,1692893359594534,stop_us,1692893359620523,-,DmrppArray::read_super_chunks_concurrent() -  name: gt2l_delta_time
1692893359,1557,timing,elapsed_us,27612,start_us,1692893359391742,stop_us,1692893359419354,-,DmrppArray::read_super_chunks_concurrent() -  name: gt3r_segment_lon
1692893359,1557,timing,elapsed_us,34982,start_us,1692893359310939,stop_us,1692893359345921,-,DmrppArray::read_super_chunks_concurrent() -  name: gt3l_segment_lat
1692893359,1557,timing,elapsed_us,3572632,start_us,1692893356162451,stop_us,1692893359735083,-,BESDapResponseBuilder::serialize_dap4_data() - Timer
1692893359,1557,timing,elapsed_us,3573000,start_us,1692893356162112,stop_us,1692893359735112,http-nio-8080-exec-4:32[bes_client:/-3],get dap for d1 return as dap2; transmitting
1692893359,1557,timing,elapsed_us,45946,start_us,1692893359264683,stop_us,1692893359310629,-,DmrppArray::read_super_chunks_concurrent() -  name: gt3l_segment_lon
1692893359,1557,timing,elapsed_us,49280,start_us,1692893359668496,stop_us,1692893359717776,-,DmrppArray::read_super_chunks_concurrent() -  name: gt3r_delta_time
1692893359,1557,timing,elapsed_us,57130,start_us,1692893359207156,stop_us,1692893359264286,-,DmrppArray::read_super_chunks_concurrent() -  name: gt1l_segment_lat
1692893359,1557,timing,elapsed_us,6,start_us,1692893359737163,stop_us,1692893359737169,client: /-3:63,show status; transmitting
1692893359,1557,timing,elapsed_us,6022370,start_us,1692893353712765,stop_us,1692893359735135,-,BESInterface::execute_request
1692893359,1557,timing,elapsed_us,6024239,start_us,1692893353712725,stop_us,1692893359736964,-,BESServerHandler::execute
1692893359,1557,timing,elapsed_us,74632,start_us,1692893359420072,stop_us,1692893359494704,-,DmrppArray::read_super_chunks_concurrent() -  name: gt3r_segment_lat
1692893359,1557,timing,elapsed_us,75925,start_us,1692893359518339,stop_us,1692893359594264,-,DmrppArray::read_super_chunks_concurrent() -  name: gt1r_delta_time
1692893386,1557,timing,elapsed_us,211480,start_us,1692893385830022,stop_us,1692893386041502,-,RemoteResource::get_url() - source url: https://cmr.uat.earthdata.nasa.gov/search/granules.umm_json_v1_4?collection_concept_id=C1241427013-NSIDC_CUAT&granule_ur=ATL13_20200101002212_00810601_005_01.h5
1692893386,1557,timing,elapsed_us,6,start_us,1692893386042203,stop_us,1692893386042209,http-nio-8080-exec-7:35[bes_client:/-3],define d1 in default as ngapContainer with ngapContainer.dap4constraint="/orbit_info_rgt;/orbit_info_crossing_time;/gt3r_segment_lat[0:256:];/gt3r_segment_lon[0:256:];/gt3r_delta_time[0:256:];/gt3l_segment_lat[0:256:];/gt3l_segment_lon[0:256:];/gt3l_delta_time[0:256:];/gt2r_segment_lat[0:256:];/gt2r_segment_lon[0:256:];/gt2r_delta_time[0:256:];/gt2l_segment_lat[0:256:];/gt2l_segment_lon[0:256:];/gt2l_delta_time[0:256:];/gt1r_segment_lat[0:256:];/gt1r_segment_lon[0:256:];/gt1r_delta_time[0:256:];/gt1l_segment_lat[0:256:];/gt1l_segment_lon[0:256:];/gt1l_delta_time[0:256:]"; transmitting
1692893386,1557,timing,elapsed_us,8,start_us,1692893386041971,stop_us,1692893386041979,http-nio-8080-exec-7:35[bes_client:/-3],set container in ngap values ngapContainer,collections/C1241427013-NSIDC_CUAT/granules/ATL13_20200101002212_00810601_005_01.h5; transmitting
1692893388,1557,timing,elapsed_us,109936,start_us,1692893388387796,stop_us,1692893388497732,-,DmrppArray::read_contiguous() -  name: orbit_info_rgt
1692893388,1557,timing,elapsed_us,114813,start_us,1692893388590016,stop_us,1692893388704829,-,DmrppArray::read_super_chunks_concurrent() -  name: gt1r_segment_lat
1692893388,1557,timing,elapsed_us,189434,start_us,1692893388799019,stop_us,1692893388988453,-,DmrppArray::read_super_chunks_concurrent() -  name: gt2r_segment_lat
1692893388,1557,timing,elapsed_us,2332400,start_us,1692893386043025,stop_us,1692893388375425,-,RemoteResource::get_url() - source url: https://data.nsidc.uat.earthdatacloud.nasa.gov/nsidc-cumulus-uat-protected/ATLAS/ATL13/005/2020/01/ATL13_20200101002212_00810601_005_01.h5.dmrpp
1692893388,1557,timing,elapsed_us,90568,start_us,1692893388498816,stop_us,1692893388589384,-,DmrppArray::read_super_chunks_concurrent() -  name: gt1r_segment_lon
1692893388,1557,timing,elapsed_us,92992,start_us,1692893388705463,stop_us,1692893388798455,-,DmrppArray::read_super_chunks_concurrent() -  name: gt2r_segment_lon
1692893389,1557,timing,elapsed_us,159686,start_us,1692893389206125,stop_us,1692893389365811,-,DmrppArray::read_super_chunks_concurrent() -  name: gt1l_segment_lat
1692893389,1557,timing,elapsed_us,191819,start_us,1692893389366112,stop_us,1692893389557931,-,DmrppArray::read_super_chunks_concurrent() -  name: gt3l_segment_lon
1692893389,1557,timing,elapsed_us,21485,start_us,1692893389911748,stop_us,1692893389933233,-,DmrppArray::read_super_chunks_concurrent() -  name: gt2l_delta_time
1692893389,1557,timing,elapsed_us,216978,start_us,1692893388988866,stop_us,1692893389205844,-,DmrppArray::read_super_chunks_concurrent() -  name: gt1l_segment_lon
1692893389,1557,timing,elapsed_us,24118,start_us,1692893389933779,stop_us,1692893389957897,-,DmrppArray::read_super_chunks_concurrent() -  name: gt2r_delta_time
1692893389,1557,timing,elapsed_us,25377,start_us,1692893389696714,stop_us,1692893389722091,-,DmrppArray::read_super_chunks_concurrent() -  name: gt2l_segment_lat
1692893389,1557,timing,elapsed_us,29623,start_us,1692893389881879,stop_us,1692893389911502,-,DmrppArray::read_super_chunks_concurrent() -  name: gt1r_delta_time
1692893389,1557,timing,elapsed_us,31100,start_us,1692893389722742,stop_us,1692893389753842,-,DmrppArray::read_super_chunks_concurrent() -  name: gt3r_segment_lon
1692893389,1557,timing,elapsed_us,44911,start_us,1692893389836323,stop_us,1692893389881234,-,DmrppArray::read_super_chunks_concurrent() -  name: gt1l_delta_time
1692893389,1557,timing,elapsed_us,53533,start_us,1692893389642947,stop_us,1692893389696480,-,DmrppArray::read_super_chunks_concurrent() -  name: gt2l_segment_lon
1692893389,1557,timing,elapsed_us,81432,start_us,1692893389754555,stop_us,1692893389835987,-,DmrppArray::read_super_chunks_concurrent() -  name: gt3r_segment_lat
1692893389,1557,timing,elapsed_us,84467,start_us,1692893389558226,stop_us,1692893389642693,-,DmrppArray::read_super_chunks_concurrent() -  name: gt3l_segment_lat
1692893390,1557,timing,elapsed_us,1690514,start_us,1692893388386333,stop_us,1692893390076847,-,BESDapResponseBuilder::serialize_dap4_data() - Timer
1692893390,1557,timing,elapsed_us,1690869,start_us,1692893388385991,stop_us,1692893390076860,http-nio-8080-exec-7:35[bes_client:/-3],get dap for d1 return as dap2; transmitting
1692893390,1557,timing,elapsed_us,181,start_us,1692893390078339,stop_us,1692893390078520,-,BESInterface::execute_request
1692893390,1557,timing,elapsed_us,210,start_us,1692893390078335,stop_us,1692893390078545,-,BESServerHandler::execute
1692893390,1557,timing,elapsed_us,21478,start_us,1692893390055170,stop_us,1692893390076648,-,DmrppArray::read_contiguous() -  name: orbit_info_crossing_time
1692893390,1557,timing,elapsed_us,4252102,start_us,1692893385824769,stop_us,1692893390076871,-,BESInterface::execute_request
1692893390,1557,timing,elapsed_us,4253572,start_us,1692893385824744,stop_us,1692893390078316,-,BESServerHandler::execute
1692893390,1557,timing,elapsed_us,44155,start_us,1692893390010893,stop_us,1692893390055048,-,DmrppArray::read_super_chunks_concurrent() -  name: gt3r_delta_time
1692893390,1557,timing,elapsed_us,52146,start_us,1692893389958153,stop_us,1692893390010299,-,DmrppArray::read_super_chunks_concurrent() -  name: gt3l_delta_time
1692893390,1557,timing,elapsed_us,6,start_us,1692893390078506,stop_us,1692893390078512,client: /-3:65,show status; transmitting
1692893425,1557,timing,elapsed_us,330367,start_us,1692893425374172,stop_us,1692893425704539,-,RemoteResource::get_url() - source url: https://cmr.uat.earthdata.nasa.gov/search/granules.umm_json_v1_4?collection_concept_id=C1241426907-NSIDC_CUAT&granule_ur=ATL08_20200101145654_00900605_005_01.h5
1692893425,1557,timing,elapsed_us,7,start_us,1692893425705075,stop_us,1692893425705082,http-nio-8080-exec-7:35[bes_client:/-3],set container in ngap values ngapContainer,collections/C1241426907-NSIDC_CUAT/granules/ATL08_20200101145654_00900605_005_01.h5; transmitting
1692893425,1557,timing,elapsed_us,9,start_us,1692893425705311,stop_us,1692893425705320,http-nio-8080-exec-7:35[bes_client:/-3],define d1 in default as ngapContainer with ngapContainer.dap4constraint="/orbit_info_rgt;/orbit_info_crossing_time;/gt3r_land_segments_latitude[0:8:];/gt3r_land_segments_longitude[0:8:];/gt3r_land_segments_terrain_h_te_best_fit[0:8:];/gt3r_land_segments_canopy_h_canopy[0:8:];/gt3r_land_segments_delta_time[0:8:];/gt3l_land_segments_latitude[0:8:];/gt3l_land_segments_longitude[0:8:];/gt3l_land_segments_terrain_h_te_best_fit[0:8:];/gt3l_land_segments_canopy_h_canopy[0:8:];/gt3l_land_segments_delta_time[0:8:];/gt2r_land_segments_latitude[0:8:];/gt2r_land_segments_longitude[0:8:];/gt2r_land_segments_terrain_h_te_best_fit[0:8:];/gt2r_land_segments_canopy_h_canopy[0:8:];/gt2r_land_segments_delta_time[0:8:];/gt2l_land_segments_latitude[0:8:];/gt2l_land_segments_longitude[0:8:];/gt2l_land_segments_terrain_h_te_best_fit[0:8:];/gt2l_land_segments_canopy_h_canopy[0:8:];/gt2l_land_segments_delta_time[0:8:];/gt1r_land_segments_latitude[0:8:];/gt1r_land_segments_longitude[0:8:];/gt1r_land_segments_terrain_h_te_best_fit[0:8:];/gt1r_land_segments_canopy_h_canopy[0:8:];/gt1r_land_segments_delta_time[0:8:];/gt1l_land_segments_latitude[0:8:];/gt1l_land_segments_longitude[0:8:];/gt1l_land_segments_terrain_h_te_best_fit[0:8:];/gt1l_land_segments_canopy_h_canopy[0:8:];/gt1l_land_segments_delta_time[0:8:]"; transmitting
1692893428,1557,timing,elapsed_us,109438,start_us,1692893428234828,stop_us,1692893428344266,-,DmrppArray::read_contiguous() -  name: gt1r_land_segments_delta_time
1692893428,1557,timing,elapsed_us,120932,start_us,1692893428554210,stop_us,1692893428675142,-,DmrppArray::read_contiguous() -  name: gt2r_land_segments_delta_time
1692893428,1557,timing,elapsed_us,13918,start_us,1692893428969279,stop_us,1692893428983197,-,DmrppArray::read_contiguous() -  name: gt1r_land_segments_latitude
1692893428,1557,timing,elapsed_us,157068,start_us,1692893428077644,stop_us,1692893428234712,-,DmrppArray::read_contiguous() -  name: gt1l_land_segments_delta_time
1692893428,1557,timing,elapsed_us,19470,start_us,1692893428869636,stop_us,1692893428889106,-,DmrppArray::read_contiguous() -  name: gt1r_land_segments_canopy_h_canopy
1692893428,1557,timing,elapsed_us,19888,start_us,1692893428849580,stop_us,1692893428869468,-,DmrppArray::read_contiguous() -  name: orbit_info_rgt
1692893428,1557,timing,elapsed_us,209746,start_us,1692893428344363,stop_us,1692893428554109,-,DmrppArray::read_contiguous() -  name: gt2l_land_segments_delta_time
1692893428,1557,timing,elapsed_us,2351234,start_us,1692893425706183,stop_us,1692893428057417,-,RemoteResource::get_url() - source url: https://data.nsidc.uat.earthdatacloud.nasa.gov/nsidc-cumulus-uat-protected/ATLAS/ATL08/005/2020/01/01/ATL08_20200101145654_00900605_005_01.h5.dmrpp
1692893428,1557,timing,elapsed_us,29474,start_us,1692893428939717,stop_us,1692893428969191,-,DmrppArray::read_contiguous() -  name: gt1r_land_segments_longitude
1692893428,1557,timing,elapsed_us,44141,start_us,1692893428805271,stop_us,1692893428849412,-,DmrppArray::read_contiguous() -  name: orbit_info_crossing_time
1692893428,1557,timing,elapsed_us,50331,start_us,1692893428889193,stop_us,1692893428939524,-,DmrppArray::read_contiguous() -  name: gt1r_land_segments_terrain_h_te_best_fit
1692893428,1557,timing,elapsed_us,55331,start_us,1692893428749847,stop_us,1692893428805178,-,DmrppArray::read_contiguous() -  name: gt3r_land_segments_delta_time
1692893428,1557,timing,elapsed_us,74431,start_us,1692893428675231,stop_us,1692893428749662,-,DmrppArray::read_contiguous() -  name: gt3l_land_segments_delta_time
1692893429,1557,timing,elapsed_us,11,start_us,1692893429920705,stop_us,1692893429920716,client: /-3:67,show status; transmitting
1692893429,1557,timing,elapsed_us,14038,start_us,1692893429096145,stop_us,1692893429110183,-,DmrppArray::read_contiguous() -  name: gt2r_land_segments_latitude
1692893429,1557,timing,elapsed_us,14448,start_us,1692893429409767,stop_us,1692893429424215,-,DmrppArray::read_contiguous() -  name: gt3l_land_segments_longitude
1692893429,1557,timing,elapsed_us,14620,start_us,1692893429904186,stop_us,1692893429918806,-,DmrppArray::read_contiguous() -  name: gt3r_land_segments_latitude
1692893429,1557,timing,elapsed_us,15663,start_us,1692893429394034,stop_us,1692893429409697,-,DmrppArray::read_contiguous() -  name: gt3l_land_segments_terrain_h_te_best_fit
1692893429,1557,timing,elapsed_us,163404,start_us,1692893429146841,stop_us,1692893429310245,-,DmrppArray::read_contiguous() -  name: gt1l_land_segments_terrain_h_te_best_fit
1692893429,1557,timing,elapsed_us,165180,start_us,1692893429488172,stop_us,1692893429653352,-,DmrppArray::read_contiguous() -  name: gt2l_land_segments_canopy_h_canopy
1692893429,1557,timing,elapsed_us,16831,start_us,1692893429377017,stop_us,1692893429393848,-,DmrppArray::read_contiguous() -  name: gt3l_land_segments_canopy_h_canopy
1692893429,1557,timing,elapsed_us,17568,start_us,1692893429718179,stop_us,1692893429735747,-,DmrppArray::read_contiguous() -  name: gt2l_land_segments_latitude
1692893429,1557,timing,elapsed_us,17824,start_us,1692893429078134,stop_us,1692893429095958,-,DmrppArray::read_contiguous() -  name: gt2r_land_segments_longitude
1692893429,1557,timing,elapsed_us,1843012,start_us,1692893428076077,stop_us,1692893429919089,-,BESDapResponseBuilder::serialize_dap4_data() - Timer
1692893429,1557,timing,elapsed_us,1843441,start_us,1692893428075677,stop_us,1692893429919118,http-nio-8080-exec-7:35[bes_client:/-3],get dap for d1 return as dap2; transmitting
1692893429,1557,timing,elapsed_us,21930,start_us,1692893429696077,stop_us,1692893429718007,-,DmrppArray::read_contiguous() -  name: gt2l_land_segments_longitude
1692893429,1557,timing,elapsed_us,234,start_us,1692893429920498,stop_us,1692893429920732,-,BESInterface::execute_request
1692893429,1557,timing,elapsed_us,262,start_us,1692893429920494,stop_us,1692893429920756,-,BESServerHandler::execute
1692893429,1557,timing,elapsed_us,29866,start_us,1692893429310315,stop_us,1692893429340181,-,DmrppArray::read_contiguous() -  name: gt1l_land_segments_longitude
1692893429,1557,timing,elapsed_us,31603,start_us,1692893429797532,stop_us,1692893429829135,-,DmrppArray::read_contiguous() -  name: gt3r_land_segments_terrain_h_te_best_fit
1692893429,1557,timing,elapsed_us,36021,start_us,1692893429042027,stop_us,1692893429078048,-,DmrppArray::read_contiguous() -  name: gt2r_land_segments_terrain_h_te_best_fit
1692893429,1557,timing,elapsed_us,36444,start_us,1692893429110258,stop_us,1692893429146702,-,DmrppArray::read_contiguous() -  name: gt1l_land_segments_canopy_h_canopy
1692893429,1557,timing,elapsed_us,36587,start_us,1692893429340268,stop_us,1692893429376855,-,DmrppArray::read_contiguous() -  name: gt1l_land_segments_latitude
1692893429,1557,timing,elapsed_us,42364,start_us,1692893429653549,stop_us,1692893429695913,-,DmrppArray::read_contiguous() -  name: gt2l_land_segments_terrain_h_te_best_fit
1692893429,1557,timing,elapsed_us,4550370,start_us,1692893425368766,stop_us,1692893429919136,-,BESInterface::execute_request
1692893429,1557,timing,elapsed_us,4551741,start_us,1692893425368730,stop_us,1692893429920471,-,BESServerHandler::execute
1692893429,1557,timing,elapsed_us,58568,start_us,1692893428983280,stop_us,1692893429041848,-,DmrppArray::read_contiguous() -  name: gt2r_land_segments_canopy_h_canopy
1692893429,1557,timing,elapsed_us,61478,start_us,1692893429735953,stop_us,1692893429797431,-,DmrppArray::read_contiguous() -  name: gt3r_land_segments_canopy_h_canopy
1692893429,1557,timing,elapsed_us,63756,start_us,1692893429424284,stop_us,1692893429488040,-,DmrppArray::read_contiguous() -  name: gt3l_land_segments_latitude
1692893429,1557,timing,elapsed_us,74784,start_us,1692893429829224,stop_us,1692893429904008,-,DmrppArray::read_contiguous() -  name: gt3r_land_segments_longitude
1692893468,1557,timing,elapsed_us,204012,start_us,1692893468333933,stop_us,1692893468537945,-,RemoteResource::get_url() - source url: https://cmr.uat.earthdata.nasa.gov/search/granules.umm_json_v1_4?collection_concept_id=C1241426907-NSIDC_CUAT&granule_ur=ATL08_20200101145654_00900605_005_01.h5
1692893468,1557,timing,elapsed_us,7,start_us,1692893468538392,stop_us,1692893468538399,http-nio-8080-exec-2:30[bes_client:/-3],set container in ngap values ngapContainer,collections/C1241426907-NSIDC_CUAT/granules/ATL08_20200101145654_00900605_005_01.h5; transmitting
1692893468,1557,timing,elapsed_us,9,start_us,1692893468538766,stop_us,1692893468538775,http-nio-8080-exec-2:30[bes_client:/-3],define d1 in default as ngapContainer with ngapContainer.dap4constraint="/orbit_info_rgt;/orbit_info_crossing_time;/gt3r_land_segments_latitude[0:8:];/gt3r_land_segments_longitude[0:8:];/gt3r_land_segments_terrain_h_te_best_fit[0:8:];/gt3r_land_segments_canopy_h_canopy[0:8:];/gt3r_land_segments_delta_time[0:8:];/gt3l_land_segments_latitude[0:8:];/gt3l_land_segments_longitude[0:8:];/gt3l_land_segments_terrain_h_te_best_fit[0:8:];/gt3l_land_segments_canopy_h_canopy[0:8:];/gt3l_land_segments_delta_time[0:8:];/gt2r_land_segments_latitude[0:8:];/gt2r_land_segments_longitude[0:8:];/gt2r_land_segments_terrain_h_te_best_fit[0:8:];/gt2r_land_segments_canopy_h_canopy[0:8:];/gt2r_land_segments_delta_time[0:8:];/gt2l_land_segments_latitude[0:8:];/gt2l_land_segments_longitude[0:8:];/gt2l_land_segments_terrain_h_te_best_fit[0:8:];/gt2l_land_segments_canopy_h_canopy[0:8:];/gt2l_land_segments_delta_time[0:8:];/gt1r_land_segments_latitude[0:8:];/gt1r_land_segments_longitude[0:8:];/gt1r_land_segments_terrain_h_te_best_fit[0:8:];/gt1r_land_segments_canopy_h_canopy[0:8:];/gt1r_land_segments_delta_time[0:8:];/gt1l_land_segments_latitude[0:8:];/gt1l_land_segments_longitude[0:8:];/gt1l_land_segments_terrain_h_te_best_fit[0:8:];/gt1l_land_segments_canopy_h_canopy[0:8:];/gt1l_land_segments_delta_time[0:8:]"; transmitting
1692893470,1557,timing,elapsed_us,18738,start_us,1692893470969186,stop_us,1692893470987924,-,DmrppArray::read_contiguous() -  name: gt1r_land_segments_delta_time
1692893470,1557,timing,elapsed_us,2335311,start_us,1692893468539670,stop_us,1692893470874981,-,RemoteResource::get_url() - source url: https://data.nsidc.uat.earthdatacloud.nasa.gov/nsidc-cumulus-uat-protected/ATLAS/ATL08/005/2020/01/01/ATL08_20200101145654_00900605_005_01.h5.dmrpp
1692893470,1557,timing,elapsed_us,73384,start_us,1692893470895685,stop_us,1692893470969069,-,DmrppArray::read_contiguous() -  name: gt1l_land_segments_delta_time
1692893471,1557,timing,elapsed_us,15517,start_us,1692893471681053,stop_us,1692893471696570,-,DmrppArray::read_contiguous() -  name: gt2l_land_segments_longitude
1692893471,1557,timing,elapsed_us,16821,start_us,1692893471664152,stop_us,1692893471680973,-,DmrppArray::read_contiguous() -  name: gt2l_land_segments_terrain_h_te_best_fit
1692893471,1557,timing,elapsed_us,16983,start_us,1692893471165785,stop_us,1692893471182768,-,DmrppArray::read_contiguous() -  name: gt1r_land_segments_terrain_h_te_best_fit
1692893471,1557,timing,elapsed_us,17199,start_us,1692893471774999,stop_us,1692893471792198,-,DmrppArray::read_contiguous() -  name: gt3r_land_segments_latitude
1692893471,1557,timing,elapsed_us,17446,start_us,1692893471182853,stop_us,1692893471200299,-,DmrppArray::read_contiguous() -  name: gt1r_land_segments_longitude
1692893471,1557,timing,elapsed_us,177,start_us,1692893471793780,stop_us,1692893471793957,-,BESInterface::execute_request
1692893471,1557,timing,elapsed_us,17939,start_us,1692893471006962,stop_us,1692893471024901,-,DmrppArray::read_contiguous() -  name: gt2r_land_segments_delta_time
1692893471,1557,timing,elapsed_us,18451,start_us,1692893471736571,stop_us,1692893471755022,-,DmrppArray::read_contiguous() -  name: gt3r_land_segments_terrain_h_te_best_fit
1692893471,1557,timing,elapsed_us,18689,start_us,1692893471264914,stop_us,1692893471283603,-,DmrppArray::read_contiguous() -  name: gt2r_land_segments_longitude
1692893471,1557,timing,elapsed_us,18698,start_us,1692893471717750,stop_us,1692893471736448,-,DmrppArray::read_contiguous() -  name: gt3r_land_segments_canopy_h_canopy
1692893471,1557,timing,elapsed_us,18845,start_us,1692893470988026,stop_us,1692893471006871,-,DmrppArray::read_contiguous() -  name: gt2l_land_segments_delta_time
1692893471,1557,timing,elapsed_us,19585,start_us,1692893471245256,stop_us,1692893471264841,-,DmrppArray::read_contiguous() -  name: gt2r_land_segments_terrain_h_te_best_fit
1692893471,1557,timing,elapsed_us,19671,start_us,1692893471146033,stop_us,1692893471165704,-,DmrppArray::read_contiguous() -  name: gt1r_land_segments_canopy_h_canopy
1692893471,1557,timing,elapsed_us,19708,start_us,1692893471755183,stop_us,1692893471774891,-,DmrppArray::read_contiguous() -  name: gt3r_land_segments_longitude
1692893471,1557,timing,elapsed_us,19897,start_us,1692893471225182,stop_us,1692893471245079,-,DmrppArray::read_contiguous() -  name: gt2r_land_segments_canopy_h_canopy
1692893471,1557,timing,elapsed_us,203,start_us,1692893471793777,stop_us,1692893471793980,-,BESServerHandler::execute
1692893471,1557,timing,elapsed_us,20866,start_us,1692893471696719,stop_us,1692893471717585,-,DmrppArray::read_contiguous() -  name: gt2l_land_segments_latitude
1692893471,1557,timing,elapsed_us,22116,start_us,1692893471641873,stop_us,1692893471663989,-,DmrppArray::read_contiguous() -  name: gt2l_land_segments_canopy_h_canopy
1692893471,1557,timing,elapsed_us,22509,start_us,1692893471123356,stop_us,1692893471145865,-,DmrppArray::read_contiguous() -  name: orbit_info_rgt
1692893471,1557,timing,elapsed_us,24519,start_us,1692893471200480,stop_us,1692893471224999,-,DmrppArray::read_contiguous() -  name: gt1r_land_segments_latitude
1692893471,1557,timing,elapsed_us,24598,start_us,1692893471317528,stop_us,1692893471342126,-,DmrppArray::read_contiguous() -  name: gt1l_land_segments_canopy_h_canopy
1692893471,1557,timing,elapsed_us,26389,start_us,1692893471024994,stop_us,1692893471051383,-,DmrppArray::read_contiguous() -  name: gt3l_land_segments_delta_time
1692893471,1557,timing,elapsed_us,29706,start_us,1692893471570822,stop_us,1692893471600528,-,DmrppArray::read_contiguous() -  name: gt3l_land_segments_longitude
1692893471,1557,timing,elapsed_us,33703,start_us,1692893471283743,stop_us,1692893471317446,-,DmrppArray::read_contiguous() -  name: gt2r_land_segments_latitude
1692893471,1557,timing,elapsed_us,33884,start_us,1692893471051593,stop_us,1692893471085477,-,DmrppArray::read_contiguous() -  name: gt3r_land_segments_delta_time
1692893471,1557,timing,elapsed_us,33966,start_us,1692893471381658,stop_us,1692893471415624,-,DmrppArray::read_contiguous() -  name: gt1l_land_segments_longitude
1692893471,1557,timing,elapsed_us,3463721,start_us,1692893468328765,stop_us,1692893471792486,-,BESInterface::execute_request
1692893471,1557,timing,elapsed_us,3465029,start_us,1692893468328727,stop_us,1692893471793756,-,BESServerHandler::execute
1692893471,1557,timing,elapsed_us,36235,start_us,1692893471465377,stop_us,1692893471501612,-,DmrppArray::read_contiguous() -  name: gt3l_land_segments_canopy_h_canopy
1692893471,1557,timing,elapsed_us,37625,start_us,1692893471085569,stop_us,1692893471123194,-,DmrppArray::read_contiguous() -  name: orbit_info_crossing_time
1692893471,1557,timing,elapsed_us,39203,start_us,1692893471342295,stop_us,1692893471381498,-,DmrppArray::read_contiguous() -  name: gt1l_land_segments_terrain_h_te_best_fit
1692893471,1557,timing,elapsed_us,41065,start_us,1692893471600726,stop_us,1692893471641791,-,DmrppArray::read_contiguous() -  name: gt3l_land_segments_latitude
1692893471,1557,timing,elapsed_us,49447,start_us,1692893471415751,stop_us,1692893471465198,-,DmrppArray::read_contiguous() -  name: gt1l_land_segments_latitude
1692893471,1557,timing,elapsed_us,6,start_us,1692893471793944,stop_us,1692893471793950,client: /-3:69,show status; transmitting
1692893471,1557,timing,elapsed_us,68986,start_us,1692893471501749,stop_us,1692893471570735,-,DmrppArray::read_contiguous() -  name: gt3l_land_segments_terrain_h_te_best_fit
1692893471,1557,timing,elapsed_us,898218,start_us,1692893470894223,stop_us,1692893471792441,-,BESDapResponseBuilder::serialize_dap4_data() - Timer
1692893471,1557,timing,elapsed_us,898658,start_us,1692893470893811,stop_us,1692893471792469,http-nio-8080-exec-2:30[bes_client:/-3],get dap for d1 return as dap2; transmitting
1692893489,1557,timing,elapsed_us,229081,start_us,1692893489461123,stop_us,1692893489690204,-,RemoteResource::get_url() - source url: https://cmr.uat.earthdata.nasa.gov/search/granules.umm_json_v1_4?collection_concept_id=C1241426907-NSIDC_CUAT&granule_ur=ATL08_20200101145654_00900605_005_01.h5
1692893489,1557,timing,elapsed_us,7,start_us,1692893489690745,stop_us,1692893489690752,http-nio-8080-exec-10:38[bes_client:/-3],set container in ngap values ngapContainer,collections/C1241426907-NSIDC_CUAT/granules/ATL08_20200101145654_00900605_005_01.h5; transmitting
1692893489,1557,timing,elapsed_us,8,start_us,1692893489691127,stop_us,1692893489691135,http-nio-8080-exec-10:38[bes_client:/-3],define d1 in default as ngapContainer with ngapContainer.dap4constraint="/orbit_info_rgt;/orbit_info_crossing_time;/gt3r_land_segments_latitude[0:8:];/gt3r_land_segments_longitude[0:8:];/gt3r_land_segments_terrain_h_te_best_fit[0:8:];/gt3r_land_segments_canopy_h_canopy[0:8:];/gt3r_land_segments_delta_time[0:8:];/gt3l_land_segments_latitude[0:8:];/gt3l_land_segments_longitude[0:8:];/gt3l_land_segments_terrain_h_te_best_fit[0:8:];/gt3l_land_segments_canopy_h_canopy[0:8:];/gt3l_land_segments_delta_time[0:8:];/gt2r_land_segments_latitude[0:8:];/gt2r_land_segments_longitude[0:8:];/gt2r_land_segments_terrain_h_te_best_fit[0:8:];/gt2r_land_segments_canopy_h_canopy[0:8:];/gt2r_land_segments_delta_time[0:8:];/gt2l_land_segments_latitude[0:8:];/gt2l_land_segments_longitude[0:8:];/gt2l_land_segments_terrain_h_te_best_fit[0:8:];/gt2l_land_segments_canopy_h_canopy[0:8:];/gt2l_land_segments_delta_time[0:8:];/gt1r_land_segments_latitude[0:8:];/gt1r_land_segments_longitude[0:8:];/gt1r_land_segments_terrain_h_te_best_fit[0:8:];/gt1r_land_segments_canopy_h_canopy[0:8:];/gt1r_land_segments_delta_time[0:8:];/gt1l_land_segments_latitude[0:8:];/gt1l_land_segments_longitude[0:8:];/gt1l_land_segments_terrain_h_te_best_fit[0:8:];/gt1l_land_segments_canopy_h_canopy[0:8:];/gt1l_land_segments_delta_time[0:8:]"; transmitting
1692893491,1557,timing,elapsed_us,2291784,start_us,1692893489691989,stop_us,1692893491983773,-,RemoteResource::get_url() - source url: https://data.nsidc.uat.earthdatacloud.nasa.gov/nsidc-cumulus-uat-protected/ATLAS/ATL08/005/2020/01/01/ATL08_20200101145654_00900605_005_01.h5.dmrpp
1692893492,1557,timing,elapsed_us,16686,start_us,1692893492580612,stop_us,1692893492597298,-,DmrppArray::read_contiguous() -  name: gt2l_land_segments_terrain_h_te_best_fit
1692893492,1557,timing,elapsed_us,16876,start_us,1692893492407302,stop_us,1692893492424178,-,DmrppArray::read_contiguous() -  name: gt1l_land_segments_canopy_h_canopy
1692893492,1557,timing,elapsed_us,17026,start_us,1692893492544585,stop_us,1692893492561611,-,DmrppArray::read_contiguous() -  name: gt3l_land_segments_latitude
1692893492,1557,timing,elapsed_us,17176,start_us,1692893492096522,stop_us,1692893492113698,-,DmrppArray::read_contiguous() -  name: gt1r_land_segments_delta_time
1692893492,1557,timing,elapsed_us,17199,start_us,1692893492256650,stop_us,1692893492273849,-,DmrppArray::read_contiguous() -  name: gt1r_land_segments_terrain_h_te_best_fit
1692893492,1557,timing,elapsed_us,178,start_us,1692893492813901,stop_us,1692893492814079,-,BESInterface::execute_request
1692893492,1557,timing,elapsed_us,17867,start_us,1692893492424341,stop_us,1692893492442208,-,DmrppArray::read_contiguous() -  name: gt1l_land_segments_terrain_h_te_best_fit
1692893492,1557,timing,elapsed_us,17892,start_us,1692893492200713,stop_us,1692893492218605,-,DmrppArray::read_contiguous() -  name: orbit_info_crossing_time
1692893492,1557,timing,elapsed_us,17981,start_us,1692893492507929,stop_us,1692893492525910,-,DmrppArray::read_contiguous() -  name: gt3l_land_segments_terrain_h_te_best_fit
1692893492,1557,timing,elapsed_us,18052,start_us,1692893492238517,stop_us,1692893492256569,-,DmrppArray::read_contiguous() -  name: gt1r_land_segments_canopy_h_canopy
1692893492,1557,timing,elapsed_us,18108,start_us,1692893492135280,stop_us,1692893492153388,-,DmrppArray::read_contiguous() -  name: gt2r_land_segments_delta_time
1692893492,1557,timing,elapsed_us,18132,start_us,1692893492274013,stop_us,1692893492292145,-,DmrppArray::read_contiguous() -  name: gt1r_land_segments_longitude
1692893492,1557,timing,elapsed_us,18238,start_us,1692893492359178,stop_us,1692893492377416,-,DmrppArray::read_contiguous() -  name: gt2r_land_segments_longitude
1692893492,1557,timing,elapsed_us,18514,start_us,1692893492525995,stop_us,1692893492544509,-,DmrppArray::read_contiguous() -  name: gt3l_land_segments_longitude
1692893492,1557,timing,elapsed_us,18536,start_us,1692893492340454,stop_us,1692893492358990,-,DmrppArray::read_contiguous() -  name: gt2r_land_segments_terrain_h_te_best_fit
1692893492,1557,timing,elapsed_us,18713,start_us,1692893492468477,stop_us,1692893492487190,-,DmrppArray::read_contiguous() -  name: gt1l_land_segments_latitude
1692893492,1557,timing,elapsed_us,18841,start_us,1692893492561689,stop_us,1692893492580530,-,DmrppArray::read_contiguous() -  name: gt2l_land_segments_canopy_h_canopy
1692893492,1557,timing,elapsed_us,19665,start_us,1692893492218749,stop_us,1692893492238414,-,DmrppArray::read_contiguous() -  name: orbit_info_rgt
1692893492,1557,timing,elapsed_us,204,start_us,1692893492813897,stop_us,1692893492814101,-,BESServerHandler::execute
1692893492,1557,timing,elapsed_us,20445,start_us,1692893492487320,stop_us,1692893492507765,-,DmrppArray::read_contiguous() -  name: gt3l_land_segments_canopy_h_canopy
1692893492,1557,timing,elapsed_us,20466,start_us,1692893492751498,stop_us,1692893492771964,-,DmrppArray::read_contiguous() -  name: gt3r_land_segments_longitude
1692893492,1557,timing,elapsed_us,21395,start_us,1692893492113793,stop_us,1692893492135188,-,DmrppArray::read_contiguous() -  name: gt2l_land_segments_delta_time
1692893492,1557,timing,elapsed_us,21667,start_us,1692893492318613,stop_us,1692893492340280,-,DmrppArray::read_contiguous() -  name: gt2r_land_segments_canopy_h_canopy
1692893492,1557,timing,elapsed_us,21727,start_us,1692893492178908,stop_us,1692893492200635,-,DmrppArray::read_contiguous() -  name: gt3r_land_segments_delta_time
1692893492,1557,timing,elapsed_us,22134,start_us,1692893492729177,stop_us,1692893492751311,-,DmrppArray::read_contiguous() -  name: gt3r_land_segments_terrain_h_te_best_fit
1692893492,1557,timing,elapsed_us,22489,start_us,1692893492597454,stop_us,1692893492619943,-,DmrppArray::read_contiguous() -  name: gt2l_land_segments_longitude
1692893492,1557,timing,elapsed_us,25351,start_us,1692893492153479,stop_us,1692893492178830,-,DmrppArray::read_contiguous() -  name: gt3l_land_segments_delta_time
1692893492,1557,timing,elapsed_us,25971,start_us,1692893492442321,stop_us,1692893492468292,-,DmrppArray::read_contiguous() -  name: gt1l_land_segments_longitude
1692893492,1557,timing,elapsed_us,26221,start_us,1692893492292310,stop_us,1692893492318531,-,DmrppArray::read_contiguous() -  name: gt1r_land_segments_latitude
1692893492,1557,timing,elapsed_us,29586,start_us,1692893492377541,stop_us,1692893492407127,-,DmrppArray::read_contiguous() -  name: gt2r_land_segments_latitude
1692893492,1557,timing,elapsed_us,3356024,start_us,1692893489456768,stop_us,1692893492812792,-,BESInterface::execute_request
1692893492,1557,timing,elapsed_us,3357146,start_us,1692893489456734,stop_us,1692893492813880,-,BESServerHandler::execute
1692893492,1557,timing,elapsed_us,34459,start_us,1692893492694635,stop_us,1692893492729094,-,DmrppArray::read_contiguous() -  name: gt3r_land_segments_canopy_h_canopy
1692893492,1557,timing,elapsed_us,40496,start_us,1692893492772152,stop_us,1692893492812648,-,DmrppArray::read_contiguous() -  name: gt3r_land_segments_latitude
1692893492,1557,timing,elapsed_us,6,start_us,1692893492814066,stop_us,1692893492814072,client: /-3:71,show status; transmitting
1692893492,1557,timing,elapsed_us,74429,start_us,1692893492620120,stop_us,1692893492694549,-,DmrppArray::read_contiguous() -  name: gt2l_land_segments_latitude
1692893492,1557,timing,elapsed_us,809794,start_us,1692893492002978,stop_us,1692893492812772,-,BESDapResponseBuilder::serialize_dap4_data() - Timer
1692893492,1557,timing,elapsed_us,810202,start_us,1692893492002583,stop_us,1692893492812785,http-nio-8080-exec-10:38[bes_client:/-3],get dap for d1 return as dap2; transmitting
1692893492,1557,timing,elapsed_us,91941,start_us,1692893492004431,stop_us,1692893492096372,-,DmrppArray::read_contiguous() -  name: gt1l_land_segments_delta_time
1692893513,1557,timing,elapsed_us,207963,start_us,1692893513621329,stop_us,1692893513829292,-,RemoteResource::get_url() - source url: https://cmr.uat.earthdata.nasa.gov/search/granules.umm_json_v1_4?collection_concept_id=C1241426826-NSIDC_CUAT&granule_ur=ATL03_20200101145654_00900605_005_01.h5
1692893513,1557,timing,elapsed_us,6,start_us,1692893513830093,stop_us,1692893513830099,http-nio-8080-exec-6:34[bes_client:/-3],define d1 in default as ngapContainer with ngapContainer.dap4constraint="/gt3r_geolocation_delta_time;/gt3r_geolocation_reference_photon_lat;/gt3r_geolocation_reference_photon_lon;/gt3r_geolocation_reference_photon_index;/gt3r_geolocation_segment_ph_cnt;/gt3r_geolocation_ph_index_beg;/gt3r_geolocation_segment_id"; transmitting
1692893513,1557,timing,elapsed_us,7,start_us,1692893513829743,stop_us,1692893513829750,http-nio-8080-exec-6:34[bes_client:/-3],set container in ngap values ngapContainer,collections/C1241426826-NSIDC_CUAT/granules/ATL03_20200101145654_00900605_005_01.h5; transmitting
1692893516,1557,timing,elapsed_us,2776894,start_us,1692893513830951,stop_us,1692893516607845,-,RemoteResource::get_url() - source url: https://data.nsidc.uat.earthdatacloud.nasa.gov/nsidc-cumulus-uat-protected/ATLAS/ATL03/005/2020/01/01/ATL03_20200101145654_00900605_005_01.h5.dmrpp
1692893519,1557,timing,elapsed_us,105811,start_us,1692893519579803,stop_us,1692893519685614,-,DmrppArray::read_super_chunks_unconstrained_concurrent() -  name: gt3r_geolocation_reference_photon_lat
1692893519,1557,timing,elapsed_us,132653,start_us,1692893519688204,stop_us,1692893519820857,-,DmrppArray::read_super_chunks_unconstrained_concurrent() -  name: gt3r_geolocation_reference_photon_index
1692893519,1557,timing,elapsed_us,20909,start_us,1692893519463657,stop_us,1692893519484566,-,DmrppArray::read_super_chunks_unconstrained_concurrent() -  name: gt3r_geolocation_ph_index_beg
1692893519,1557,timing,elapsed_us,211135,start_us,1692893519160651,stop_us,1692893519371786,-,DmrppArray::read_super_chunks_unconstrained_concurrent() -  name: gt3r_geolocation_segment_ph_cnt
1692893519,1557,timing,elapsed_us,232,start_us,1692893519867677,stop_us,1692893519867909,-,BESInterface::execute_request
1692893519,1557,timing,elapsed_us,2504377,start_us,1692893516654021,stop_us,1692893519158398,-,CurlUtils::retrieve_effective_url() -  Following Redirects Starting With: https://data.nsidc.uat.earthdatacloud.nasa.gov/nsidc-cumulus-uat-protected/ATLAS/ATL03/005/2020/01/01/ATL03_20200101145654_00900605_005_01.h5
1692893519,1557,timing,elapsed_us,259,start_us,1692893519867673,stop_us,1692893519867932,-,BESServerHandler::execute
1692893519,1557,timing,elapsed_us,3213625,start_us,1692893516652199,stop_us,1692893519865824,-,BESDapResponseBuilder::serialize_dap4_data() - Timer
1692893519,1557,timing,elapsed_us,3213966,start_us,1692893516651879,stop_us,1692893519865845,http-nio-8080-exec-6:34[bes_client:/-3],get dap for d1 return as dap2; transmitting
1692893519,1557,timing,elapsed_us,40736,start_us,1692893519822268,stop_us,1692893519863004,-,DmrppArray::read_super_chunks_unconstrained_concurrent() -  name: gt3r_geolocation_delta_time
1692893519,1557,timing,elapsed_us,6,start_us,1692893519867896,stop_us,1692893519867902,client: /-3:73,show status; transmitting
1692893519,1557,timing,elapsed_us,6249183,start_us,1692893513616671,stop_us,1692893519865854,-,BESInterface::execute_request
1692893519,1557,timing,elapsed_us,6251001,start_us,1692893513616654,stop_us,1692893519867655,-,BESServerHandler::execute
1692893519,1557,timing,elapsed_us,87359,start_us,1692893519373661,stop_us,1692893519461020,-,DmrppArray::read_super_chunks_unconstrained_concurrent() -  name: gt3r_geolocation_reference_photon_lon
1692893519,1557,timing,elapsed_us,90766,start_us,1692893519487127,stop_us,1692893519577893,-,DmrppArray::read_super_chunks_unconstrained_concurrent() -  name: gt3r_geolocation_segment_id
1692893570,1557,timing,elapsed_us,311119,start_us,1692893569865643,stop_us,1692893570176762,-,RemoteResource::get_url() - source url: https://cmr.uat.earthdata.nasa.gov/search/granules.umm_json_v1_4?collection_concept_id=C1241426826-NSIDC_CUAT&granule_ur=ATL03_20200101145654_00900605_005_01.h5
1692893570,1557,timing,elapsed_us,6,start_us,1692893570177761,stop_us,1692893570177767,http-nio-8080-exec-6:34[bes_client:/-3],define d1 in default as ngapContainer with ngapContainer.dap4constraint="/gt3r_geolocation_delta_time;/gt3r_geolocation_reference_photon_lat;/gt3r_geolocation_reference_photon_lon;/gt3r_geolocation_reference_photon_index;/gt3r_geolocation_segment_ph_cnt;/gt3r_geolocation_ph_index_beg;/gt3r_geolocation_segment_id"; transmitting
1692893570,1557,timing,elapsed_us,7,start_us,1692893570177007,stop_us,1692893570177014,http-nio-8080-exec-6:34[bes_client:/-3],set container in ngap values ngapContainer,collections/C1241426826-NSIDC_CUAT/granules/ATL03_20200101145654_00900605_005_01.h5; transmitting
1692893572,1557,timing,elapsed_us,17523,start_us,1692893572906742,stop_us,1692893572924265,-,DmrppArray::read_super_chunks_unconstrained_concurrent() -  name: gt3r_geolocation_reference_photon_index
1692893572,1557,timing,elapsed_us,19128,start_us,1692893572850030,stop_us,1692893572869158,-,DmrppArray::read_super_chunks_unconstrained_concurrent() -  name: gt3r_geolocation_segment_id
1692893572,1557,timing,elapsed_us,20410,start_us,1692893572827070,stop_us,1692893572847480,-,DmrppArray::read_super_chunks_unconstrained_concurrent() -  name: gt3r_geolocation_ph_index_beg
1692893572,1557,timing,elapsed_us,205,start_us,1692893572954671,stop_us,1692893572954876,-,BESInterface::execute_request
1692893572,1557,timing,elapsed_us,229873,start_us,1692893572723050,stop_us,1692893572952923,-,BESDapResponseBuilder::serialize_dap4_data() - Timer
1692893572,1557,timing,elapsed_us,230215,start_us,1692893572722728,stop_us,1692893572952943,http-nio-8080-exec-6:34[bes_client:/-3],get dap for d1 return as dap2; transmitting
1692893572,1557,timing,elapsed_us,236,start_us,1692893572954666,stop_us,1692893572954902,-,BESServerHandler::execute
1692893572,1557,timing,elapsed_us,24502,start_us,1692893572925714,stop_us,1692893572950216,-,DmrppArray::read_super_chunks_unconstrained_concurrent() -  name: gt3r_geolocation_delta_time
1692893572,1557,timing,elapsed_us,2502727,start_us,1692893570178620,stop_us,1692893572681347,-,RemoteResource::get_url() - source url: https://data.nsidc.uat.earthdatacloud.nasa.gov/nsidc-cumulus-uat-protected/ATLAS/ATL03/005/2020/01/01/ATL03_20200101145654_00900605_005_01.h5.dmrpp
1692893572,1557,timing,elapsed_us,28623,start_us,1692893572795900,stop_us,1692893572824523,-,DmrppArray::read_super_chunks_unconstrained_concurrent() -  name: gt3r_geolocation_reference_photon_lon
1692893572,1557,timing,elapsed_us,3092253,start_us,1692893569860698,stop_us,1692893572952951,-,BESInterface::execute_request
1692893572,1557,timing,elapsed_us,3093866,start_us,1692893569860675,stop_us,1692893572954541,-,BESServerHandler::execute
1692893572,1557,timing,elapsed_us,33223,start_us,1692893572870933,stop_us,1692893572904156,-,DmrppArray::read_super_chunks_unconstrained_concurrent() -  name: gt3r_geolocation_reference_photon_lat
1692893572,1557,timing,elapsed_us,69134,start_us,1692893572725079,stop_us,1692893572794213,-,DmrppArray::read_super_chunks_unconstrained_concurrent() -  name: gt3r_geolocation_segment_ph_cnt
1692893572,1557,timing,elapsed_us,7,start_us,1692893572954861,stop_us,1692893572954868,client: /-3:75,show status; transmitting
1692893623,1557,timing,elapsed_us,410454,start_us,1692893623341062,stop_us,1692893623751516,-,RemoteResource::get_url() - source url: https://cmr.uat.earthdata.nasa.gov/search/granules.umm_json_v1_4?collection_concept_id=C1241426826-NSIDC_CUAT&granule_ur=ATL03_20200101145654_00900605_005_01.h5
1692893623,1557,timing,elapsed_us,7,start_us,1692893623752771,stop_us,1692893623752778,http-nio-8080-exec-2:30[bes_client:/-3],define d1 in default as ngapContainer with ngapContainer.dap4constraint="/gt3r_geolocation_delta_time;/gt3r_geolocation_reference_photon_lat;/gt3r_geolocation_reference_photon_lon;/gt3r_geolocation_reference_photon_index;/gt3r_geolocation_segment_ph_cnt;/gt3r_geolocation_ph_index_beg;/gt3r_geolocation_segment_id"; transmitting
1692893623,1557,timing,elapsed_us,8,start_us,1692893623751980,stop_us,1692893623751988,http-nio-8080-exec-2:30[bes_client:/-3],set container in ngap values ngapContainer,collections/C1241426826-NSIDC_CUAT/granules/ATL03_20200101145654_00900605_005_01.h5; transmitting
1692893626,1557,timing,elapsed_us,194,start_us,1692893626302709,stop_us,1692893626302903,-,BESInterface::execute_request
1692893626,1557,timing,elapsed_us,20609,start_us,1692893626196293,stop_us,1692893626216902,-,DmrppArray::read_super_chunks_unconstrained_concurrent() -  name: gt3r_geolocation_segment_id
1692893626,1557,timing,elapsed_us,210985,start_us,1692893626090126,stop_us,1692893626301111,-,BESDapResponseBuilder::serialize_dap4_data() - Timer
1692893626,1557,timing,elapsed_us,211329,start_us,1692893626089802,stop_us,1692893626301131,http-nio-8080-exec-2:30[bes_client:/-3],get dap for d1 return as dap2; transmitting
1692893626,1557,timing,elapsed_us,221,start_us,1692893626302705,stop_us,1692893626302926,-,BESServerHandler::execute
1692893626,1557,timing,elapsed_us,22199,start_us,1692893626249392,stop_us,1692893626271591,-,DmrppArray::read_super_chunks_unconstrained_concurrent() -  name: gt3r_geolocation_reference_photon_index
1692893626,1557,timing,elapsed_us,2291698,start_us,1692893623753642,stop_us,1692893626045340,-,RemoteResource::get_url() - source url: https://data.nsidc.uat.earthdatacloud.nasa.gov/nsidc-cumulus-uat-protected/ATLAS/ATL03/005/2020/01/01/ATL03_20200101145654_00900605_005_01.h5.dmrpp
1692893626,1557,timing,elapsed_us,25290,start_us,1692893626273152,stop_us,1692893626298442,-,DmrppArray::read_super_chunks_unconstrained_concurrent() -  name: gt3r_geolocation_delta_time
1692893626,1557,timing,elapsed_us,28078,start_us,1692893626218674,stop_us,1692893626246752,-,DmrppArray::read_super_chunks_unconstrained_concurrent() -  name: gt3r_geolocation_reference_photon_lat
1692893626,1557,timing,elapsed_us,28355,start_us,1692893626092142,stop_us,1692893626120497,-,DmrppArray::read_super_chunks_unconstrained_concurrent() -  name: gt3r_geolocation_segment_ph_cnt
1692893626,1557,timing,elapsed_us,29345,start_us,1692893626122091,stop_us,1692893626151436,-,DmrppArray::read_super_chunks_unconstrained_concurrent() -  name: gt3r_geolocation_reference_photon_lon
1692893626,1557,timing,elapsed_us,2964368,start_us,1692893623336771,stop_us,1692893626301139,-,BESInterface::execute_request
1692893626,1557,timing,elapsed_us,2965952,start_us,1692893623336736,stop_us,1692893626302688,-,BESServerHandler::execute
1692893626,1557,timing,elapsed_us,39462,start_us,1692893626154153,stop_us,1692893626193615,-,DmrppArray::read_super_chunks_unconstrained_concurrent() -  name: gt3r_geolocation_ph_index_beg
1692893626,1557,timing,elapsed_us,6,start_us,1692893626302890,stop_us,1692893626302896,client: /-3:77,show status; transmitting
1692893652,1557,timing,elapsed_us,307852,start_us,1692893652441248,stop_us,1692893652749100,-,RemoteResource::get_url() - source url: https://cmr.uat.earthdata.nasa.gov/search/granules.umm_json_v1_4?collection_concept_id=C1241426826-NSIDC_CUAT&granule_ur=ATL03_20200101145654_00900605_005_01.h5
1692893652,1557,timing,elapsed_us,5,start_us,1692893652750354,stop_us,1692893652750359,http-nio-8080-exec-10:38[bes_client:/-3],define d1 in default as ngapContainer with ngapContainer.dap4constraint="/gt3r_heights_delta_time[6710118:149:8209976];/gt3r_heights_lat_ph[6710118:149:8209976];/gt3r_heights_lon_ph[6710118:149:8209976];/gt3r_heights_h_ph[6710118:149:8209976];/gt3r_heights_signal_conf_ph[6710118:149:8209976][0:1:4]"; transmitting
1692893652,1557,timing,elapsed_us,7,start_us,1692893652749588,stop_us,1692893652749595,http-nio-8080-exec-10:38[bes_client:/-3],set container in ngap values ngapContainer,collections/C1241426826-NSIDC_CUAT/granules/ATL03_20200101145654_00900605_005_01.h5; transmitting
1692893655,1557,timing,elapsed_us,123235,start_us,1692893655537099,stop_us,1692893655660334,-,DmrppArray::read_super_chunks_concurrent() -  name: gt3r_heights_signal_conf_ph
1692893655,1557,timing,elapsed_us,2416451,start_us,1692893652751212,stop_us,1692893655167663,-,RemoteResource::get_url() - source url: https://data.nsidc.uat.earthdatacloud.nasa.gov/nsidc-cumulus-uat-protected/ATLAS/ATL03/005/2020/01/01/ATL03_20200101145654_00900605_005_01.h5.dmrpp
1692893655,1557,timing,elapsed_us,321318,start_us,1692893655211806,stop_us,1692893655533124,-,DmrppArray::read_super_chunks_concurrent() -  name: gt3r_heights_lat_ph
1692893656,1557,timing,elapsed_us,105367,start_us,1692893656195124,stop_us,1692893656300491,-,DmrppArray::read_super_chunks_concurrent() -  name: gt3r_heights_delta_time
1692893656,1557,timing,elapsed_us,1094242,start_us,1692893655206708,stop_us,1692893656300950,-,BESDapResponseBuilder::serialize_dap4_data() - Timer
1692893656,1557,timing,elapsed_us,1094543,start_us,1692893655206424,stop_us,1692893656300967,http-nio-8080-exec-10:38[bes_client:/-3],get dap for d1 return as dap2; transmitting
1692893656,1557,timing,elapsed_us,163164,start_us,1692893656028227,stop_us,1692893656191391,-,DmrppArray::read_super_chunks_concurrent() -  name: gt3r_heights_lon_ph
1692893656,1557,timing,elapsed_us,208,start_us,1692893656303442,stop_us,1692893656303650,-,BESInterface::execute_request
1692893656,1557,timing,elapsed_us,237,start_us,1692893656303438,stop_us,1692893656303675,-,BESServerHandler::execute
1692893656,1557,timing,elapsed_us,360401,start_us,1692893655664073,stop_us,1692893656024474,-,DmrppArray::read_super_chunks_concurrent() -  name: gt3r_heights_h_ph
1692893656,1557,timing,elapsed_us,3864298,start_us,1692893652436677,stop_us,1692893656300975,-,BESInterface::execute_request
1692893656,1557,timing,elapsed_us,3866761,start_us,1692893652436656,stop_us,1692893656303417,-,BESServerHandler::execute
1692893656,1557,timing,elapsed_us,6,start_us,1692893656303631,stop_us,1692893656303637,client: /-3:79,show status; transmitting
1692893692,1557,timing,elapsed_us,206772,start_us,1692893691973984,stop_us,1692893692180756,-,RemoteResource::get_url() - source url: https://cmr.uat.earthdata.nasa.gov/search/granules.umm_json_v1_4?collection_concept_id=C1241426826-NSIDC_CUAT&granule_ur=ATL03_20200101145654_00900605_005_01.h5
1692893692,1557,timing,elapsed_us,5,start_us,1692893692181996,stop_us,1692893692182001,http-nio-8080-exec-8:36[bes_client:/-3],define d1 in default as ngapContainer with ngapContainer.dap4constraint="/gt3r_heights_delta_time[6710118:149:8209976];/gt3r_heights_lat_ph[6710118:149:8209976];/gt3r_heights_lon_ph[6710118:149:8209976];/gt3r_heights_h_ph[6710118:149:8209976];/gt3r_heights_signal_conf_ph[6710118:149:8209976][0:1:4]"; transmitting
1692893692,1557,timing,elapsed_us,7,start_us,1692893692181221,stop_us,1692893692181228,http-nio-8080-exec-8:36[bes_client:/-3],set container in ngap values ngapContainer,collections/C1241426826-NSIDC_CUAT/granules/ATL03_20200101145654_00900605_005_01.h5; transmitting
1692893694,1557,timing,elapsed_us,136341,start_us,1692893694538756,stop_us,1692893694675097,-,DmrppArray::read_super_chunks_concurrent() -  name: gt3r_heights_lat_ph
1692893694,1557,timing,elapsed_us,203,start_us,1692893694914034,stop_us,1692893694914237,-,BESInterface::execute_request
1692893694,1557,timing,elapsed_us,231,start_us,1692893694914030,stop_us,1692893694914261,-,BESServerHandler::execute
1692893694,1557,timing,elapsed_us,2310439,start_us,1692893692182852,stop_us,1692893694493291,-,RemoteResource::get_url() - source url: https://data.nsidc.uat.earthdatacloud.nasa.gov/nsidc-cumulus-uat-protected/ATLAS/ATL03/005/2020/01/01/ATL03_20200101145654_00900605_005_01.h5.dmrpp
1692893694,1557,timing,elapsed_us,25365,start_us,1692893694678860,stop_us,1692893694704225,-,DmrppArray::read_super_chunks_concurrent() -  name: gt3r_heights_signal_conf_ph
1692893694,1557,timing,elapsed_us,28190,start_us,1692893694882950,stop_us,1692893694911140,-,DmrppArray::read_super_chunks_concurrent() -  name: gt3r_heights_delta_time
1692893694,1557,timing,elapsed_us,2942856,start_us,1692893691968756,stop_us,1692893694911612,-,BESInterface::execute_request
1692893694,1557,timing,elapsed_us,2945275,start_us,1692893691968730,stop_us,1692893694914005,-,BESServerHandler::execute
1692893694,1557,timing,elapsed_us,377936,start_us,1692893694533646,stop_us,1692893694911582,-,BESDapResponseBuilder::serialize_dap4_data() - Timer
1692893694,1557,timing,elapsed_us,378247,start_us,1692893694533356,stop_us,1692893694911603,http-nio-8080-exec-8:36[bes_client:/-3],get dap for d1 return as dap2; transmitting
1692893694,1557,timing,elapsed_us,6,start_us,1692893694914223,stop_us,1692893694914229,client: /-3:81,show status; transmitting
1692893694,1557,timing,elapsed_us,75875,start_us,1692893694707805,stop_us,1692893694783680,-,DmrppArray::read_super_chunks_concurrent() -  name: gt3r_heights_h_ph
1692893694,1557,timing,elapsed_us,91820,start_us,1692893694787431,stop_us,1692893694879251,-,DmrppArray::read_super_chunks_concurrent() -  name: gt3r_heights_lon_ph
1692893710,1557,timing,elapsed_us,309933,start_us,1692893710533995,stop_us,1692893710843928,-,RemoteResource::get_url() - source url: https://cmr.uat.earthdata.nasa.gov/search/granules.umm_json_v1_4?collection_concept_id=C1241426826-NSIDC_CUAT&granule_ur=ATL03_20200101145654_00900605_005_01.h5
1692893710,1557,timing,elapsed_us,8,start_us,1692893710844366,stop_us,1692893710844374,http-nio-8080-exec-9:37[bes_client:/-3],set container in ngap values ngapContainer,collections/C1241426826-NSIDC_CUAT/granules/ATL03_20200101145654_00900605_005_01.h5; transmitting
1692893710,1557,timing,elapsed_us,8,start_us,1692893710845185,stop_us,1692893710845193,http-nio-8080-exec-9:37[bes_client:/-3],define d1 in default as ngapContainer with ngapContainer.dap4constraint="/gt3r_heights_delta_time[6710118:149:8209976];/gt3r_heights_lat_ph[6710118:149:8209976];/gt3r_heights_lon_ph[6710118:149:8209976];/gt3r_heights_h_ph[6710118:149:8209976];/gt3r_heights_signal_conf_ph[6710118:149:8209976][0:1:4]"; transmitting
1692893713,1557,timing,elapsed_us,123129,start_us,1692893713223566,stop_us,1692893713346695,-,DmrppArray::read_super_chunks_concurrent() -  name: gt3r_heights_lat_ph
1692893713,1557,timing,elapsed_us,202,start_us,1692893713606186,stop_us,1692893713606388,-,BESInterface::execute_request
1692893713,1557,timing,elapsed_us,232,start_us,1692893713606182,stop_us,1692893713606414,-,BESServerHandler::execute
1692893713,1557,timing,elapsed_us,2332667,start_us,1692893710846057,stop_us,1692893713178724,-,RemoteResource::get_url() - source url: https://data.nsidc.uat.earthdatacloud.nasa.gov/nsidc-cumulus-uat-protected/ATLAS/ATL03/005/2020/01/01/ATL03_20200101145654_00900605_005_01.h5.dmrpp
1692893713,1557,timing,elapsed_us,26013,start_us,1692893713350474,stop_us,1692893713376487,-,DmrppArray::read_super_chunks_concurrent() -  name: gt3r_heights_signal_conf_ph
1692893713,1557,timing,elapsed_us,3074817,start_us,1692893710528749,stop_us,1692893713603566,-,BESInterface::execute_request
1692893713,1557,timing,elapsed_us,3077438,start_us,1692893710528719,stop_us,1692893713606157,-,BESServerHandler::execute
1692893713,1557,timing,elapsed_us,385074,start_us,1692893713218467,stop_us,1692893713603541,-,BESDapResponseBuilder::serialize_dap4_data() - Timer
1692893713,1557,timing,elapsed_us,385371,start_us,1692893713218186,stop_us,1692893713603557,http-nio-8080-exec-9:37[bes_client:/-3],get dap for d1 return as dap2; transmitting
1692893713,1557,timing,elapsed_us,47087,start_us,1692893713556000,stop_us,1692893713603087,-,DmrppArray::read_super_chunks_concurrent() -  name: gt3r_heights_delta_time
1692893713,1557,timing,elapsed_us,6,start_us,1692893713606374,stop_us,1692893713606380,client: /-3:83,show status; transmitting
1692893713,1557,timing,elapsed_us,72830,start_us,1692893713380257,stop_us,1692893713453087,-,DmrppArray::read_super_chunks_concurrent() -  name: gt3r_heights_h_ph
1692893713,1557,timing,elapsed_us,95520,start_us,1692893713456724,stop_us,1692893713552244,-,DmrppArray::read_super_chunks_concurrent() -  name: gt3r_heights_lon_ph
1692897103,1557,timing,elapsed_us,214493,start_us,1692897102846471,stop_us,1692897103060964,-,RemoteResource::get_url() - source url: https://cmr.uat.earthdata.nasa.gov/search/granules.umm_json_v1_4?collection_concept_id=C1259239346-POCUMULUS&granule_ur=20230821140000-STAR-L2P_GHRSST-SSTsubskin-AHI_H09-ACSPO_V2.90-v02.0-fv01.0
1692897103,1557,timing,elapsed_us,6,start_us,1692897103061412,stop_us,1692897103061418,http-nio-8080-exec-3:31[bes_client:/-3],set container in ngap values ngapContainer,collections/C1259239346-POCUMULUS/granules/20230821140000-STAR-L2P_GHRSST-SSTsubskin-AHI_H09-ACSPO_V2.90-v02.0-fv01.0; transmitting
1692897103,1557,timing,elapsed_us,6,start_us,1692897103062174,stop_us,1692897103062180,http-nio-8080-exec-3:31[bes_client:/-3],define d1 in default as ngapContainer; transmitting
1692897106,1557,timing,elapsed_us,106,start_us,1692897106163509,stop_us,1692897106163615,-,BESInterface::execute_request
1692897106,1557,timing,elapsed_us,141,start_us,1692897106163503,stop_us,1692897106163644,-,BESServerHandler::execute
1692897106,1557,timing,elapsed_us,3097123,start_us,1692897103063491,stop_us,1692897106160614,-,RemoteResource::get_url() - source url: https://archive.podaac.sit.earthdata.nasa.gov/podaac-sit-cumulus-protected/H09-AHI-L2P-ACSPO-v2.90/20230821140000-STAR-L2P_GHRSST-SSTsubskin-AHI_H09-ACSPO_V2.90-v02.0-fv01.0.nc.dmrpp
1692897106,1557,timing,elapsed_us,3326590,start_us,1692897102836790,stop_us,1692897106163380,-,BESInterface::execute_request
1692897106,1557,timing,elapsed_us,3326692,start_us,1692897102836752,stop_us,1692897106163444,-,BESServerHandler::execute
1692897106,1557,timing,elapsed_us,456,start_us,1692897106162911,stop_us,1692897106163367,http-nio-8080-exec-3:31[bes_client:/-3],get dmr for d1 return as dap2; transmitting
1692897106,1557,timing,elapsed_us,6,start_us,1692897106163602,stop_us,1692897106163608,client: /-3:85,show status; transmitting
1692897450,1557,timing,elapsed_us,431138,start_us,1692897450446892,stop_us,1692897450878030,-,RemoteResource::get_url() - source url: https://cmr.uat.earthdata.nasa.gov/search/granules.umm_json_v1_4?collection_concept_id=C1215802944-GES_DISC&granule_ur=M2T1NXSLV.5.12.4%3AMERRA2_400.tavg1_2d_slv_Nx.20210831.nc4
1692897450,1557,timing,elapsed_us,6,start_us,1692897450878302,stop_us,1692897450878308,[http-nio-8080-exec-5:33:ngap_request][bes_client:/-3],define d1 in default as ngapContainer; transmitting
1692897450,1557,timing,elapsed_us,7,start_us,1692897450878235,stop_us,1692897450878242,[http-nio-8080-exec-5:33:ngap_request][bes_client:/-3],set container in ngap values ngapContainer,collections/C1215802944-GES_DISC/granules/M2T1NXSLV.5.12.4:MERRA2_400.tavg1_2d_slv_Nx.20210831.nc4; transmitting
1692897453,1557,timing,elapsed_us,157,start_us,1692897453511506,stop_us,1692897453511663,-,BESInterface::execute_request
1692897453,1557,timing,elapsed_us,186,start_us,1692897453511501,stop_us,1692897453511687,-,BESServerHandler::execute
1692897453,1557,timing,elapsed_us,2625487,start_us,1692897450879003,stop_us,1692897453504490,-,RemoteResource::get_url() - source url: https://data.gesdisc.uat.earthdata.nasa.gov/data/MERRA2/M2T1NXSLV.5.12.4/2021/08/MERRA2_400.tavg1_2d_slv_Nx.20210831.nc4.dmrpp
1692897453,1557,timing,elapsed_us,2915,start_us,1692897453507479,stop_us,1692897453510394,[http-nio-8080-exec-5:33:ngap_request][bes_client:/-3],DmrppRequestHandler::dap_build_dds() - timer
1692897453,1557,timing,elapsed_us,3070464,start_us,1692897450440774,stop_us,1692897453511238,-,BESInterface::execute_request
1692897453,1557,timing,elapsed_us,3070595,start_us,1692897450440736,stop_us,1692897453511331,-,BESServerHandler::execute
1692897453,1557,timing,elapsed_us,5,start_us,1692897453511649,stop_us,1692897453511654,client: /-3:87,show status; transmitting
1692897453,1557,timing,elapsed_us,809,start_us,1692897453510417,stop_us,1692897453511226,[http-nio-8080-exec-5:33:ngap_request][bes_client:/-3],get ddx for d1 return as dap2; transmitting
1692899163,1557,timing,elapsed_us,234229,start_us,1692899163757940,stop_us,1692899163992169,-,RemoteResource::get_url() - source url: https://cmr.uat.earthdata.nasa.gov/search/granules.umm_json_v1_4?collection_concept_id=C1259239381-POCUMULUS&granule_ur=20230821130000-STAR-L3C_GHRSST-SSTsubskin-AHI_H09-ACSPO_V2.90-v02.0-fv01.0
1692899163,1557,timing,elapsed_us,7,start_us,1692899163992837,stop_us,1692899163992844,http-nio-8080-exec-8:36[bes_client:/-3],define d1 in default as ngapContainer; transmitting
1692899163,1557,timing,elapsed_us,8,start_us,1692899163992553,stop_us,1692899163992561,http-nio-8080-exec-8:36[bes_client:/-3],set container in ngap values ngapContainer,collections/C1259239381-POCUMULUS/granules/20230821130000-STAR-L3C_GHRSST-SSTsubskin-AHI_H09-ACSPO_V2.90-v02.0-fv01.0; transmitting
1692899166,1557,timing,elapsed_us,2278183,start_us,1692899163994147,stop_us,1692899166272330,-,RemoteResource::get_url() - source url: https://archive.podaac.sit.earthdata.nasa.gov/podaac-sit-cumulus-protected/H09-AHI-L3C-ACSPO-v2.90/20230821130000-STAR-L3C_GHRSST-SSTsubskin-AHI_H09-ACSPO_V2.90-v02.0-fv01.0.nc.dmrpp
1692899168,1557,timing,elapsed_us,166056,start_us,1692899168691806,stop_us,1692899168857862,-,DmrppArray::read_contiguous() -  name: time
1692899168,1557,timing,elapsed_us,2277648,start_us,1692899166274060,stop_us,1692899168551708,-,CurlUtils::retrieve_effective_url() -  Following Redirects Starting With: https://archive.podaac.sit.earthdata.nasa.gov/podaac-sit-cumulus-protected/H09-AHI-L3C-ACSPO-v2.90/20230821130000-STAR-L3C_GHRSST-SSTsubskin-AHI_H09-ACSPO_V2.90-v02.0-fv01.0.nc
1692899168,1557,timing,elapsed_us,2380137,start_us,1692899166273963,stop_us,1692899168654100,-,DmrppArray::read_contiguous() -  name: lat
1692899168,1557,timing,elapsed_us,27839,start_us,1692899168657395,stop_us,1692899168685234,-,DmrppArray::read_contiguous() -  name: lon
1692899169,1557,timing,elapsed_us,148221,start_us,1692899168858360,stop_us,1692899169006581,-,DmrppArray::read_super_chunks_unconstrained_concurrent() -  name: sses_standard_deviation
1692899193,1557,timing,elapsed_us,416263,start_us,1692899193232070,stop_us,1692899193648333,-,DmrppArray::read_super_chunks_unconstrained_concurrent() -  name: sst_dtime
1692899238,1557,timing,elapsed_us,142015,start_us,1692899238577802,stop_us,1692899238719817,-,DmrppArray::read_super_chunks_unconstrained_concurrent() -  name: sst_front_position
1692899260,1557,timing,elapsed_us,173154,start_us,1692899260258431,stop_us,1692899260431585,-,DmrppArray::read_super_chunks_unconstrained_concurrent() -  name: l2p_flags
1692899273,1557,timing,elapsed_us,299426,start_us,1692899273377743,stop_us,1692899273677169,-,DmrppArray::read_super_chunks_unconstrained_concurrent() -  name: sea_surface_temperature
1692899301,1557,timing,elapsed_us,110292,start_us,1692899301880370,stop_us,1692899301990662,-,DmrppArray::read_super_chunks_unconstrained_concurrent() -  name: quality_level
1692899321,1557,timing,elapsed_us,285023,start_us,1692899321640269,stop_us,1692899321925292,-,DmrppArray::read_super_chunks_unconstrained_concurrent() -  name: dt_analysis
1692899350,1557,timing,elapsed_us,242749,start_us,1692899350163063,stop_us,1692899350405812,-,DmrppArray::read_super_chunks_unconstrained_concurrent() -  name: satellite_zenith_angle
1692899378,1557,timing,elapsed_us,129662,start_us,1692899378694444,stop_us,1692899378824106,-,DmrppArray::read_super_chunks_unconstrained_concurrent() -  name: wind_speed
1692899401,1557,timing,elapsed_us,222597,start_us,1692899400923215,stop_us,1692899401145812,-,DmrppArray::read_super_chunks_unconstrained_concurrent() -  name: sst_gradient_magnitude
1692899430,1557,timing,elapsed_us,197344,start_us,1692899430742698,stop_us,1692899430940042,-,DmrppArray::read_super_chunks_unconstrained_concurrent() -  name: or_number_of_pixels
1692899442,1557,timing,elapsed_us,172855,start_us,1692899441892617,stop_us,1692899442065472,-,DmrppArray::read_super_chunks_unconstrained_concurrent() -  name: sses_bias
1692899463,1557,timing,elapsed_us,224,start_us,1692899463425223,stop_us,1692899463425447,-,BESInterface::execute_request
1692899463,1557,timing,elapsed_us,264,start_us,1692899463425218,stop_us,1692899463425482,-,BESServerHandler::execute
1692899463,1557,timing,elapsed_us,296989746,start_us,1692899166273886,stop_us,1692899463263632,http-nio-8080-exec-8:36[bes_client:/-3],get dap for d1 return as csv; transmitting
1692899463,1557,timing,elapsed_us,299514958,start_us,1692899163748738,stop_us,1692899463263696,-,BESInterface::execute_request
1692899463,1557,timing,elapsed_us,299676438,start_us,1692899163748705,stop_us,1692899463425143,-,BESServerHandler::execute
1692899463,1557,timing,elapsed_us,7,start_us,1692899463425432,stop_us,1692899463425439,client: /-3:89,show status; transmitting
1692899823,1557,timing,elapsed_us,4,start_us,1692899823220004,stop_us,1692899823220008,http-nio-8080-exec-6:34[bes_client:/-3],define d1 in default as ngapContainer; transmitting
1692899823,1557,timing,elapsed_us,693045,start_us,1692899822526405,stop_us,1692899823219450,-,RemoteResource::get_url() - source url: https://cmr.uat.earthdata.nasa.gov/search/granules.umm_json_v1_4?collection_concept_id=C1259239346-POCUMULUS&granule_ur=20230821140000-STAR-L2P_GHRSST-SSTsubskin-AHI_H09-ACSPO_V2.90-v02.0-fv01.0
1692899823,1557,timing,elapsed_us,7,start_us,1692899823219935,stop_us,1692899823219942,http-nio-8080-exec-6:34[bes_client:/-3],set container in ngap values ngapContainer,collections/C1259239346-POCUMULUS/granules/20230821140000-STAR-L2P_GHRSST-SSTsubskin-AHI_H09-ACSPO_V2.90-v02.0-fv01.0; transmitting
1692899825,1557,timing,elapsed_us,2514267,start_us,1692899823221324,stop_us,1692899825735591,-,RemoteResource::get_url() - source url: https://archive.podaac.sit.earthdata.nasa.gov/podaac-sit-cumulus-protected/H09-AHI-L2P-ACSPO-v2.90/20230821140000-STAR-L2P_GHRSST-SSTsubskin-AHI_H09-ACSPO_V2.90-v02.0-fv01.0.nc.dmrpp
1692899825,1557,timing,elapsed_us,9,start_us,1692899825736861,stop_us,1692899825736870,-,BESDapResponseBuilder::dap4_process_ce_for_intern_data() - Timer
1692899828,1557,timing,elapsed_us,131556,start_us,1692899828124222,stop_us,1692899828255778,-,DmrppArray::read_super_chunks_unconstrained_concurrent() -  name: brightness_temperature_11um2
1692899828,1557,timing,elapsed_us,17236,start_us,1692899828106584,stop_us,1692899828123820,-,DmrppArray::read_contiguous() -  name: ni
1692899828,1557,timing,elapsed_us,19724,start_us,1692899828086739,stop_us,1692899828106463,-,DmrppArray::read_contiguous() -  name: time
1692899828,1557,timing,elapsed_us,2276528,start_us,1692899825745166,stop_us,1692899828021694,-,CurlUtils::retrieve_effective_url() -  Following Redirects Starting With: https://archive.podaac.sit.earthdata.nasa.gov/podaac-sit-cumulus-protected/H09-AHI-L2P-ACSPO-v2.90/20230821140000-STAR-L2P_GHRSST-SSTsubskin-AHI_H09-ACSPO_V2.90-v02.0-fv01.0.nc
1692899828,1557,timing,elapsed_us,2341476,start_us,1692899825745048,stop_us,1692899828086524,-,DmrppArray::read_contiguous() -  name: nj
1692899829,1557,timing,elapsed_us,101540,start_us,1692899828951849,stop_us,1692899829053389,-,DmrppArray::read_super_chunks_unconstrained_concurrent() -  name: brightness_temperature_08um6
1692899829,1557,timing,elapsed_us,56282,start_us,1692899829751791,stop_us,1692899829808073,-,DmrppArray::read_super_chunks_unconstrained_concurrent() -  name: sst_dtime
1692899830,1557,timing,elapsed_us,31446,start_us,1692899830371759,stop_us,1692899830403205,-,DmrppArray::read_super_chunks_unconstrained_concurrent() -  name: sst_front_position
1692899830,1557,timing,elapsed_us,50845,start_us,1692899830575755,stop_us,1692899830626600,-,DmrppArray::read_super_chunks_unconstrained_concurrent() -  name: l2p_flags
1692899831,1557,timing,elapsed_us,107171,start_us,1692899831171102,stop_us,1692899831278273,-,DmrppArray::read_super_chunks_unconstrained_concurrent() -  name: sea_surface_temperature
1692899832,1557,timing,elapsed_us,100002,start_us,1692899832217071,stop_us,1692899832317073,-,DmrppArray::read_super_chunks_unconstrained_concurrent() -  name: dt_analysis
1692899832,1557,timing,elapsed_us,42798,start_us,1692899831971028,stop_us,1692899832013826,-,DmrppArray::read_super_chunks_unconstrained_concurrent() -  name: quality_level
1692899833,1557,timing,elapsed_us,109641,start_us,1692899833011800,stop_us,1692899833121441,-,DmrppArray::read_super_chunks_unconstrained_concurrent() -  name: brightness_temperature_12um3
1692899833,1557,timing,elapsed_us,113053,start_us,1692899833814901,stop_us,1692899833927954,-,DmrppArray::read_super_chunks_unconstrained_concurrent() -  name: satellite_zenith_angle
1692899834,1557,timing,elapsed_us,49073,start_us,1692899834634669,stop_us,1692899834683742,-,DmrppArray::read_super_chunks_unconstrained_concurrent() -  name: sst_gradient_magnitude
1692899835,1557,timing,elapsed_us,109094,start_us,1692899835547093,stop_us,1692899835656187,-,DmrppArray::read_super_chunks_unconstrained_concurrent() -  name: brightness_temperature_10um4
1692899835,1557,timing,elapsed_us,75794,start_us,1692899835209260,stop_us,1692899835285054,-,DmrppArray::read_super_chunks_unconstrained_concurrent() -  name: wind_speed
1692899836,1557,timing,elapsed_us,58904,start_us,1692899836687770,stop_us,1692899836746674,-,DmrppArray::read_super_chunks_unconstrained_concurrent() -  name: sses_standard_deviation
1692899836,1557,timing,elapsed_us,74878,start_us,1692899836350201,stop_us,1692899836425079,-,DmrppArray::read_super_chunks_unconstrained_concurrent() -  name: sses_bias
1692899840,1557,timing,elapsed_us,14786132,start_us,1692899825736799,stop_us,1692899840522931,http-nio-8080-exec-6:34[bes_client:/-3],get dap for d1 return as netcdf-4; transmitting
1692899840,1557,timing,elapsed_us,18006170,start_us,1692899822516799,stop_us,1692899840522969,-,BESInterface::execute_request
1692899840,1557,timing,elapsed_us,18006238,start_us,1692899822516760,stop_us,1692899840522998,-,BESServerHandler::execute
1692899840,1557,timing,elapsed_us,318,start_us,1692899840952581,stop_us,1692899840952899,-,BESInterface::execute_request
1692899840,1557,timing,elapsed_us,374,start_us,1692899840952567,stop_us,1692899840952941,-,BESServerHandler::execute
1692899840,1557,timing,elapsed_us,9,start_us,1692899840952874,stop_us,1692899840952883,client: /-3:91,show status; transmitting
1692900526,1557,timing,elapsed_us,321259,start_us,1692900526490114,stop_us,1692900526811373,-,RemoteResource::get_url() - source url: https://cmr.uat.earthdata.nasa.gov/search/granules.umm_json_v1_4?collection_concept_id=C1259239346-POCUMULUS&granule_ur=20230821140000-STAR-L2P_GHRSST-SSTsubskin-AHI_H09-ACSPO_V2.90-v02.0-fv01.0
1692900526,1557,timing,elapsed_us,5,start_us,1692900526811829,stop_us,1692900526811834,http-nio-8080-exec-9:37[bes_client:/-3],define d1 in default as ngapContainer; transmitting
1692900526,1557,timing,elapsed_us,7,start_us,1692900526811756,stop_us,1692900526811763,http-nio-8080-exec-9:37[bes_client:/-3],set container in ngap values ngapContainer,collections/C1259239346-POCUMULUS/granules/20230821140000-STAR-L2P_GHRSST-SSTsubskin-AHI_H09-ACSPO_V2.90-v02.0-fv01.0; transmitting
1692900529,1557,timing,elapsed_us,130,start_us,1692900529558364,stop_us,1692900529558494,-,BESServerHandler::execute
1692900529,1557,timing,elapsed_us,244,start_us,1692900529553257,stop_us,1692900529553501,http-nio-8080-exec-9:37[bes_client:/-3],get dap for d1 return as netcdf; transmitting
1692900529,1557,timing,elapsed_us,2738889,start_us,1692900526813188,stop_us,1692900529552077,-,RemoteResource::get_url() - source url: https://archive.podaac.sit.earthdata.nasa.gov/podaac-sit-cumulus-protected/H09-AHI-L2P-ACSPO-v2.90/20230821140000-STAR-L2P_GHRSST-SSTsubskin-AHI_H09-ACSPO_V2.90-v02.0-fv01.0.nc.dmrpp
1692900529,1557,timing,elapsed_us,3072847,start_us,1692900526480761,stop_us,1692900529553608,-,BESInterface::execute_request
1692900529,1557,timing,elapsed_us,3072940,start_us,1692900526480725,stop_us,1692900529553665,-,BESServerHandler::execute
1692900529,1557,timing,elapsed_us,8,start_us,1692900529558443,stop_us,1692900529558451,client: /-3:93,show status; transmitting
1692900529,1557,timing,elapsed_us,9,start_us,1692900529553320,stop_us,1692900529553329,-,BESDapResponseBuilder::dap4_process_ce_for_intern_data() - Timer
1692900529,1557,timing,elapsed_us,93,start_us,1692900529558372,stop_us,1692900529558465,-,BESInterface::execute_request
1692903078,1557,timing,elapsed_us,212920,start_us,1692903078689265,stop_us,1692903078902185,-,RemoteResource::get_url() - source url: https://cmr.uat.earthdata.nasa.gov/search/granules.umm_json_v1_4?collection_concept_id=C1241426872-NSIDC_CUAT&granule_ur=ATL06_20200101223747_00950603_005_01.h5
1692903078,1557,timing,elapsed_us,7,start_us,1692903078902437,stop_us,1692903078902444,http-nio-8080-exec-8:36[bes_client:/-3],set container in ngap values ngapContainer,collections/C1241426872-NSIDC_CUAT/granules/ATL06_20200101223747_00950603_005_01.h5; transmitting
1692903078,1557,timing,elapsed_us,8,start_us,1692903078902518,stop_us,1692903078902526,http-nio-8080-exec-8:36[bes_client:/-3],define d1 in default as ngapContainer with ngapContainer.dap4constraint="/orbit_info_rgt;/orbit_info_crossing_time;/gt3r_land_ice_segments_latitude[0:256:];/gt3r_land_ice_segments_longitude[0:256:];/gt3r_land_ice_segments_delta_time[0:256:];/gt3l_land_ice_segments_latitude[0:256:];/gt3l_land_ice_segments_longitude[0:256:];/gt3l_land_ice_segments_delta_time[0:256:];/gt2r_land_ice_segments_latitude[0:256:];/gt2r_land_ice_segments_longitude[0:256:];/gt2r_land_ice_segments_delta_time[0:256:];/gt2l_land_ice_segments_latitude[0:256:];/gt2l_land_ice_segments_longitude[0:256:];/gt2l_land_ice_segments_delta_time[0:256:];/gt1r_land_ice_segments_latitude[0:256:];/gt1r_land_ice_segments_longitude[0:256:];/gt1r_land_ice_segments_delta_time[0:256:];/gt1l_land_ice_segments_latitude[0:256:];/gt1l_land_ice_segments_longitude[0:256:];/gt1l_land_ice_segments_delta_time[0:256:]"; transmitting
1692903081,1557,timing,elapsed_us,2289862,start_us,1692903078903390,stop_us,1692903081193252,-,RemoteResource::get_url() - source url: https://data.nsidc.uat.earthdatacloud.nasa.gov/nsidc-cumulus-uat-protected/ATLAS/ATL06/005/2020/01/01/ATL06_20200101223747_00950603_005_01.h5.dmrpp
1692903083,1557,timing,elapsed_us,102221,start_us,1692903083894243,stop_us,1692903083996464,-,DmrppArray::read_super_chunks_concurrent() -  name: gt1r_land_ice_segments_latitude
1692903083,1557,timing,elapsed_us,2289268,start_us,1692903081204273,stop_us,1692903083493541,-,CurlUtils::retrieve_effective_url() -  Following Redirects Starting With: https://data.nsidc.uat.earthdatacloud.nasa.gov/nsidc-cumulus-uat-protected/ATLAS/ATL06/005/2020/01/01/ATL06_20200101223747_00950603_005_01.h5
1692903083,1557,timing,elapsed_us,2375651,start_us,1692903081204223,stop_us,1692903083579874,-,DmrppArray::read_contiguous() -  name: orbit_info_rgt
1692903083,1557,timing,elapsed_us,313634,start_us,1692903083580233,stop_us,1692903083893867,-,DmrppArray::read_super_chunks_concurrent() -  name: gt1r_land_ice_segments_longitude
1692903084,1557,timing,elapsed_us,130637,start_us,1692903084375355,stop_us,1692903084505992,-,DmrppArray::read_super_chunks_concurrent() -  name: gt2l_land_ice_segments_latitude
1692903084,1557,timing,elapsed_us,134149,start_us,1692903084691988,stop_us,1692903084826137,-,DmrppArray::read_super_chunks_concurrent() -  name: gt3r_land_ice_segments_latitude
1692903084,1557,timing,elapsed_us,185491,start_us,1692903084506252,stop_us,1692903084691743,-,DmrppArray::read_super_chunks_concurrent() -  name: gt3r_land_ice_segments_longitude
1692903084,1557,timing,elapsed_us,18930,start_us,1692903084295713,stop_us,1692903084314643,-,DmrppArray::read_super_chunks_concurrent() -  name: gt3l_land_ice_segments_latitude
1692903084,1557,timing,elapsed_us,27674,start_us,1692903084969010,stop_us,1692903084996684,-,DmrppArray::read_super_chunks_concurrent() -  name: gt2l_land_ice_segments_delta_time
1692903084,1557,timing,elapsed_us,30097,start_us,1692903084265300,stop_us,1692903084295397,-,DmrppArray::read_super_chunks_concurrent() -  name: gt3l_land_ice_segments_longitude
1692903084,1557,timing,elapsed_us,44940,start_us,1692903084219994,stop_us,1692903084264934,-,DmrppArray::read_super_chunks_concurrent() -  name: gt1l_land_ice_segments_latitude
1692903084,1557,timing,elapsed_us,59216,start_us,1692903084909502,stop_us,1692903084968718,-,DmrppArray::read_super_chunks_concurrent() -  name: gt1r_land_ice_segments_delta_time
1692903084,1557,timing,elapsed_us,60020,start_us,1692903084314935,stop_us,1692903084374955,-,DmrppArray::read_super_chunks_concurrent() -  name: gt2l_land_ice_segments_longitude
1692903084,1557,timing,elapsed_us,71763,start_us,1692903084070615,stop_us,1692903084142378,-,DmrppArray::read_super_chunks_concurrent() -  name: gt2r_land_ice_segments_latitude
1692903084,1557,timing,elapsed_us,73145,start_us,1692903083997065,stop_us,1692903084070210,-,DmrppArray::read_super_chunks_concurrent() -  name: gt2r_land_ice_segments_longitude
1692903084,1557,timing,elapsed_us,76523,start_us,1692903084142928,stop_us,1692903084219451,-,DmrppArray::read_super_chunks_concurrent() -  name: gt1l_land_ice_segments_longitude
1692903084,1557,timing,elapsed_us,82776,start_us,1692903084826435,stop_us,1692903084909211,-,DmrppArray::read_super_chunks_concurrent() -  name: gt1l_land_ice_segments_delta_time
1692903085,1557,timing,elapsed_us,199,start_us,1692903085093771,stop_us,1692903085093970,-,BESInterface::execute_request
1692903085,1557,timing,elapsed_us,20913,start_us,1692903085043786,stop_us,1692903085064699,-,DmrppArray::read_super_chunks_concurrent() -  name: gt3r_land_ice_segments_delta_time
1692903085,1557,timing,elapsed_us,21468,start_us,1692903085022009,stop_us,1692903085043477,-,DmrppArray::read_super_chunks_concurrent() -  name: gt3l_land_ice_segments_delta_time
1692903085,1557,timing,elapsed_us,231,start_us,1692903085093766,stop_us,1692903085093997,-,BESServerHandler::execute
1692903085,1557,timing,elapsed_us,24801,start_us,1692903084996914,stop_us,1692903085021715,-,DmrppArray::read_super_chunks_concurrent() -  name: gt2r_land_ice_segments_delta_time
1692903085,1557,timing,elapsed_us,27184,start_us,1692903085064805,stop_us,1692903085091989,-,DmrppArray::read_contiguous() -  name: orbit_info_crossing_time
1692903085,1557,timing,elapsed_us,3889455,start_us,1692903081202756,stop_us,1692903085092211,-,BESDapResponseBuilder::serialize_dap4_data() - Timer
1692903085,1557,timing,elapsed_us,3889813,start_us,1692903081202411,stop_us,1692903085092224,http-nio-8080-exec-8:36[bes_client:/-3],get dap for d1 return as dap2; transmitting
1692903085,1557,timing,elapsed_us,6407480,start_us,1692903078684755,stop_us,1692903085092235,-,BESInterface::execute_request
1692903085,1557,timing,elapsed_us,6409021,start_us,1692903078684717,stop_us,1692903085093738,-,BESServerHandler::execute
1692903085,1557,timing,elapsed_us,7,start_us,1692903085093956,stop_us,1692903085093963,client: /-3:95,show status; transmitting
1692903129,1557,timing,elapsed_us,195465,start_us,1692903129697990,stop_us,1692903129893455,-,RemoteResource::get_url() - source url: https://cmr.uat.earthdata.nasa.gov/search/granules.umm_json_v1_4?collection_concept_id=C1241426872-NSIDC_CUAT&granule_ur=ATL06_20200101223747_00950603_005_01.h5
1692903129,1557,timing,elapsed_us,7,start_us,1692903129893940,stop_us,1692903129893947,http-nio-8080-exec-10:38[bes_client:/-3],set container in ngap values ngapContainer,collections/C1241426872-NSIDC_CUAT/granules/ATL06_20200101223747_00950603_005_01.h5; transmitting
1692903129,1557,timing,elapsed_us,8,start_us,1692903129894153,stop_us,1692903129894161,http-nio-8080-exec-10:38[bes_client:/-3],define d1 in default as ngapContainer with ngapContainer.dap4constraint="/orbit_info_rgt;/orbit_info_crossing_time;/gt3r_land_ice_segments_latitude[0:256:];/gt3r_land_ice_segments_longitude[0:256:];/gt3r_land_ice_segments_delta_time[0:256:];/gt3l_land_ice_segments_latitude[0:256:];/gt3l_land_ice_segments_longitude[0:256:];/gt3l_land_ice_segments_delta_time[0:256:];/gt2r_land_ice_segments_latitude[0:256:];/gt2r_land_ice_segments_longitude[0:256:];/gt2r_land_ice_segments_delta_time[0:256:];/gt2l_land_ice_segments_latitude[0:256:];/gt2l_land_ice_segments_longitude[0:256:];/gt2l_land_ice_segments_delta_time[0:256:];/gt1r_land_ice_segments_latitude[0:256:];/gt1r_land_ice_segments_longitude[0:256:];/gt1r_land_ice_segments_delta_time[0:256:];/gt1l_land_ice_segments_latitude[0:256:];/gt1l_land_ice_segments_longitude[0:256:];/gt1l_land_ice_segments_delta_time[0:256:]"; transmitting
1692903132,1557,timing,elapsed_us,18019,start_us,1692903132967307,stop_us,1692903132985326,-,DmrppArray::read_contiguous() -  name: orbit_info_crossing_time
1692903132,1557,timing,elapsed_us,183,start_us,1692903132986752,stop_us,1692903132986935,-,BESInterface::execute_request
1692903132,1557,timing,elapsed_us,20942,start_us,1692903132475880,stop_us,1692903132496822,-,DmrppArray::read_super_chunks_concurrent() -  name: gt1l_land_ice_segments_latitude
1692903132,1557,timing,elapsed_us,21091,start_us,1692903132920129,stop_us,1692903132941220,-,DmrppArray::read_super_chunks_concurrent() -  name: gt3l_land_ice_segments_delta_time
1692903132,1557,timing,elapsed_us,211,start_us,1692903132986748,stop_us,1692903132986959,-,BESServerHandler::execute
1692903132,1557,timing,elapsed_us,21346,start_us,1692903132454289,stop_us,1692903132475635,-,DmrppArray::read_super_chunks_concurrent() -  name: gt1l_land_ice_segments_longitude
1692903132,1557,timing,elapsed_us,21693,start_us,1692903132898158,stop_us,1692903132919851,-,DmrppArray::read_super_chunks_concurrent() -  name: gt2r_land_ice_segments_delta_time
1692903132,1557,timing,elapsed_us,21714,start_us,1692903132740971,stop_us,1692903132762685,-,DmrppArray::read_super_chunks_concurrent() -  name: gt3r_land_ice_segments_latitude
1692903132,1557,timing,elapsed_us,21743,start_us,1692903132497085,stop_us,1692903132518828,-,DmrppArray::read_super_chunks_concurrent() -  name: gt3l_land_ice_segments_longitude
1692903132,1557,timing,elapsed_us,22177,start_us,1692903132431824,stop_us,1692903132454001,-,DmrppArray::read_super_chunks_concurrent() -  name: gt2r_land_ice_segments_latitude
1692903132,1557,timing,elapsed_us,2270356,start_us,1692903129895021,stop_us,1692903132165377,-,RemoteResource::get_url() - source url: https://data.nsidc.uat.earthdatacloud.nasa.gov/nsidc-cumulus-uat-protected/ATLAS/ATL06/005/2020/01/01/ATL06_20200101223747_00950603_005_01.h5.dmrpp
1692903132,1557,timing,elapsed_us,25714,start_us,1692903132941453,stop_us,1692903132967167,-,DmrppArray::read_super_chunks_concurrent() -  name: gt3r_land_ice_segments_delta_time
1692903132,1557,timing,elapsed_us,3292742,start_us,1692903129692775,stop_us,1692903132985517,-,BESInterface::execute_request
1692903132,1557,timing,elapsed_us,3293991,start_us,1692903129692739,stop_us,1692903132986730,-,BESServerHandler::execute
1692903132,1557,timing,elapsed_us,33560,start_us,1692903132672285,stop_us,1692903132705845,-,DmrppArray::read_super_chunks_concurrent() -  name: gt2l_land_ice_segments_latitude
1692903132,1557,timing,elapsed_us,34571,start_us,1692903132706119,stop_us,1692903132740690,-,DmrppArray::read_super_chunks_concurrent() -  name: gt3r_land_ice_segments_longitude
1692903132,1557,timing,elapsed_us,34612,start_us,1692903132396627,stop_us,1692903132431239,-,DmrppArray::read_super_chunks_concurrent() -  name: gt2r_land_ice_segments_longitude
1692903132,1557,timing,elapsed_us,35299,start_us,1692903132762933,stop_us,1692903132798232,-,DmrppArray::read_super_chunks_concurrent() -  name: gt1l_land_ice_segments_delta_time
1692903132,1557,timing,elapsed_us,39159,start_us,1692903132858719,stop_us,1692903132897878,-,DmrppArray::read_super_chunks_concurrent() -  name: gt2l_land_ice_segments_delta_time
1692903132,1557,timing,elapsed_us,50191,start_us,1692903132346125,stop_us,1692903132396316,-,DmrppArray::read_super_chunks_concurrent() -  name: gt1r_land_ice_segments_latitude
1692903132,1557,timing,elapsed_us,59928,start_us,1692903132798511,stop_us,1692903132858439,-,DmrppArray::read_super_chunks_concurrent() -  name: gt1r_land_ice_segments_delta_time
1692903132,1557,timing,elapsed_us,62947,start_us,1692903132519044,stop_us,1692903132581991,-,DmrppArray::read_super_chunks_concurrent() -  name: gt3l_land_ice_segments_latitude
1692903132,1557,timing,elapsed_us,7,start_us,1692903132986921,stop_us,1692903132986928,client: /-3:97,show status; transmitting
1692903132,1557,timing,elapsed_us,75163,start_us,1692903132176543,stop_us,1692903132251706,-,DmrppArray::read_contiguous() -  name: orbit_info_rgt
1692903132,1557,timing,elapsed_us,810393,start_us,1692903132175097,stop_us,1692903132985490,-,BESDapResponseBuilder::serialize_dap4_data() - Timer
1692903132,1557,timing,elapsed_us,810753,start_us,1692903132174754,stop_us,1692903132985507,http-nio-8080-exec-10:38[bes_client:/-3],get dap for d1 return as dap2; transmitting
1692903132,1557,timing,elapsed_us,89756,start_us,1692903132582275,stop_us,1692903132672031,-,DmrppArray::read_super_chunks_concurrent() -  name: gt2l_land_ice_segments_longitude
1692903132,1557,timing,elapsed_us,93763,start_us,1692903132252058,stop_us,1692903132345821,-,DmrppArray::read_super_chunks_concurrent() -  name: gt1r_land_ice_segments_longitude
1692903180,1557,timing,elapsed_us,219771,start_us,1692903180142098,stop_us,1692903180361869,-,RemoteResource::get_url() - source url: https://cmr.uat.earthdata.nasa.gov/search/granules.umm_json_v1_4?collection_concept_id=C1241426887-NSIDC_CUAT&granule_ur=ATL07-01_20200101015629_00820601_005_01.h5
1692903180,1557,timing,elapsed_us,8,start_us,1692903180362360,stop_us,1692903180362368,http-nio-8080-exec-9:37[bes_client:/-3],set container in ngap values ngapContainer,collections/C1241426887-NSIDC_CUAT/granules/ATL07-01_20200101015629_00820601_005_01.h5; transmitting
1692903180,1557,timing,elapsed_us,9,start_us,1692903180362573,stop_us,1692903180362582,http-nio-8080-exec-9:37[bes_client:/-3],define d1 in default as ngapContainer with ngapContainer.dap4constraint="/orbit_info_rgt;/orbit_info_crossing_time;/gt3r_sea_ice_segments_latitude[0:1024:];/gt3r_sea_ice_segments_longitude[0:1024:];/gt3r_sea_ice_segments_delta_time[0:1024:];/gt3l_sea_ice_segments_latitude[0:1024:];/gt3l_sea_ice_segments_longitude[0:1024:];/gt3l_sea_ice_segments_delta_time[0:1024:];/gt2r_sea_ice_segments_latitude[0:1024:];/gt2r_sea_ice_segments_longitude[0:1024:];/gt2r_sea_ice_segments_delta_time[0:1024:];/gt2l_sea_ice_segments_latitude[0:1024:];/gt2l_sea_ice_segments_longitude[0:1024:];/gt2l_sea_ice_segments_delta_time[0:1024:];/gt1r_sea_ice_segments_latitude[0:1024:];/gt1r_sea_ice_segments_longitude[0:1024:];/gt1r_sea_ice_segments_delta_time[0:1024:];/gt1l_sea_ice_segments_latitude[0:1024:];/gt1l_sea_ice_segments_longitude[0:1024:];/gt1l_sea_ice_segments_delta_time[0:1024:]"; transmitting
1692903182,1557,timing,elapsed_us,2463206,start_us,1692903180363484,stop_us,1692903182826690,-,RemoteResource::get_url() - source url: https://data.nsidc.uat.earthdatacloud.nasa.gov/nsidc-cumulus-uat-protected/ATLAS/ATL07/005/2020/01/01/ATL07-01_20200101015629_00820601_005_01.h5.dmrpp
1692903185,1557,timing,elapsed_us,199480,start_us,1692903185277827,stop_us,1692903185477307,-,DmrppArray::read_super_chunks_concurrent() -  name: gt1r_sea_ice_segments_longitude
1692903185,1557,timing,elapsed_us,215143,start_us,1692903185478756,stop_us,1692903185693899,-,DmrppArray::read_super_chunks_concurrent() -  name: gt1r_sea_ice_segments_latitude
1692903185,1557,timing,elapsed_us,2302024,start_us,1692903182841864,stop_us,1692903185143888,-,CurlUtils::retrieve_effective_url() -  Following Redirects Starting With: https://data.nsidc.uat.earthdatacloud.nasa.gov/nsidc-cumulus-uat-protected/ATLAS/ATL07/005/2020/01/01/ATL07-01_20200101015629_00820601_005_01.h5
1692903185,1557,timing,elapsed_us,2434776,start_us,1692903182841811,stop_us,1692903185276587,-,DmrppArray::read_contiguous() -  name: orbit_info_rgt
1692903185,1557,timing,elapsed_us,63879,start_us,1692903185695000,stop_us,1692903185758879,-,DmrppArray::read_super_chunks_concurrent() -  name: gt2r_sea_ice_segments_longitude
1692903185,1557,timing,elapsed_us,65395,start_us,1692903185841168,stop_us,1692903185906563,-,DmrppArray::read_super_chunks_concurrent() -  name: gt1l_sea_ice_segments_longitude
1692903185,1557,timing,elapsed_us,80043,start_us,1692903185759954,stop_us,1692903185839997,-,DmrppArray::read_super_chunks_concurrent() -  name: gt2r_sea_ice_segments_latitude
1692903185,1557,timing,elapsed_us,86461,start_us,1692903185907614,stop_us,1692903185994075,-,DmrppArray::read_super_chunks_concurrent() -  name: gt1l_sea_ice_segments_latitude
1692903186,1557,timing,elapsed_us,126542,start_us,1692903186780350,stop_us,1692903186906892,-,DmrppArray::read_super_chunks_concurrent() -  name: gt1r_sea_ice_segments_delta_time
1692903186,1557,timing,elapsed_us,130441,start_us,1692903186157871,stop_us,1692903186288312,-,DmrppArray::read_super_chunks_concurrent() -  name: gt2l_sea_ice_segments_longitude
1692903186,1557,timing,elapsed_us,134811,start_us,1692903186289261,stop_us,1692903186424072,-,DmrppArray::read_super_chunks_concurrent() -  name: gt2l_sea_ice_segments_latitude
1692903186,1557,timing,elapsed_us,203874,start_us,1692903186575304,stop_us,1692903186779178,-,DmrppArray::read_super_chunks_concurrent() -  name: gt1l_sea_ice_segments_delta_time
1692903186,1557,timing,elapsed_us,60421,start_us,1692903186513749,stop_us,1692903186574170,-,DmrppArray::read_super_chunks_concurrent() -  name: gt3r_sea_ice_segments_latitude
1692903186,1557,timing,elapsed_us,66899,start_us,1692903185995076,stop_us,1692903186061975,-,DmrppArray::read_super_chunks_concurrent() -  name: gt3l_sea_ice_segments_longitude
1692903186,1557,timing,elapsed_us,82428,start_us,1692903186908024,stop_us,1692903186990452,-,DmrppArray::read_super_chunks_concurrent() -  name: gt2l_sea_ice_segments_delta_time
1692903186,1557,timing,elapsed_us,87335,start_us,1692903186425310,stop_us,1692903186512645,-,DmrppArray::read_super_chunks_concurrent() -  name: gt3r_sea_ice_segments_longitude
1692903186,1557,timing,elapsed_us,93879,start_us,1692903186063118,stop_us,1692903186156997,-,DmrppArray::read_super_chunks_concurrent() -  name: gt3l_sea_ice_segments_latitude
1692903187,1557,timing,elapsed_us,186,start_us,1692903187251685,stop_us,1692903187251871,-,BESInterface::execute_request
1692903187,1557,timing,elapsed_us,216,start_us,1692903187251681,stop_us,1692903187251897,-,BESServerHandler::execute
1692903187,1557,timing,elapsed_us,27234,start_us,1692903187222449,stop_us,1692903187249683,-,DmrppArray::read_contiguous() -  name: orbit_info_crossing_time
1692903187,1557,timing,elapsed_us,4409506,start_us,1692903182840449,stop_us,1692903187249955,-,BESDapResponseBuilder::serialize_dap4_data() - Timer
1692903187,1557,timing,elapsed_us,4409900,start_us,1692903182840083,stop_us,1692903187249983,http-nio-8080-exec-9:37[bes_client:/-3],get dap for d1 return as dap2; transmitting
1692903187,1557,timing,elapsed_us,6,start_us,1692903187251858,stop_us,1692903187251864,client: /-3:99,show status; transmitting
1692903187,1557,timing,elapsed_us,60777,start_us,1692903186991438,stop_us,1692903187052215,-,DmrppArray::read_super_chunks_concurrent() -  name: gt2r_sea_ice_segments_delta_time
1692903187,1557,timing,elapsed_us,7113310,start_us,1692903180136694,stop_us,1692903187250004,-,BESInterface::execute_request
1692903187,1557,timing,elapsed_us,7114988,start_us,1692903180136671,stop_us,1692903187251659,-,BESServerHandler::execute
1692903187,1557,timing,elapsed_us,82144,start_us,1692903187053394,stop_us,1692903187135538,-,DmrppArray::read_super_chunks_concurrent() -  name: gt3l_sea_ice_segments_delta_time
1692903187,1557,timing,elapsed_us,85627,start_us,1692903187136684,stop_us,1692903187222311,-,DmrppArray::read_super_chunks_concurrent() -  name: gt3r_sea_ice_segments_delta_time
1692903215,1557,timing,elapsed_us,219037,start_us,1692903215369249,stop_us,1692903215588286,-,RemoteResource::get_url() - source url: https://cmr.uat.earthdata.nasa.gov/search/granules.umm_json_v1_4?collection_concept_id=C1241426887-NSIDC_CUAT&granule_ur=ATL07-01_20200101015629_00820601_005_01.h5
1692903215,1557,timing,elapsed_us,8,start_us,1692903215588798,stop_us,1692903215588806,http-nio-8080-exec-3:31[bes_client:/-3],set container in ngap values ngapContainer,collections/C1241426887-NSIDC_CUAT/granules/ATL07-01_20200101015629_00820601_005_01.h5; transmitting
1692903215,1557,timing,elapsed_us,8,start_us,1692903215589179,stop_us,1692903215589187,http-nio-8080-exec-3:31[bes_client:/-3],define d1 in default as ngapContainer with ngapContainer.dap4constraint="/orbit_info_rgt;/orbit_info_crossing_time;/gt3r_sea_ice_segments_latitude[0:1024:];/gt3r_sea_ice_segments_longitude[0:1024:];/gt3r_sea_ice_segments_delta_time[0:1024:];/gt3l_sea_ice_segments_latitude[0:1024:];/gt3l_sea_ice_segments_longitude[0:1024:];/gt3l_sea_ice_segments_delta_time[0:1024:];/gt2r_sea_ice_segments_latitude[0:1024:];/gt2r_sea_ice_segments_longitude[0:1024:];/gt2r_sea_ice_segments_delta_time[0:1024:];/gt2l_sea_ice_segments_latitude[0:1024:];/gt2l_sea_ice_segments_longitude[0:1024:];/gt2l_sea_ice_segments_delta_time[0:1024:];/gt1r_sea_ice_segments_latitude[0:1024:];/gt1r_sea_ice_segments_longitude[0:1024:];/gt1r_sea_ice_segments_delta_time[0:1024:];/gt1l_sea_ice_segments_latitude[0:1024:];/gt1l_sea_ice_segments_longitude[0:1024:];/gt1l_sea_ice_segments_delta_time[0:1024:]"; transmitting
1692903217,1557,timing,elapsed_us,2275457,start_us,1692903215590075,stop_us,1692903217865532,-,RemoteResource::get_url() - source url: https://data.nsidc.uat.earthdatacloud.nasa.gov/nsidc-cumulus-uat-protected/ATLAS/ATL07/005/2020/01/01/ATL07-01_20200101015629_00820601_005_01.h5.dmrpp
1692903217,1557,timing,elapsed_us,76187,start_us,1692903217884077,stop_us,1692903217960264,-,DmrppArray::read_contiguous() -  name: orbit_info_rgt
1692903218,1557,timing,elapsed_us,114736,start_us,1692903218185770,stop_us,1692903218300506,-,DmrppArray::read_super_chunks_concurrent() -  name: gt1r_sea_ice_segments_latitude
1692903218,1557,timing,elapsed_us,116672,start_us,1692903218443956,stop_us,1692903218560628,-,DmrppArray::read_super_chunks_concurrent() -  name: gt1l_sea_ice_segments_longitude
1692903218,1557,timing,elapsed_us,165787,start_us,1692903218561700,stop_us,1692903218727487,-,DmrppArray::read_super_chunks_concurrent() -  name: gt1l_sea_ice_segments_latitude
1692903218,1557,timing,elapsed_us,222749,start_us,1692903217961819,stop_us,1692903218184568,-,DmrppArray::read_super_chunks_concurrent() -  name: gt1r_sea_ice_segments_longitude
1692903218,1557,timing,elapsed_us,38931,start_us,1692903218912136,stop_us,1692903218951067,-,DmrppArray::read_super_chunks_concurrent() -  name: gt2l_sea_ice_segments_latitude
1692903218,1557,timing,elapsed_us,42343,start_us,1692903218868685,stop_us,1692903218911028,-,DmrppArray::read_super_chunks_concurrent() -  name: gt2l_sea_ice_segments_longitude
1692903218,1557,timing,elapsed_us,57870,start_us,1692903218301556,stop_us,1692903218359426,-,DmrppArray::read_super_chunks_concurrent() -  name: gt2r_sea_ice_segments_longitude
1692903218,1557,timing,elapsed_us,67311,start_us,1692903218800451,stop_us,1692903218867762,-,DmrppArray::read_super_chunks_concurrent() -  name: gt3l_sea_ice_segments_latitude
1692903218,1557,timing,elapsed_us,70824,start_us,1692903218728487,stop_us,1692903218799311,-,DmrppArray::read_super_chunks_concurrent() -  name: gt3l_sea_ice_segments_longitude
1692903218,1557,timing,elapsed_us,82504,start_us,1692903218360426,stop_us,1692903218442930,-,DmrppArray::read_super_chunks_concurrent() -  name: gt2r_sea_ice_segments_latitude
1692903219,1557,timing,elapsed_us,100459,start_us,1692903219182670,stop_us,1692903219283129,-,DmrppArray::read_super_chunks_concurrent() -  name: gt1l_sea_ice_segments_delta_time
1692903219,1557,timing,elapsed_us,108568,start_us,1692903219642853,stop_us,1692903219751421,-,DmrppArray::read_super_chunks_concurrent() -  name: gt3r_sea_ice_segments_delta_time
1692903219,1557,timing,elapsed_us,123546,start_us,1692903219442456,stop_us,1692903219566002,-,DmrppArray::read_super_chunks_concurrent() -  name: gt2r_sea_ice_segments_delta_time
1692903219,1557,timing,elapsed_us,160874,start_us,1692903219020689,stop_us,1692903219181563,-,DmrppArray::read_super_chunks_concurrent() -  name: gt3r_sea_ice_segments_latitude
1692903219,1557,timing,elapsed_us,1893652,start_us,1692903217882768,stop_us,1692903219776420,-,BESDapResponseBuilder::serialize_dap4_data() - Timer
1692903219,1557,timing,elapsed_us,1894043,start_us,1692903217882400,stop_us,1692903219776443,http-nio-8080-exec-3:31[bes_client:/-3],get dap for d1 return as dap2; transmitting
1692903219,1557,timing,elapsed_us,210,start_us,1692903219778418,stop_us,1692903219778628,-,BESInterface::execute_request
1692903219,1557,timing,elapsed_us,239,start_us,1692903219778414,stop_us,1692903219778653,-,BESServerHandler::execute
1692903219,1557,timing,elapsed_us,24665,start_us,1692903219751563,stop_us,1692903219776228,-,DmrppArray::read_contiguous() -  name: orbit_info_crossing_time
1692903219,1557,timing,elapsed_us,4411713,start_us,1692903215364746,stop_us,1692903219776459,-,BESInterface::execute_request
1692903219,1557,timing,elapsed_us,4413673,start_us,1692903215364716,stop_us,1692903219778389,-,BESServerHandler::execute
1692903219,1557,timing,elapsed_us,6,start_us,1692903219778614,stop_us,1692903219778620,client: /-3:101,show status; transmitting
1692903219,1557,timing,elapsed_us,61559,start_us,1692903219379875,stop_us,1692903219441434,-,DmrppArray::read_super_chunks_concurrent() -  name: gt2l_sea_ice_segments_delta_time
1692903219,1557,timing,elapsed_us,67360,start_us,1692903218952121,stop_us,1692903219019481,-,DmrppArray::read_super_chunks_concurrent() -  name: gt3r_sea_ice_segments_longitude
1692903219,1557,timing,elapsed_us,74731,start_us,1692903219567028,stop_us,1692903219641759,-,DmrppArray::read_super_chunks_concurrent() -  name: gt3l_sea_ice_segments_delta_time
1692903219,1557,timing,elapsed_us,94713,start_us,1692903219284240,stop_us,1692903219378953,-,DmrppArray::read_super_chunks_concurrent() -  name: gt1r_sea_ice_segments_delta_time
1692903263,1557,timing,elapsed_us,239788,start_us,1692903263369376,stop_us,1692903263609164,-,RemoteResource::get_url() - source url: https://cmr.uat.earthdata.nasa.gov/search/granules.umm_json_v1_4?collection_concept_id=C1241426887-NSIDC_CUAT&granule_ur=ATL07-01_20200101015629_00820601_005_01.h5
1692903263,1557,timing,elapsed_us,7,start_us,1692903263609649,stop_us,1692903263609656,http-nio-8080-exec-5:33[bes_client:/-3],set container in ngap values ngapContainer,collections/C1241426887-NSIDC_CUAT/granules/ATL07-01_20200101015629_00820601_005_01.h5; transmitting
1692903263,1557,timing,elapsed_us,8,start_us,1692903263609991,stop_us,1692903263609999,http-nio-8080-exec-5:33[bes_client:/-3],define d1 in default as ngapContainer with ngapContainer.dap4constraint="/orbit_info_rgt;/orbit_info_crossing_time;/gt3r_sea_ice_segments_latitude[0:1024:];/gt3r_sea_ice_segments_longitude[0:1024:];/gt3r_sea_ice_segments_delta_time[0:1024:];/gt3l_sea_ice_segments_latitude[0:1024:];/gt3l_sea_ice_segments_longitude[0:1024:];/gt3l_sea_ice_segments_delta_time[0:1024:];/gt2r_sea_ice_segments_latitude[0:1024:];/gt2r_sea_ice_segments_longitude[0:1024:];/gt2r_sea_ice_segments_delta_time[0:1024:];/gt2l_sea_ice_segments_latitude[0:1024:];/gt2l_sea_ice_segments_longitude[0:1024:];/gt2l_sea_ice_segments_delta_time[0:1024:];/gt1r_sea_ice_segments_latitude[0:1024:];/gt1r_sea_ice_segments_longitude[0:1024:];/gt1r_sea_ice_segments_delta_time[0:1024:];/gt1l_sea_ice_segments_latitude[0:1024:];/gt1l_sea_ice_segments_longitude[0:1024:];/gt1l_sea_ice_segments_delta_time[0:1024:]"; transmitting
1692903265,1557,timing,elapsed_us,2330886,start_us,1692903263610882,stop_us,1692903265941768,-,RemoteResource::get_url() - source url: https://data.nsidc.uat.earthdatacloud.nasa.gov/nsidc-cumulus-uat-protected/ATLAS/ATL07/005/2020/01/01/ATL07-01_20200101015629_00820601_005_01.h5.dmrpp
1692903266,1557,timing,elapsed_us,117934,start_us,1692903266759950,stop_us,1692903266877884,-,DmrppArray::read_super_chunks_concurrent() -  name: gt3r_sea_ice_segments_longitude
1692903266,1557,timing,elapsed_us,141995,start_us,1692903266034827,stop_us,1692903266176822,-,DmrppArray::read_super_chunks_concurrent() -  name: gt1r_sea_ice_segments_longitude
1692903266,1557,timing,elapsed_us,35590,start_us,1692903266723281,stop_us,1692903266758871,-,DmrppArray::read_super_chunks_concurrent() -  name: gt2l_sea_ice_segments_latitude
1692903266,1557,timing,elapsed_us,44868,start_us,1692903266493911,stop_us,1692903266538779,-,DmrppArray::read_super_chunks_concurrent() -  name: gt1l_sea_ice_segments_latitude
1692903266,1557,timing,elapsed_us,55432,start_us,1692903266666922,stop_us,1692903266722354,-,DmrppArray::read_super_chunks_concurrent() -  name: gt2l_sea_ice_segments_longitude
1692903266,1557,timing,elapsed_us,56674,start_us,1692903266609238,stop_us,1692903266665912,-,DmrppArray::read_super_chunks_concurrent() -  name: gt3l_sea_ice_segments_latitude
1692903266,1557,timing,elapsed_us,68089,start_us,1692903266539987,stop_us,1692903266608076,-,DmrppArray::read_super_chunks_concurrent() -  name: gt3l_sea_ice_segments_longitude
1692903266,1557,timing,elapsed_us,68373,start_us,1692903266264275,stop_us,1692903266332648,-,DmrppArray::read_super_chunks_concurrent() -  name: gt2r_sea_ice_segments_longitude
1692903266,1557,timing,elapsed_us,74491,start_us,1692903265959133,stop_us,1692903266033624,-,DmrppArray::read_contiguous() -  name: orbit_info_rgt
1692903266,1557,timing,elapsed_us,74869,start_us,1692903266418065,stop_us,1692903266492934,-,DmrppArray::read_super_chunks_concurrent() -  name: gt1l_sea_ice_segments_longitude
1692903266,1557,timing,elapsed_us,83537,start_us,1692903266333570,stop_us,1692903266417107,-,DmrppArray::read_super_chunks_concurrent() -  name: gt2r_sea_ice_segments_latitude
1692903266,1557,timing,elapsed_us,85126,start_us,1692903266178102,stop_us,1692903266263228,-,DmrppArray::read_super_chunks_concurrent() -  name: gt1r_sea_ice_segments_latitude
1692903267,1557,timing,elapsed_us,124996,start_us,1692903266879234,stop_us,1692903267004230,-,DmrppArray::read_super_chunks_concurrent() -  name: gt3r_sea_ice_segments_latitude
1692903267,1557,timing,elapsed_us,1335604,start_us,1692903265957864,stop_us,1692903267293468,-,BESDapResponseBuilder::serialize_dap4_data() - Timer
1692903267,1557,timing,elapsed_us,1336002,start_us,1692903265957494,stop_us,1692903267293496,http-nio-8080-exec-5:33[bes_client:/-3],get dap for d1 return as dap2; transmitting
1692903267,1557,timing,elapsed_us,17570,start_us,1692903267275625,stop_us,1692903267293195,-,DmrppArray::read_contiguous() -  name: orbit_info_crossing_time
1692903267,1557,timing,elapsed_us,190,start_us,1692903267295466,stop_us,1692903267295656,-,BESInterface::execute_request
1692903267,1557,timing,elapsed_us,234,start_us,1692903267295462,stop_us,1692903267295696,-,BESServerHandler::execute
1692903267,1557,timing,elapsed_us,31234,start_us,1692903267148501,stop_us,1692903267179735,-,DmrppArray::read_super_chunks_concurrent() -  name: gt2r_sea_ice_segments_delta_time
1692903267,1557,timing,elapsed_us,32310,start_us,1692903267115231,stop_us,1692903267147541,-,DmrppArray::read_super_chunks_concurrent() -  name: gt2l_sea_ice_segments_delta_time
1692903267,1557,timing,elapsed_us,33021,start_us,1692903267242476,stop_us,1692903267275497,-,DmrppArray::read_super_chunks_concurrent() -  name: gt3r_sea_ice_segments_delta_time
1692903267,1557,timing,elapsed_us,3928815,start_us,1692903263364696,stop_us,1692903267293511,-,BESInterface::execute_request
1692903267,1557,timing,elapsed_us,3930770,start_us,1692903263364670,stop_us,1692903267295440,-,BESServerHandler::execute
1692903267,1557,timing,elapsed_us,45996,start_us,1692903267068241,stop_us,1692903267114237,-,DmrppArray::read_super_chunks_concurrent() -  name: gt1r_sea_ice_segments_delta_time
1692903267,1557,timing,elapsed_us,6,start_us,1692903267295642,stop_us,1692903267295648,client: /-3:103,show status; transmitting
1692903267,1557,timing,elapsed_us,60538,start_us,1692903267180806,stop_us,1692903267241344,-,DmrppArray::read_super_chunks_concurrent() -  name: gt3l_sea_ice_segments_delta_time
1692903267,1557,timing,elapsed_us,61756,start_us,1692903267005262,stop_us,1692903267067018,-,DmrppArray::read_super_chunks_concurrent() -  name: gt1l_sea_ice_segments_delta_time
1692903305,1557,timing,elapsed_us,233369,start_us,1692903305409188,stop_us,1692903305642557,-,RemoteResource::get_url() - source url: https://cmr.uat.earthdata.nasa.gov/search/granules.umm_json_v1_4?collection_concept_id=C1241426907-NSIDC_CUAT&granule_ur=ATL08_20200101145654_00900605_005_01.h5
1692903305,1557,timing,elapsed_us,8,start_us,1692903305642996,stop_us,1692903305643004,http-nio-8080-exec-6:34[bes_client:/-3],set container in ngap values ngapContainer,collections/C1241426907-NSIDC_CUAT/granules/ATL08_20200101145654_00900605_005_01.h5; transmitting
1692903305,1557,timing,elapsed_us,8,start_us,1692903305643395,stop_us,1692903305643403,http-nio-8080-exec-6:34[bes_client:/-3],define d1 in default as ngapContainer with ngapContainer.dap4constraint="/orbit_info_rgt;/orbit_info_crossing_time;/gt3r_land_segments_latitude[0:64:];/gt3r_land_segments_longitude[0:64:];/gt3r_land_segments_delta_time[0:64:];/gt3l_land_segments_latitude[0:64:];/gt3l_land_segments_longitude[0:64:];/gt3l_land_segments_delta_time[0:64:];/gt2r_land_segments_latitude[0:64:];/gt2r_land_segments_longitude[0:64:];/gt2r_land_segments_delta_time[0:64:];/gt2l_land_segments_latitude[0:64:];/gt2l_land_segments_longitude[0:64:];/gt2l_land_segments_delta_time[0:64:];/gt1r_land_segments_latitude[0:64:];/gt1r_land_segments_longitude[0:64:];/gt1r_land_segments_delta_time[0:64:];/gt1l_land_segments_latitude[0:64:];/gt1l_land_segments_longitude[0:64:];/gt1l_land_segments_delta_time[0:64:]"; transmitting
1692903308,1557,timing,elapsed_us,2379706,start_us,1692903305644255,stop_us,1692903308023961,-,RemoteResource::get_url() - source url: https://data.nsidc.uat.earthdatacloud.nasa.gov/nsidc-cumulus-uat-protected/ATLAS/ATL08/005/2020/01/01/ATL08_20200101145654_00900605_005_01.h5.dmrpp
1692903310,1557,timing,elapsed_us,123190,start_us,1692903310833516,stop_us,1692903310956706,-,DmrppArray::read_contiguous() -  name: gt1l_land_segments_longitude
1692903310,1557,timing,elapsed_us,18186,start_us,1692903310576592,stop_us,1692903310594778,-,DmrppArray::read_contiguous() -  name: orbit_info_crossing_time
1692903310,1557,timing,elapsed_us,18247,start_us,1692903310509571,stop_us,1692903310527818,-,DmrppArray::read_contiguous() -  name: gt3l_land_segments_delta_time
1692903310,1557,timing,elapsed_us,19987,start_us,1692903310430530,stop_us,1692903310450517,-,DmrppArray::read_contiguous() -  name: gt2l_land_segments_delta_time
1692903310,1557,timing,elapsed_us,21569,start_us,1692903310594958,stop_us,1692903310616527,-,DmrppArray::read_contiguous() -  name: orbit_info_rgt
1692903310,1557,timing,elapsed_us,2301464,start_us,1692903308043196,stop_us,1692903310344660,-,CurlUtils::retrieve_effective_url() -  Following Redirects Starting With: https://data.nsidc.uat.earthdatacloud.nasa.gov/nsidc-cumulus-uat-protected/ATLAS/ATL08/005/2020/01/01/ATL08_20200101145654_00900605_005_01.h5
1692903310,1557,timing,elapsed_us,2333404,start_us,1692903308043148,stop_us,1692903310376552,-,DmrppArray::read_contiguous() -  name: gt1l_land_segments_delta_time
1692903310,1557,timing,elapsed_us,23869,start_us,1692903310616720,stop_us,1692903310640589,-,DmrppArray::read_contiguous() -  name: gt1r_land_segments_longitude
1692903310,1557,timing,elapsed_us,48612,start_us,1692903310527901,stop_us,1692903310576513,-,DmrppArray::read_contiguous() -  name: gt3r_land_segments_delta_time
1692903310,1557,timing,elapsed_us,53724,start_us,1692903310376642,stop_us,1692903310430366,-,DmrppArray::read_contiguous() -  name: gt1r_land_segments_delta_time
1692903310,1557,timing,elapsed_us,58471,start_us,1692903310709658,stop_us,1692903310768129,-,DmrppArray::read_contiguous() -  name: gt2r_land_segments_longitude
1692903310,1557,timing,elapsed_us,58790,start_us,1692903310450596,stop_us,1692903310509386,-,DmrppArray::read_contiguous() -  name: gt2r_land_segments_delta_time
1692903310,1557,timing,elapsed_us,65061,start_us,1692903310768304,stop_us,1692903310833365,-,DmrppArray::read_contiguous() -  name: gt2r_land_segments_latitude
1692903310,1557,timing,elapsed_us,68754,start_us,1692903310640752,stop_us,1692903310709506,-,DmrppArray::read_contiguous() -  name: gt1r_land_segments_latitude
1692903311,1557,timing,elapsed_us,104004,start_us,1692903310956786,stop_us,1692903311060790,-,DmrppArray::read_contiguous() -  name: gt1l_land_segments_latitude
1692903311,1557,timing,elapsed_us,118919,start_us,1692903311266580,stop_us,1692903311385499,-,DmrppArray::read_contiguous() -  name: gt3r_land_segments_longitude
1692903311,1557,timing,elapsed_us,134721,start_us,1692903311385670,stop_us,1692903311520391,-,DmrppArray::read_contiguous() -  name: gt3r_land_segments_latitude
1692903311,1557,timing,elapsed_us,16675,start_us,1692903311249824,stop_us,1692903311266499,-,DmrppArray::read_contiguous() -  name: gt2l_land_segments_latitude
1692903311,1557,timing,elapsed_us,192,start_us,1692903311521859,stop_us,1692903311522051,-,BESInterface::execute_request
1692903311,1557,timing,elapsed_us,220,start_us,1692903311521855,stop_us,1692903311522075,-,BESServerHandler::execute
1692903311,1557,timing,elapsed_us,28150,start_us,1692903311221598,stop_us,1692903311249748,-,DmrppArray::read_contiguous() -  name: gt2l_land_segments_longitude
1692903311,1557,timing,elapsed_us,3478673,start_us,1692903308041872,stop_us,1692903311520545,-,BESDapResponseBuilder::serialize_dap4_data() - Timer
1692903311,1557,timing,elapsed_us,3478931,start_us,1692903308041629,stop_us,1692903311520560,http-nio-8080-exec-6:34[bes_client:/-3],get dap for d1 return as dap2; transmitting
1692903311,1557,timing,elapsed_us,6115812,start_us,1692903305404759,stop_us,1692903311520571,-,BESInterface::execute_request
1692903311,1557,timing,elapsed_us,6117117,start_us,1692903305404718,stop_us,1692903311521835,-,BESServerHandler::execute
1692903311,1557,timing,elapsed_us,63700,start_us,1692903311060875,stop_us,1692903311124575,-,DmrppArray::read_contiguous() -  name: gt3l_land_segments_longitude
1692903311,1557,timing,elapsed_us,7,start_us,1692903311522037,stop_us,1692903311522044,client: /-3:105,show status; transmitting
1692903311,1557,timing,elapsed_us,96781,start_us,1692903311124741,stop_us,1692903311221522,-,DmrppArray::read_contiguous() -  name: gt3l_land_segments_latitude
1692903334,1557,timing,elapsed_us,211878,start_us,1692903333993974,stop_us,1692903334205852,-,RemoteResource::get_url() - source url: https://cmr.uat.earthdata.nasa.gov/search/granules.umm_json_v1_4?collection_concept_id=C1241426907-NSIDC_CUAT&granule_ur=ATL08_20200101145654_00900605_005_01.h5
1692903334,1557,timing,elapsed_us,6,start_us,1692903334206744,stop_us,1692903334206750,http-nio-8080-exec-8:36[bes_client:/-3],define d1 in default as ngapContainer with ngapContainer.dap4constraint="/orbit_info_rgt;/orbit_info_crossing_time;/gt3r_land_segments_latitude[0:64:];/gt3r_land_segments_longitude[0:64:];/gt3r_land_segments_delta_time[0:64:];/gt3l_land_segments_latitude[0:64:];/gt3l_land_segments_longitude[0:64:];/gt3l_land_segments_delta_time[0:64:];/gt2r_land_segments_latitude[0:64:];/gt2r_land_segments_longitude[0:64:];/gt2r_land_segments_delta_time[0:64:];/gt2l_land_segments_latitude[0:64:];/gt2l_land_segments_longitude[0:64:];/gt2l_land_segments_delta_time[0:64:];/gt1r_land_segments_latitude[0:64:];/gt1r_land_segments_longitude[0:64:];/gt1r_land_segments_delta_time[0:64:];/gt1l_land_segments_latitude[0:64:];/gt1l_land_segments_longitude[0:64:];/gt1l_land_segments_delta_time[0:64:]"; transmitting
1692903334,1557,timing,elapsed_us,8,start_us,1692903334206357,stop_us,1692903334206365,http-nio-8080-exec-8:36[bes_client:/-3],set container in ngap values ngapContainer,collections/C1241426907-NSIDC_CUAT/granules/ATL08_20200101145654_00900605_005_01.h5; transmitting
1692903336,1557,timing,elapsed_us,15148,start_us,1692903336833555,stop_us,1692903336848703,-,DmrppArray::read_contiguous() -  name: gt2r_land_segments_longitude
1692903336,1557,timing,elapsed_us,16062,start_us,1692903336716736,stop_us,1692903336732798,-,DmrppArray::read_contiguous() -  name: gt3l_land_segments_delta_time
1692903336,1557,timing,elapsed_us,18194,start_us,1692903336796510,stop_us,1692903336814704,-,DmrppArray::read_contiguous() -  name: gt1r_land_segments_longitude
1692903336,1557,timing,elapsed_us,18615,start_us,1692903336814783,stop_us,1692903336833398,-,DmrppArray::read_contiguous() -  name: gt1r_land_segments_latitude
1692903336,1557,timing,elapsed_us,18968,start_us,1692903336777368,stop_us,1692903336796336,-,DmrppArray::read_contiguous() -  name: orbit_info_rgt
1692903336,1557,timing,elapsed_us,19221,start_us,1692903336644802,stop_us,1692903336664023,-,DmrppArray::read_contiguous() -  name: gt2l_land_segments_delta_time
1692903336,1557,timing,elapsed_us,19458,start_us,1692903336757737,stop_us,1692903336777195,-,DmrppArray::read_contiguous() -  name: orbit_info_crossing_time
1692903336,1557,timing,elapsed_us,2284020,start_us,1692903334207616,stop_us,1692903336491636,-,RemoteResource::get_url() - source url: https://data.nsidc.uat.earthdatacloud.nasa.gov/nsidc-cumulus-uat-protected/ATLAS/ATL08/005/2020/01/01/ATL08_20200101145654_00900605_005_01.h5.dmrpp
1692903336,1557,timing,elapsed_us,24810,start_us,1692903336732864,stop_us,1692903336757674,-,DmrppArray::read_contiguous() -  name: gt3r_land_segments_delta_time
1692903336,1557,timing,elapsed_us,47183,start_us,1692903336597537,stop_us,1692903336644720,-,DmrppArray::read_contiguous() -  name: gt1r_land_segments_delta_time
1692903336,1557,timing,elapsed_us,47222,start_us,1692903336934871,stop_us,1692903336982093,-,DmrppArray::read_contiguous() -  name: gt1l_land_segments_longitude
1692903336,1557,timing,elapsed_us,52471,start_us,1692903336664101,stop_us,1692903336716572,-,DmrppArray::read_contiguous() -  name: gt2r_land_segments_delta_time
1692903336,1557,timing,elapsed_us,86018,start_us,1692903336848778,stop_us,1692903336934796,-,DmrppArray::read_contiguous() -  name: gt2r_land_segments_latitude
1692903336,1557,timing,elapsed_us,90803,start_us,1692903336506646,stop_us,1692903336597449,-,DmrppArray::read_contiguous() -  name: gt1l_land_segments_delta_time
1692903337,1557,timing,elapsed_us,15859,start_us,1692903337210474,stop_us,1692903337226333,-,DmrppArray::read_contiguous() -  name: gt3r_land_segments_latitude
1692903337,1557,timing,elapsed_us,16356,start_us,1692903337150402,stop_us,1692903337166758,-,DmrppArray::read_contiguous() -  name: gt2l_land_segments_latitude
1692903337,1557,timing,elapsed_us,182,start_us,1692903337227663,stop_us,1692903337227845,-,BESInterface::execute_request
1692903337,1557,timing,elapsed_us,211,start_us,1692903337227659,stop_us,1692903337227870,-,BESServerHandler::execute
1692903337,1557,timing,elapsed_us,29544,start_us,1692903336982263,stop_us,1692903337011807,-,DmrppArray::read_contiguous() -  name: gt1l_land_segments_latitude
1692903337,1557,timing,elapsed_us,3237704,start_us,1692903333988784,stop_us,1692903337226488,-,BESInterface::execute_request
1692903337,1557,timing,elapsed_us,3238885,start_us,1692903333988753,stop_us,1692903337227638,-,BESServerHandler::execute
1692903337,1557,timing,elapsed_us,33440,start_us,1692903337116809,stop_us,1692903337150249,-,DmrppArray::read_contiguous() -  name: gt2l_land_segments_longitude
1692903337,1557,timing,elapsed_us,34192,start_us,1692903337011881,stop_us,1692903337046073,-,DmrppArray::read_contiguous() -  name: gt3l_land_segments_longitude
1692903337,1557,timing,elapsed_us,43467,start_us,1692903337166854,stop_us,1692903337210321,-,DmrppArray::read_contiguous() -  name: gt3r_land_segments_longitude
1692903337,1557,timing,elapsed_us,6,start_us,1692903337227832,stop_us,1692903337227838,client: /-3:107,show status; transmitting
1692903337,1557,timing,elapsed_us,70494,start_us,1692903337046238,stop_us,1692903337116732,-,DmrppArray::read_contiguous() -  name: gt3l_land_segments_latitude
1692903337,1557,timing,elapsed_us,721114,start_us,1692903336505351,stop_us,1692903337226465,-,BESDapResponseBuilder::serialize_dap4_data() - Timer
1692903337,1557,timing,elapsed_us,721378,start_us,1692903336505102,stop_us,1692903337226480,http-nio-8080-exec-8:36[bes_client:/-3],get dap for d1 return as dap2; transmitting
1692903369,1557,timing,elapsed_us,211003,start_us,1692903369069400,stop_us,1692903369280403,-,RemoteResource::get_url() - source url: https://cmr.uat.earthdata.nasa.gov/search/granules.umm_json_v1_4?collection_concept_id=C1241426907-NSIDC_CUAT&granule_ur=ATL08_20200101145654_00900605_005_01.h5
1692903369,1557,timing,elapsed_us,7,start_us,1692903369281254,stop_us,1692903369281261,http-nio-8080-exec-5:33[bes_client:/-3],define d1 in default as ngapContainer with ngapContainer.dap4constraint="/orbit_info_rgt;/orbit_info_crossing_time;/gt3r_land_segments_latitude[0:64:];/gt3r_land_segments_longitude[0:64:];/gt3r_land_segments_delta_time[0:64:];/gt3l_land_segments_latitude[0:64:];/gt3l_land_segments_longitude[0:64:];/gt3l_land_segments_delta_time[0:64:];/gt2r_land_segments_latitude[0:64:];/gt2r_land_segments_longitude[0:64:];/gt2r_land_segments_delta_time[0:64:];/gt2l_land_segments_latitude[0:64:];/gt2l_land_segments_longitude[0:64:];/gt2l_land_segments_delta_time[0:64:];/gt1r_land_segments_latitude[0:64:];/gt1r_land_segments_longitude[0:64:];/gt1r_land_segments_delta_time[0:64:];/gt1l_land_segments_latitude[0:64:];/gt1l_land_segments_longitude[0:64:];/gt1l_land_segments_delta_time[0:64:]"; transmitting
1692903369,1557,timing,elapsed_us,8,start_us,1692903369280871,stop_us,1692903369280879,http-nio-8080-exec-5:33[bes_client:/-3],set container in ngap values ngapContainer,collections/C1241426907-NSIDC_CUAT/granules/ATL08_20200101145654_00900605_005_01.h5; transmitting
1692903371,1557,timing,elapsed_us,16956,start_us,1692903371699857,stop_us,1692903371716813,-,DmrppArray::read_contiguous() -  name: gt2l_land_segments_delta_time
1692903371,1557,timing,elapsed_us,17700,start_us,1692903371779964,stop_us,1692903371797664,-,DmrppArray::read_contiguous() -  name: gt3r_land_segments_delta_time
1692903371,1557,timing,elapsed_us,17924,start_us,1692903371797808,stop_us,1692903371815732,-,DmrppArray::read_contiguous() -  name: orbit_info_crossing_time
1692903371,1557,timing,elapsed_us,19462,start_us,1692903371680214,stop_us,1692903371699676,-,DmrppArray::read_contiguous() -  name: gt1r_land_segments_delta_time
1692903371,1557,timing,elapsed_us,21962,start_us,1692903371815878,stop_us,1692903371837840,-,DmrppArray::read_contiguous() -  name: orbit_info_rgt
1692903371,1557,timing,elapsed_us,22871,start_us,1692903371757010,stop_us,1692903371779881,-,DmrppArray::read_contiguous() -  name: gt3l_land_segments_delta_time
1692903371,1557,timing,elapsed_us,2320374,start_us,1692903369282098,stop_us,1692903371602472,-,RemoteResource::get_url() - source url: https://data.nsidc.uat.earthdatacloud.nasa.gov/nsidc-cumulus-uat-protected/ATLAS/ATL08/005/2020/01/01/ATL08_20200101145654_00900605_005_01.h5.dmrpp
1692903371,1557,timing,elapsed_us,39893,start_us,1692903371716953,stop_us,1692903371756846,-,DmrppArray::read_contiguous() -  name: gt2r_land_segments_delta_time
1692903371,1557,timing,elapsed_us,42118,start_us,1692903371935666,stop_us,1692903371977784,-,DmrppArray::read_contiguous() -  name: gt2r_land_segments_longitude
1692903371,1557,timing,elapsed_us,48373,start_us,1692903371887122,stop_us,1692903371935495,-,DmrppArray::read_contiguous() -  name: gt1r_land_segments_latitude
1692903371,1557,timing,elapsed_us,49032,start_us,1692903371838011,stop_us,1692903371887043,-,DmrppArray::read_contiguous() -  name: gt1r_land_segments_longitude
1692903371,1557,timing,elapsed_us,58647,start_us,1692903371621466,stop_us,1692903371680113,-,DmrppArray::read_contiguous() -  name: gt1l_land_segments_delta_time
1692903372,1557,timing,elapsed_us,134126,start_us,1692903371977960,stop_us,1692903372112086,-,DmrppArray::read_contiguous() -  name: gt2r_land_segments_latitude
1692903372,1557,timing,elapsed_us,14984,start_us,1692903372202040,stop_us,1692903372217024,-,DmrppArray::read_contiguous() -  name: gt3l_land_segments_latitude
1692903372,1557,timing,elapsed_us,15400,start_us,1692903372112166,stop_us,1692903372127566,-,DmrppArray::read_contiguous() -  name: gt1l_land_segments_longitude
1692903372,1557,timing,elapsed_us,16886,start_us,1692903372236573,stop_us,1692903372253459,-,DmrppArray::read_contiguous() -  name: gt2l_land_segments_latitude
1692903372,1557,timing,elapsed_us,19344,start_us,1692903372217085,stop_us,1692903372236429,-,DmrppArray::read_contiguous() -  name: gt2l_land_segments_longitude
1692903372,1557,timing,elapsed_us,21762,start_us,1692903372180149,stop_us,1692903372201911,-,DmrppArray::read_contiguous() -  name: gt3l_land_segments_longitude
1692903372,1557,timing,elapsed_us,219,start_us,1692903372316223,stop_us,1692903372316442,-,BESInterface::execute_request
1692903372,1557,timing,elapsed_us,246,start_us,1692903372316220,stop_us,1692903372316466,-,BESServerHandler::execute
1692903372,1557,timing,elapsed_us,25608,start_us,1692903372289052,stop_us,1692903372314660,-,DmrppArray::read_contiguous() -  name: gt3r_land_segments_latitude
1692903372,1557,timing,elapsed_us,3250164,start_us,1692903369064780,stop_us,1692903372314944,-,BESInterface::execute_request
1692903372,1557,timing,elapsed_us,3251460,start_us,1692903369064742,stop_us,1692903372316202,-,BESServerHandler::execute
1692903372,1557,timing,elapsed_us,35295,start_us,1692903372253637,stop_us,1692903372288932,-,DmrppArray::read_contiguous() -  name: gt3r_land_segments_longitude
1692903372,1557,timing,elapsed_us,52330,start_us,1692903372127743,stop_us,1692903372180073,-,DmrppArray::read_contiguous() -  name: gt1l_land_segments_latitude
1692903372,1557,timing,elapsed_us,694723,start_us,1692903371620178,stop_us,1692903372314901,-,BESDapResponseBuilder::serialize_dap4_data() - Timer
1692903372,1557,timing,elapsed_us,694996,start_us,1692903371619931,stop_us,1692903372314927,http-nio-8080-exec-5:33[bes_client:/-3],get dap for d1 return as dap2; transmitting
1692903372,1557,timing,elapsed_us,7,start_us,1692903372316428,stop_us,1692903372316435,client: /-3:109,show status; transmitting
1692903402,1557,timing,elapsed_us,232604,start_us,1692903401781588,stop_us,1692903402014192,-,RemoteResource::get_url() - source url: https://cmr.uat.earthdata.nasa.gov/search/granules.umm_json_v1_4?collection_concept_id=C1241426907-NSIDC_CUAT&granule_ur=ATL08_20200101145654_00900605_005_01.h5
1692903402,1557,timing,elapsed_us,6,start_us,1692903402014853,stop_us,1692903402014859,http-nio-8080-exec-4:32[bes_client:/-3],define d1 in default as ngapContainer with ngapContainer.dap4constraint="/orbit_info_rgt;/orbit_info_crossing_time;/gt3r_land_segments_latitude[0:64:];/gt3r_land_segments_longitude[0:64:];/gt3r_land_segments_delta_time[0:64:];/gt3l_land_segments_latitude[0:64:];/gt3l_land_segments_longitude[0:64:];/gt3l_land_segments_delta_time[0:64:];/gt2r_land_segments_latitude[0:64:];/gt2r_land_segments_longitude[0:64:];/gt2r_land_segments_delta_time[0:64:];/gt2l_land_segments_latitude[0:64:];/gt2l_land_segments_longitude[0:64:];/gt2l_land_segments_delta_time[0:64:];/gt1r_land_segments_latitude[0:64:];/gt1r_land_segments_longitude[0:64:];/gt1r_land_segments_delta_time[0:64:];/gt1l_land_segments_latitude[0:64:];/gt1l_land_segments_longitude[0:64:];/gt1l_land_segments_delta_time[0:64:]"; transmitting
1692903402,1557,timing,elapsed_us,7,start_us,1692903402014475,stop_us,1692903402014482,http-nio-8080-exec-4:32[bes_client:/-3],set container in ngap values ngapContainer,collections/C1241426907-NSIDC_CUAT/granules/ATL08_20200101145654_00900605_005_01.h5; transmitting
1692903404,1557,timing,elapsed_us,19428,start_us,1692903404922422,stop_us,1692903404941850,-,DmrppArray::read_contiguous() -  name: gt3r_land_segments_longitude
1692903404,1557,timing,elapsed_us,19954,start_us,1692903404873048,stop_us,1692903404893002,-,DmrppArray::read_contiguous() -  name: gt2l_land_segments_longitude
1692903404,1557,timing,elapsed_us,20141,start_us,1692903404743852,stop_us,1692903404763993,-,DmrppArray::read_contiguous() -  name: gt2r_land_segments_longitude
1692903404,1557,timing,elapsed_us,21049,start_us,1692903404786746,stop_us,1692903404807795,-,DmrppArray::read_contiguous() -  name: gt1l_land_segments_longitude
1692903404,1557,timing,elapsed_us,212,start_us,1692903404964592,stop_us,1692903404964804,-,BESInterface::execute_request
1692903404,1557,timing,elapsed_us,21274,start_us,1692903404942018,stop_us,1692903404963292,-,DmrppArray::read_contiguous() -  name: gt3r_land_segments_latitude
1692903404,1557,timing,elapsed_us,21417,start_us,1692903404829863,stop_us,1692903404851280,-,DmrppArray::read_contiguous() -  name: gt3l_land_segments_longitude
1692903404,1557,timing,elapsed_us,21520,start_us,1692903404851360,stop_us,1692903404872880,-,DmrppArray::read_contiguous() -  name: gt3l_land_segments_latitude
1692903404,1557,timing,elapsed_us,21587,start_us,1692903404485293,stop_us,1692903404506880,-,DmrppArray::read_contiguous() -  name: gt2r_land_segments_delta_time
1692903404,1557,timing,elapsed_us,21751,start_us,1692903404807960,stop_us,1692903404829711,-,DmrppArray::read_contiguous() -  name: gt1l_land_segments_latitude
1692903404,1557,timing,elapsed_us,22430,start_us,1692903404764160,stop_us,1692903404786590,-,DmrppArray::read_contiguous() -  name: gt2r_land_segments_latitude
1692903404,1557,timing,elapsed_us,2275231,start_us,1692903402015712,stop_us,1692903404290943,-,RemoteResource::get_url() - source url: https://data.nsidc.uat.earthdatacloud.nasa.gov/nsidc-cumulus-uat-protected/ATLAS/ATL08/005/2020/01/01/ATL08_20200101145654_00900605_005_01.h5.dmrpp
1692903404,1557,timing,elapsed_us,240,start_us,1692903404964588,stop_us,1692903404964828,-,BESServerHandler::execute
1692903404,1557,timing,elapsed_us,28637,start_us,1692903404580982,stop_us,1692903404609619,-,DmrppArray::read_contiguous() -  name: orbit_info_crossing_time
1692903404,1557,timing,elapsed_us,29175,start_us,1692903404893162,stop_us,1692903404922337,-,DmrppArray::read_contiguous() -  name: gt2l_land_segments_latitude
1692903404,1557,timing,elapsed_us,30478,start_us,1692903404550331,stop_us,1692903404580809,-,DmrppArray::read_contiguous() -  name: gt3r_land_segments_delta_time
1692903404,1557,timing,elapsed_us,3186676,start_us,1692903401776754,stop_us,1692903404963430,-,BESInterface::execute_request
1692903404,1557,timing,elapsed_us,3187841,start_us,1692903401776725,stop_us,1692903404964566,-,BESServerHandler::execute
1692903404,1557,timing,elapsed_us,32107,start_us,1692903404673729,stop_us,1692903404705836,-,DmrppArray::read_contiguous() -  name: gt1r_land_segments_longitude
1692903404,1557,timing,elapsed_us,35921,start_us,1692903404449295,stop_us,1692903404485216,-,DmrppArray::read_contiguous() -  name: gt2l_land_segments_delta_time
1692903404,1557,timing,elapsed_us,37702,start_us,1692903404706004,stop_us,1692903404743706,-,DmrppArray::read_contiguous() -  name: gt1r_land_segments_latitude
1692903404,1557,timing,elapsed_us,43203,start_us,1692903404507051,stop_us,1692903404550254,-,DmrppArray::read_contiguous() -  name: gt3l_land_segments_delta_time
1692903404,1557,timing,elapsed_us,44235,start_us,1692903404404982,stop_us,1692903404449217,-,DmrppArray::read_contiguous() -  name: gt1r_land_segments_delta_time
1692903404,1557,timing,elapsed_us,63874,start_us,1692903404609682,stop_us,1692903404673556,-,DmrppArray::read_contiguous() -  name: orbit_info_rgt
1692903404,1557,timing,elapsed_us,653846,start_us,1692903404309566,stop_us,1692903404963412,-,BESDapResponseBuilder::serialize_dap4_data() - Timer
1692903404,1557,timing,elapsed_us,654104,start_us,1692903404309319,stop_us,1692903404963423,http-nio-8080-exec-4:32[bes_client:/-3],get dap for d1 return as dap2; transmitting
1692903404,1557,timing,elapsed_us,7,start_us,1692903404964787,stop_us,1692903404964794,client: /-3:111,show status; transmitting
1692903404,1557,timing,elapsed_us,93942,start_us,1692903404310842,stop_us,1692903404404784,-,DmrppArray::read_contiguous() -  name: gt1l_land_segments_delta_time
1692903472,1557,timing,elapsed_us,209702,start_us,1692903472377463,stop_us,1692903472587165,-,RemoteResource::get_url() - source url: https://cmr.uat.earthdata.nasa.gov/search/granules.umm_json_v1_4?collection_concept_id=C1241426950-NSIDC_CUAT&granule_ur=ATL10-01_20200101002212_00810601_005_02.h5
1692903472,1557,timing,elapsed_us,7,start_us,1692903472587461,stop_us,1692903472587468,http-nio-8080-exec-4:32[bes_client:/-3],set container in ngap values ngapContainer,collections/C1241426950-NSIDC_CUAT/granules/ATL10-01_20200101002212_00810601_005_02.h5; transmitting
1692903472,1557,timing,elapsed_us,9,start_us,1692903472587835,stop_us,1692903472587844,http-nio-8080-exec-4:32[bes_client:/-3],define d1 in default as ngapContainer with ngapContainer.dap4constraint="/orbit_info_rgt;/orbit_info_crossing_time;/gt3r_freeboard_beam_segment_beam_freeboard_latitude[0:2048:];/gt3r_freeboard_beam_segment_beam_freeboard_longitude[0:2048:];/gt3r_freeboard_beam_segment_beam_freeboard_delta_time[0:2048:];/gt3l_freeboard_beam_segment_beam_freeboard_latitude[0:2048:];/gt3l_freeboard_beam_segment_beam_freeboard_longitude[0:2048:];/gt3l_freeboard_beam_segment_beam_freeboard_delta_time[0:2048:];/gt2r_freeboard_beam_segment_beam_freeboard_latitude[0:2048:];/gt2r_freeboard_beam_segment_beam_freeboard_longitude[0:2048:];/gt2r_freeboard_beam_segment_beam_freeboard_delta_time[0:2048:];/gt2l_freeboard_beam_segment_beam_freeboard_latitude[0:2048:];/gt2l_freeboard_beam_segment_beam_freeboard_longitude[0:2048:];/gt2l_freeboard_beam_segment_beam_freeboard_delta_time[0:2048:];/gt1r_freeboard_beam_segment_beam_freeboard_latitude[0:2048:];/gt1r_freeboard_beam_segment_beam_freeboard_longitude[0:2048:];/gt1r_freeboard_beam_segment_beam_freeboard_delta_time[0:2048:];/gt1l_freeboard_beam_segment_beam_freeboard_latitude[0:2048:];/gt1l_freeboard_beam_segment_beam_freeboard_longitude[0:2048:];/gt1l_freeboard_beam_segment_beam_freeboard_delta_time[0:2048:]"; transmitting
1692903474,1557,timing,elapsed_us,2288398,start_us,1692903472588740,stop_us,1692903474877138,-,RemoteResource::get_url() - source url: https://data.nsidc.uat.earthdatacloud.nasa.gov/nsidc-cumulus-uat-protected/ATLAS/ATL10/005/2020/01/01/ATL10-01_20200101002212_00810601_005_02.h5.dmrpp
1692903477,1557,timing,elapsed_us,122649,start_us,1692903477170597,stop_us,1692903477293246,-,DmrppArray::read_super_chunks_concurrent() -  name: gt1l_freeboard_beam_segment_beam_freeboard_delta_time
1692903477,1557,timing,elapsed_us,15450,start_us,1692903477479342,stop_us,1692903477494792,-,DmrppArray::read_contiguous() -  name: orbit_info_crossing_time
1692903477,1557,timing,elapsed_us,17665,start_us,1692903477494954,stop_us,1692903477512619,-,DmrppArray::read_contiguous() -  name: orbit_info_rgt
1692903477,1557,timing,elapsed_us,2278198,start_us,1692903474889870,stop_us,1692903477168068,-,CurlUtils::retrieve_effective_url() -  Following Redirects Starting With: https://data.nsidc.uat.earthdatacloud.nasa.gov/nsidc-cumulus-uat-protected/ATLAS/ATL10/005/2020/01/01/ATL10-01_20200101002212_00810601_005_02.h5
1692903477,1557,timing,elapsed_us,26586,start_us,1692903477362492,stop_us,1692903477389078,-,DmrppArray::read_super_chunks_concurrent() -  name: gt2r_freeboard_beam_segment_beam_freeboard_delta_time
1692903477,1557,timing,elapsed_us,27261,start_us,1692903477334640,stop_us,1692903477361901,-,DmrppArray::read_super_chunks_concurrent() -  name: gt2l_freeboard_beam_segment_beam_freeboard_delta_time
1692903477,1557,timing,elapsed_us,32856,start_us,1692903477633886,stop_us,1692903477666742,-,DmrppArray::read_super_chunks_concurrent() -  name: gt2r_freeboard_beam_segment_beam_freeboard_longitude
1692903477,1557,timing,elapsed_us,33512,start_us,1692903477667431,stop_us,1692903477700943,-,DmrppArray::read_super_chunks_concurrent() -  name: gt2r_freeboard_beam_segment_beam_freeboard_latitude
1692903477,1557,timing,elapsed_us,37573,start_us,1692903477513443,stop_us,1692903477551016,-,DmrppArray::read_super_chunks_concurrent() -  name: gt1r_freeboard_beam_segment_beam_freeboard_longitude
1692903477,1557,timing,elapsed_us,39629,start_us,1692903477294437,stop_us,1692903477334066,-,DmrppArray::read_super_chunks_concurrent() -  name: gt1r_freeboard_beam_segment_beam_freeboard_delta_time
1692903477,1557,timing,elapsed_us,39956,start_us,1692903477389770,stop_us,1692903477429726,-,DmrppArray::read_super_chunks_concurrent() -  name: gt3l_freeboard_beam_segment_beam_freeboard_delta_time
1692903477,1557,timing,elapsed_us,40567,start_us,1692903477701637,stop_us,1692903477742204,-,DmrppArray::read_super_chunks_concurrent() -  name: gt1l_freeboard_beam_segment_beam_freeboard_longitude
1692903477,1557,timing,elapsed_us,42600,start_us,1692903477852237,stop_us,1692903477894837,-,DmrppArray::read_super_chunks_concurrent() -  name: gt3l_freeboard_beam_segment_beam_freeboard_latitude
1692903477,1557,timing,elapsed_us,42865,start_us,1692903477808707,stop_us,1692903477851572,-,DmrppArray::read_super_chunks_concurrent() -  name: gt3l_freeboard_beam_segment_beam_freeboard_longitude
1692903477,1557,timing,elapsed_us,48645,start_us,1692903477430591,stop_us,1692903477479236,-,DmrppArray::read_super_chunks_concurrent() -  name: gt3r_freeboard_beam_segment_beam_freeboard_delta_time
1692903477,1557,timing,elapsed_us,52343,start_us,1692903477895512,stop_us,1692903477947855,-,DmrppArray::read_super_chunks_concurrent() -  name: gt2l_freeboard_beam_segment_beam_freeboard_longitude
1692903477,1557,timing,elapsed_us,65105,start_us,1692903477742895,stop_us,1692903477808000,-,DmrppArray::read_super_chunks_concurrent() -  name: gt1l_freeboard_beam_segment_beam_freeboard_latitude
1692903477,1557,timing,elapsed_us,81419,start_us,1692903477551881,stop_us,1692903477633300,-,DmrppArray::read_super_chunks_concurrent() -  name: gt1r_freeboard_beam_segment_beam_freeboard_latitude
1692903478,1557,timing,elapsed_us,221,start_us,1692903478152450,stop_us,1692903478152671,-,BESInterface::execute_request
1692903478,1557,timing,elapsed_us,250,start_us,1692903478152446,stop_us,1692903478152696,-,BESServerHandler::execute
1692903478,1557,timing,elapsed_us,3261875,start_us,1692903474888534,stop_us,1692903478150409,-,BESDapResponseBuilder::serialize_dap4_data() - Timer
1692903478,1557,timing,elapsed_us,3262126,start_us,1692903474888304,stop_us,1692903478150430,http-nio-8080-exec-4:32[bes_client:/-3],get dap for d1 return as dap2; transmitting
1692903478,1557,timing,elapsed_us,41319,start_us,1692903478108932,stop_us,1692903478150251,-,DmrppArray::read_super_chunks_concurrent() -  name: gt3r_freeboard_beam_segment_beam_freeboard_latitude
1692903478,1557,timing,elapsed_us,5777649,start_us,1692903472372794,stop_us,1692903478150443,-,BESInterface::execute_request
1692903478,1557,timing,elapsed_us,5779664,start_us,1692903472372761,stop_us,1692903478152425,-,BESServerHandler::execute
1692903478,1557,timing,elapsed_us,68863,start_us,1692903478039353,stop_us,1692903478108216,-,DmrppArray::read_super_chunks_concurrent() -  name: gt3r_freeboard_beam_segment_beam_freeboard_longitude
1692903478,1557,timing,elapsed_us,8,start_us,1692903478152651,stop_us,1692903478152659,client: /-3:113,show status; transmitting
1692903478,1557,timing,elapsed_us,89988,start_us,1692903477948552,stop_us,1692903478038540,-,DmrppArray::read_super_chunks_concurrent() -  name: gt2l_freeboard_beam_segment_beam_freeboard_latitude
1692903516,1557,timing,elapsed_us,332700,start_us,1692903516521288,stop_us,1692903516853988,-,RemoteResource::get_url() - source url: https://cmr.uat.earthdata.nasa.gov/search/granules.umm_json_v1_4?collection_concept_id=C1241426950-NSIDC_CUAT&granule_ur=ATL10-01_20200101002212_00810601_005_02.h5
1692903516,1557,timing,elapsed_us,7,start_us,1692903516854330,stop_us,1692903516854337,http-nio-8080-exec-1:29[bes_client:/-3],set container in ngap values ngapContainer,collections/C1241426950-NSIDC_CUAT/granules/ATL10-01_20200101002212_00810601_005_02.h5; transmitting
1692903516,1557,timing,elapsed_us,8,start_us,1692903516854628,stop_us,1692903516854636,http-nio-8080-exec-1:29[bes_client:/-3],define d1 in default as ngapContainer with ngapContainer.dap4constraint="/orbit_info_rgt;/orbit_info_crossing_time;/gt3r_freeboard_beam_segment_beam_freeboard_latitude[0:2048:];/gt3r_freeboard_beam_segment_beam_freeboard_longitude[0:2048:];/gt3r_freeboard_beam_segment_beam_freeboard_delta_time[0:2048:];/gt3l_freeboard_beam_segment_beam_freeboard_latitude[0:2048:];/gt3l_freeboard_beam_segment_beam_freeboard_longitude[0:2048:];/gt3l_freeboard_beam_segment_beam_freeboard_delta_time[0:2048:];/gt2r_freeboard_beam_segment_beam_freeboard_latitude[0:2048:];/gt2r_freeboard_beam_segment_beam_freeboard_longitude[0:2048:];/gt2r_freeboard_beam_segment_beam_freeboard_delta_time[0:2048:];/gt2l_freeboard_beam_segment_beam_freeboard_latitude[0:2048:];/gt2l_freeboard_beam_segment_beam_freeboard_longitude[0:2048:];/gt2l_freeboard_beam_segment_beam_freeboard_delta_time[0:2048:];/gt1r_freeboard_beam_segment_beam_freeboard_latitude[0:2048:];/gt1r_freeboard_beam_segment_beam_freeboard_longitude[0:2048:];/gt1r_freeboard_beam_segment_beam_freeboard_delta_time[0:2048:];/gt1l_freeboard_beam_segment_beam_freeboard_latitude[0:2048:];/gt1l_freeboard_beam_segment_beam_freeboard_longitude[0:2048:];/gt1l_freeboard_beam_segment_beam_freeboard_delta_time[0:2048:]"; transmitting
1692903519,1557,timing,elapsed_us,107674,start_us,1692903519147149,stop_us,1692903519254823,-,DmrppArray::read_super_chunks_concurrent() -  name: gt1l_freeboard_beam_segment_beam_freeboard_delta_time
1692903519,1557,timing,elapsed_us,129152,start_us,1692903519255584,stop_us,1692903519384736,-,DmrppArray::read_super_chunks_concurrent() -  name: gt1r_freeboard_beam_segment_beam_freeboard_delta_time
1692903519,1557,timing,elapsed_us,18523,start_us,1692903519530539,stop_us,1692903519549062,-,DmrppArray::read_contiguous() -  name: orbit_info_crossing_time
1692903519,1557,timing,elapsed_us,19745,start_us,1692903519549213,stop_us,1692903519568958,-,DmrppArray::read_contiguous() -  name: orbit_info_rgt
1692903519,1557,timing,elapsed_us,2278226,start_us,1692903516855528,stop_us,1692903519133754,-,RemoteResource::get_url() - source url: https://data.nsidc.uat.earthdatacloud.nasa.gov/nsidc-cumulus-uat-protected/ATLAS/ATL10/005/2020/01/01/ATL10-01_20200101002212_00810601_005_02.h5.dmrpp
1692903519,1557,timing,elapsed_us,28169,start_us,1692903519424523,stop_us,1692903519452692,-,DmrppArray::read_super_chunks_concurrent() -  name: gt2r_freeboard_beam_segment_beam_freeboard_delta_time
1692903519,1557,timing,elapsed_us,31463,start_us,1692903519498985,stop_us,1692903519530448,-,DmrppArray::read_super_chunks_concurrent() -  name: gt3r_freeboard_beam_segment_beam_freeboard_delta_time
1692903519,1557,timing,elapsed_us,34791,start_us,1692903519652510,stop_us,1692903519687301,-,DmrppArray::read_super_chunks_concurrent() -  name: gt2r_freeboard_beam_segment_beam_freeboard_longitude
1692903519,1557,timing,elapsed_us,35933,start_us,1692903519687970,stop_us,1692903519723903,-,DmrppArray::read_super_chunks_concurrent() -  name: gt2r_freeboard_beam_segment_beam_freeboard_latitude
1692903519,1557,timing,elapsed_us,38621,start_us,1692903519385311,stop_us,1692903519423932,-,DmrppArray::read_super_chunks_concurrent() -  name: gt2l_freeboard_beam_segment_beam_freeboard_delta_time
1692903519,1557,timing,elapsed_us,39541,start_us,1692903519569829,stop_us,1692903519609370,-,DmrppArray::read_super_chunks_concurrent() -  name: gt1r_freeboard_beam_segment_beam_freeboard_longitude
1692903519,1557,timing,elapsed_us,39932,start_us,1692903519901791,stop_us,1692903519941723,-,DmrppArray::read_super_chunks_concurrent() -  name: gt3l_freeboard_beam_segment_beam_freeboard_latitude
1692903519,1557,timing,elapsed_us,41211,start_us,1692903519724627,stop_us,1692903519765838,-,DmrppArray::read_super_chunks_concurrent() -  name: gt1l_freeboard_beam_segment_beam_freeboard_longitude
1692903519,1557,timing,elapsed_us,41868,start_us,1692903519610077,stop_us,1692903519651945,-,DmrppArray::read_super_chunks_concurrent() -  name: gt1r_freeboard_beam_segment_beam_freeboard_latitude
1692903519,1557,timing,elapsed_us,44850,start_us,1692903519453386,stop_us,1692903519498236,-,DmrppArray::read_super_chunks_concurrent() -  name: gt3l_freeboard_beam_segment_beam_freeboard_delta_time
1692903519,1557,timing,elapsed_us,49007,start_us,1692903519942291,stop_us,1692903519991298,-,DmrppArray::read_super_chunks_concurrent() -  name: gt2l_freeboard_beam_segment_beam_freeboard_longitude
1692903519,1557,timing,elapsed_us,54157,start_us,1692903519846963,stop_us,1692903519901120,-,DmrppArray::read_super_chunks_concurrent() -  name: gt3l_freeboard_beam_segment_beam_freeboard_longitude
1692903519,1557,timing,elapsed_us,79751,start_us,1692903519766534,stop_us,1692903519846285,-,DmrppArray::read_super_chunks_concurrent() -  name: gt1l_freeboard_beam_segment_beam_freeboard_latitude
1692903520,1557,timing,elapsed_us,172,start_us,1692903520110408,stop_us,1692903520110580,-,BESInterface::execute_request
1692903520,1557,timing,elapsed_us,208,start_us,1692903520110404,stop_us,1692903520110612,-,BESServerHandler::execute
1692903520,1557,timing,elapsed_us,35519,start_us,1692903520032181,stop_us,1692903520067700,-,DmrppArray::read_super_chunks_concurrent() -  name: gt3r_freeboard_beam_segment_beam_freeboard_longitude
1692903520,1557,timing,elapsed_us,3591960,start_us,1692903516516781,stop_us,1692903520108741,-,BESInterface::execute_request
1692903520,1557,timing,elapsed_us,3593642,start_us,1692903516516744,stop_us,1692903520110386,-,BESServerHandler::execute
1692903520,1557,timing,elapsed_us,39597,start_us,1692903519991891,stop_us,1692903520031488,-,DmrppArray::read_super_chunks_concurrent() -  name: gt2l_freeboard_beam_segment_beam_freeboard_latitude
1692903520,1557,timing,elapsed_us,40153,start_us,1692903520068365,stop_us,1692903520108518,-,DmrppArray::read_super_chunks_concurrent() -  name: gt3r_freeboard_beam_segment_beam_freeboard_latitude
1692903520,1557,timing,elapsed_us,6,start_us,1692903520110567,stop_us,1692903520110573,client: /-3:115,show status; transmitting
1692903520,1557,timing,elapsed_us,963398,start_us,1692903519145304,stop_us,1692903520108702,-,BESDapResponseBuilder::serialize_dap4_data() - Timer
1692903520,1557,timing,elapsed_us,963658,start_us,1692903519145071,stop_us,1692903520108729,http-nio-8080-exec-1:29[bes_client:/-3],get dap for d1 return as dap2; transmitting
1692903537,1557,timing,elapsed_us,249109,start_us,1692903537193018,stop_us,1692903537442127,-,RemoteResource::get_url() - source url: https://cmr.uat.earthdata.nasa.gov/search/granules.umm_json_v1_4?collection_concept_id=C1241426998-NSIDC_CUAT&granule_ur=ATL12_20200101002212_00810601_005_02.h5
1692903537,1557,timing,elapsed_us,6,start_us,1692903537442726,stop_us,1692903537442732,http-nio-8080-exec-9:37[bes_client:/-3],set container in ngap values ngapContainer,collections/C1241426998-NSIDC_CUAT/granules/ATL12_20200101002212_00810601_005_02.h5; transmitting
1692903537,1557,timing,elapsed_us,7,start_us,1692903537443019,stop_us,1692903537443026,http-nio-8080-exec-9:37[bes_client:/-3],define d1 in default as ngapContainer with ngapContainer.dap4constraint="/orbit_info_rgt;/orbit_info_crossing_time;/gt3r_ssh_segments_latitude[0:8:];/gt3r_ssh_segments_longitude[0:8:];/gt3r_ssh_segments_delta_time[0:8:];/gt3l_ssh_segments_latitude[0:8:];/gt3l_ssh_segments_longitude[0:8:];/gt3l_ssh_segments_delta_time[0:8:];/gt2r_ssh_segments_latitude[0:8:];/gt2r_ssh_segments_longitude[0:8:];/gt2r_ssh_segments_delta_time[0:8:];/gt2l_ssh_segments_latitude[0:8:];/gt2l_ssh_segments_longitude[0:8:];/gt2l_ssh_segments_delta_time[0:8:];/gt1r_ssh_segments_latitude[0:8:];/gt1r_ssh_segments_longitude[0:8:];/gt1r_ssh_segments_delta_time[0:8:];/gt1l_ssh_segments_latitude[0:8:];/gt1l_ssh_segments_longitude[0:8:];/gt1l_ssh_segments_delta_time[0:8:]"; transmitting
1692903539,1557,timing,elapsed_us,2326386,start_us,1692903537443836,stop_us,1692903539770222,-,RemoteResource::get_url() - source url: https://data.nsidc.uat.earthdatacloud.nasa.gov/nsidc-cumulus-uat-protected/ATLAS/ATL12/005/2020/01/ATL12_20200101002212_00810601_005_02.h5.dmrpp
1692903542,1557,timing,elapsed_us,149658,start_us,1692903542592845,stop_us,1692903542742503,-,DmrppArray::read_super_chunks_concurrent() -  name: gt1r_ssh_segments_longitude
1692903542,1557,timing,elapsed_us,192777,start_us,1692903542399724,stop_us,1692903542592501,-,DmrppArray::read_super_chunks_concurrent() -  name: gt1r_ssh_segments_latitude
1692903542,1557,timing,elapsed_us,2480612,start_us,1692903539781194,stop_us,1692903542261806,-,CurlUtils::retrieve_effective_url() -  Following Redirects Starting With: https://data.nsidc.uat.earthdatacloud.nasa.gov/nsidc-cumulus-uat-protected/ATLAS/ATL12/005/2020/01/ATL12_20200101002212_00810601_005_02.h5
1692903542,1557,timing,elapsed_us,2618169,start_us,1692903539781147,stop_us,1692903542399316,-,DmrppArray::read_contiguous() -  name: orbit_info_rgt
1692903543,1557,timing,elapsed_us,123291,start_us,1692903543619847,stop_us,1692903543743138,-,DmrppArray::read_contiguous() -  name: gt3l_ssh_segments_longitude
1692903543,1557,timing,elapsed_us,138322,start_us,1692903543481439,stop_us,1692903543619761,-,DmrppArray::read_contiguous() -  name: gt3l_ssh_segments_latitude
1692903543,1557,timing,elapsed_us,145954,start_us,1692903543743326,stop_us,1692903543889280,-,DmrppArray::read_contiguous() -  name: gt2l_ssh_segments_latitude
1692903543,1557,timing,elapsed_us,173197,start_us,1692903543036039,stop_us,1692903543209236,-,DmrppArray::read_super_chunks_concurrent() -  name: gt2r_ssh_segments_longitude
1692903543,1557,timing,elapsed_us,174966,start_us,1692903543209399,stop_us,1692903543384365,-,DmrppArray::read_contiguous() -  name: gt1l_ssh_segments_latitude
1692903543,1557,timing,elapsed_us,293013,start_us,1692903542742773,stop_us,1692903543035786,-,DmrppArray::read_super_chunks_concurrent() -  name: gt2r_ssh_segments_latitude
1692903543,1557,timing,elapsed_us,96907,start_us,1692903543384451,stop_us,1692903543481358,-,DmrppArray::read_contiguous() -  name: gt1l_ssh_segments_longitude
1692903544,1557,timing,elapsed_us,115604,start_us,1692903543889462,stop_us,1692903544005066,-,DmrppArray::read_contiguous() -  name: gt2l_ssh_segments_longitude
1692903544,1557,timing,elapsed_us,123231,start_us,1692903544446703,stop_us,1692903544569934,-,DmrppArray::read_contiguous() -  name: gt1l_ssh_segments_delta_time
1692903544,1557,timing,elapsed_us,140051,start_us,1692903544746535,stop_us,1692903544886586,-,DmrppArray::read_contiguous() -  name: gt2l_ssh_segments_delta_time
1692903544,1557,timing,elapsed_us,176077,start_us,1692903544570132,stop_us,1692903544746209,-,DmrppArray::read_super_chunks_concurrent() -  name: gt1r_ssh_segments_delta_time
1692903544,1557,timing,elapsed_us,207887,start_us,1692903544238634,stop_us,1692903544446521,-,DmrppArray::read_super_chunks_concurrent() -  name: gt3r_ssh_segments_longitude
1692903544,1557,timing,elapsed_us,232769,start_us,1692903544005515,stop_us,1692903544238284,-,DmrppArray::read_super_chunks_concurrent() -  name: gt3r_ssh_segments_latitude
1692903545,1557,timing,elapsed_us,122433,start_us,1692903545254294,stop_us,1692903545376727,-,DmrppArray::read_contiguous() -  name: gt3l_ssh_segments_delta_time
1692903545,1557,timing,elapsed_us,125243,start_us,1692903545376938,stop_us,1692903545502181,-,DmrppArray::read_super_chunks_concurrent() -  name: gt3r_ssh_segments_delta_time
1692903545,1557,timing,elapsed_us,193,start_us,1692903545541463,stop_us,1692903545541656,-,BESInterface::execute_request
1692903545,1557,timing,elapsed_us,229,start_us,1692903545541459,stop_us,1692903545541688,-,BESServerHandler::execute
1692903545,1557,timing,elapsed_us,367245,start_us,1692903544886742,stop_us,1692903545253987,-,DmrppArray::read_super_chunks_concurrent() -  name: gt2r_ssh_segments_delta_time
1692903545,1557,timing,elapsed_us,37291,start_us,1692903545502346,stop_us,1692903545539637,-,DmrppArray::read_contiguous() -  name: orbit_info_crossing_time
1692903545,1557,timing,elapsed_us,5760304,start_us,1692903539779603,stop_us,1692903545539907,-,BESDapResponseBuilder::serialize_dap4_data() - Timer
1692903545,1557,timing,elapsed_us,5760684,start_us,1692903539779253,stop_us,1692903545539937,http-nio-8080-exec-9:37[bes_client:/-3],get dap for d1 return as dap2; transmitting
1692903545,1557,timing,elapsed_us,7,start_us,1692903545541642,stop_us,1692903545541649,client: /-3:117,show status; transmitting
1692903545,1557,timing,elapsed_us,8351193,start_us,1692903537188767,stop_us,1692903545539960,-,BESInterface::execute_request
1692903545,1557,timing,elapsed_us,8352698,start_us,1692903537188738,stop_us,1692903545541436,-,BESServerHandler::execute
1692903602,1557,timing,elapsed_us,238441,start_us,1692903601832931,stop_us,1692903602071372,-,RemoteResource::get_url() - source url: https://cmr.uat.earthdata.nasa.gov/search/granules.umm_json_v1_4?collection_concept_id=C1241426998-NSIDC_CUAT&granule_ur=ATL12_20200101002212_00810601_005_02.h5
1692903602,1557,timing,elapsed_us,7,start_us,1692903602071911,stop_us,1692903602071918,http-nio-8080-exec-9:37[bes_client:/-3],set container in ngap values ngapContainer,collections/C1241426998-NSIDC_CUAT/granules/ATL12_20200101002212_00810601_005_02.h5; transmitting
1692903602,1557,timing,elapsed_us,7,start_us,1692903602072087,stop_us,1692903602072094,http-nio-8080-exec-9:37[bes_client:/-3],define d1 in default as ngapContainer with ngapContainer.dap4constraint="/orbit_info_rgt;/orbit_info_crossing_time;/gt3r_ssh_segments_latitude[0:8:];/gt3r_ssh_segments_longitude[0:8:];/gt3r_ssh_segments_delta_time[0:8:];/gt3l_ssh_segments_latitude[0:8:];/gt3l_ssh_segments_longitude[0:8:];/gt3l_ssh_segments_delta_time[0:8:];/gt2r_ssh_segments_latitude[0:8:];/gt2r_ssh_segments_longitude[0:8:];/gt2r_ssh_segments_delta_time[0:8:];/gt2l_ssh_segments_latitude[0:8:];/gt2l_ssh_segments_longitude[0:8:];/gt2l_ssh_segments_delta_time[0:8:];/gt1r_ssh_segments_latitude[0:8:];/gt1r_ssh_segments_longitude[0:8:];/gt1r_ssh_segments_delta_time[0:8:];/gt1l_ssh_segments_latitude[0:8:];/gt1l_ssh_segments_longitude[0:8:];/gt1l_ssh_segments_delta_time[0:8:]"; transmitting
1692903604,1557,timing,elapsed_us,109808,start_us,1692903604449670,stop_us,1692903604559478,-,DmrppArray::read_super_chunks_concurrent() -  name: gt1r_ssh_segments_latitude
1692903604,1557,timing,elapsed_us,18256,start_us,1692903604773668,stop_us,1692903604791924,-,DmrppArray::read_contiguous() -  name: gt3l_ssh_segments_longitude
1692903604,1557,timing,elapsed_us,18426,start_us,1692903604755047,stop_us,1692903604773473,-,DmrppArray::read_contiguous() -  name: gt3l_ssh_segments_latitude
1692903604,1557,timing,elapsed_us,19431,start_us,1692903604973340,stop_us,1692903604992771,-,DmrppArray::read_contiguous() -  name: gt2l_ssh_segments_delta_time
1692903604,1557,timing,elapsed_us,19869,start_us,1692903604792010,stop_us,1692903604811879,-,DmrppArray::read_contiguous() -  name: gt2l_ssh_segments_latitude
1692903604,1557,timing,elapsed_us,20460,start_us,1692903604811953,stop_us,1692903604832413,-,DmrppArray::read_contiguous() -  name: gt2l_ssh_segments_longitude
1692903604,1557,timing,elapsed_us,21130,start_us,1692903604916454,stop_us,1692903604937584,-,DmrppArray::read_contiguous() -  name: gt1l_ssh_segments_delta_time
1692903604,1557,timing,elapsed_us,22701,start_us,1692903604732261,stop_us,1692903604754962,-,DmrppArray::read_contiguous() -  name: gt1l_ssh_segments_longitude
1692903604,1557,timing,elapsed_us,2289278,start_us,1692903602072942,stop_us,1692903604362220,-,RemoteResource::get_url() - source url: https://data.nsidc.uat.earthdatacloud.nasa.gov/nsidc-cumulus-uat-protected/ATLAS/ATL12/005/2020/01/ATL12_20200101002212_00810601_005_02.h5.dmrpp
1692903604,1557,timing,elapsed_us,27642,start_us,1692903604832870,stop_us,1692903604860512,-,DmrppArray::read_super_chunks_concurrent() -  name: gt3r_ssh_segments_latitude
1692903604,1557,timing,elapsed_us,35072,start_us,1692903604697029,stop_us,1692903604732101,-,DmrppArray::read_contiguous() -  name: gt1l_ssh_segments_latitude
1692903604,1557,timing,elapsed_us,35275,start_us,1692903604937899,stop_us,1692903604973174,-,DmrppArray::read_super_chunks_concurrent() -  name: gt1r_ssh_segments_delta_time
1692903604,1557,timing,elapsed_us,35865,start_us,1692903604661017,stop_us,1692903604696882,-,DmrppArray::read_super_chunks_concurrent() -  name: gt2r_ssh_segments_longitude
1692903604,1557,timing,elapsed_us,49643,start_us,1692903604611134,stop_us,1692903604660777,-,DmrppArray::read_super_chunks_concurrent() -  name: gt2r_ssh_segments_latitude
1692903604,1557,timing,elapsed_us,51073,start_us,1692903604559786,stop_us,1692903604610859,-,DmrppArray::read_super_chunks_concurrent() -  name: gt1r_ssh_segments_longitude
1692903604,1557,timing,elapsed_us,55475,start_us,1692903604860813,stop_us,1692903604916288,-,DmrppArray::read_super_chunks_concurrent() -  name: gt3r_ssh_segments_longitude
1692903604,1557,timing,elapsed_us,76642,start_us,1692903604372569,stop_us,1692903604449211,-,DmrppArray::read_contiguous() -  name: orbit_info_rgt
1692903605,1557,timing,elapsed_us,17226,start_us,1692903605059219,stop_us,1692903605076445,-,DmrppArray::read_contiguous() -  name: orbit_info_crossing_time
1692903605,1557,timing,elapsed_us,17294,start_us,1692903605019340,stop_us,1692903605036634,-,DmrppArray::read_contiguous() -  name: gt3l_ssh_segments_delta_time
1692903605,1557,timing,elapsed_us,186,start_us,1692903605077932,stop_us,1692903605078118,-,BESInterface::execute_request
1692903605,1557,timing,elapsed_us,214,start_us,1692903605077928,stop_us,1692903605078142,-,BESServerHandler::execute
1692903605,1557,timing,elapsed_us,22142,start_us,1692903605036934,stop_us,1692903605059076,-,DmrppArray::read_super_chunks_concurrent() -  name: gt3r_ssh_segments_delta_time
1692903605,1557,timing,elapsed_us,26115,start_us,1692903604992924,stop_us,1692903605019039,-,DmrppArray::read_super_chunks_concurrent() -  name: gt2r_ssh_segments_delta_time
1692903605,1557,timing,elapsed_us,3248090,start_us,1692903601828693,stop_us,1692903605076783,-,BESInterface::execute_request
1692903605,1557,timing,elapsed_us,3249240,start_us,1692903601828669,stop_us,1692903605077909,-,BESServerHandler::execute
1692903605,1557,timing,elapsed_us,7,start_us,1692903605078104,stop_us,1692903605078111,client: /-3:119,show status; transmitting
1692903605,1557,timing,elapsed_us,705672,start_us,1692903604371051,stop_us,1692903605076723,-,BESDapResponseBuilder::serialize_dap4_data() - Timer
1692903605,1557,timing,elapsed_us,706046,start_us,1692903604370712,stop_us,1692903605076758,http-nio-8080-exec-9:37[bes_client:/-3],get dap for d1 return as dap2; transmitting
1692903651,1557,timing,elapsed_us,232753,start_us,1692903651237915,stop_us,1692903651470668,-,RemoteResource::get_url() - source url: https://cmr.uat.earthdata.nasa.gov/search/granules.umm_json_v1_4?collection_concept_id=C1241426998-NSIDC_CUAT&granule_ur=ATL12_20200101002212_00810601_005_02.h5
1692903651,1557,timing,elapsed_us,6,start_us,1692903651471400,stop_us,1692903651471406,http-nio-8080-exec-1:29[bes_client:/-3],define d1 in default as ngapContainer with ngapContainer.dap4constraint="/orbit_info_rgt;/orbit_info_crossing_time;/gt3r_ssh_segments_latitude[0:8:];/gt3r_ssh_segments_longitude[0:8:];/gt3r_ssh_segments_delta_time[0:8:];/gt3l_ssh_segments_latitude[0:8:];/gt3l_ssh_segments_longitude[0:8:];/gt3l_ssh_segments_delta_time[0:8:];/gt2r_ssh_segments_latitude[0:8:];/gt2r_ssh_segments_longitude[0:8:];/gt2r_ssh_segments_delta_time[0:8:];/gt2l_ssh_segments_latitude[0:8:];/gt2l_ssh_segments_longitude[0:8:];/gt2l_ssh_segments_delta_time[0:8:];/gt1r_ssh_segments_latitude[0:8:];/gt1r_ssh_segments_longitude[0:8:];/gt1r_ssh_segments_delta_time[0:8:];/gt1l_ssh_segments_latitude[0:8:];/gt1l_ssh_segments_longitude[0:8:];/gt1l_ssh_segments_delta_time[0:8:]"; transmitting
1692903651,1557,timing,elapsed_us,7,start_us,1692903651471206,stop_us,1692903651471213,http-nio-8080-exec-1:29[bes_client:/-3],set container in ngap values ngapContainer,collections/C1241426998-NSIDC_CUAT/granules/ATL12_20200101002212_00810601_005_02.h5; transmitting
1692903654,1557,timing,elapsed_us,102855,start_us,1692903654181736,stop_us,1692903654284591,-,DmrppArray::read_super_chunks_concurrent() -  name: gt1r_ssh_segments_latitude
1692903654,1557,timing,elapsed_us,110723,start_us,1692903654070580,stop_us,1692903654181303,-,DmrppArray::read_contiguous() -  name: orbit_info_rgt
1692903654,1557,timing,elapsed_us,112205,start_us,1692903654709655,stop_us,1692903654821860,-,DmrppArray::read_contiguous() -  name: gt3l_ssh_segments_longitude
1692903654,1557,timing,elapsed_us,163120,start_us,1692903654314883,stop_us,1692903654478003,-,DmrppArray::read_super_chunks_concurrent() -  name: gt2r_ssh_segments_latitude
1692903654,1557,timing,elapsed_us,23200,start_us,1692903654686281,stop_us,1692903654709481,-,DmrppArray::read_contiguous() -  name: gt3l_ssh_segments_latitude
1692903654,1557,timing,elapsed_us,2588287,start_us,1692903651472230,stop_us,1692903654060517,-,RemoteResource::get_url() - source url: https://data.nsidc.uat.earthdatacloud.nasa.gov/nsidc-cumulus-uat-protected/ATLAS/ATL12/005/2020/01/ATL12_20200101002212_00810601_005_02.h5.dmrpp
1692903654,1557,timing,elapsed_us,29697,start_us,1692903654284927,stop_us,1692903654314624,-,DmrppArray::read_super_chunks_concurrent() -  name: gt1r_ssh_segments_longitude
1692903654,1557,timing,elapsed_us,58273,start_us,1692903654627923,stop_us,1692903654686196,-,DmrppArray::read_contiguous() -  name: gt1l_ssh_segments_longitude
1692903654,1557,timing,elapsed_us,58621,start_us,1692903654821948,stop_us,1692903654880569,-,DmrppArray::read_contiguous() -  name: gt2l_ssh_segments_latitude
1692903654,1557,timing,elapsed_us,69490,start_us,1692903654558346,stop_us,1692903654627836,-,DmrppArray::read_contiguous() -  name: gt1l_ssh_segments_latitude
1692903654,1557,timing,elapsed_us,79789,start_us,1692903654478252,stop_us,1692903654558041,-,DmrppArray::read_super_chunks_concurrent() -  name: gt2r_ssh_segments_longitude
1692903655,1557,timing,elapsed_us,1431179,start_us,1692903654069066,stop_us,1692903655500245,-,BESDapResponseBuilder::serialize_dap4_data() - Timer
1692903655,1557,timing,elapsed_us,1431551,start_us,1692903654068721,stop_us,1692903655500272,http-nio-8080-exec-1:29[bes_client:/-3],get dap for d1 return as dap2; transmitting
1692903655,1557,timing,elapsed_us,153052,start_us,1692903654880777,stop_us,1692903655033829,-,DmrppArray::read_contiguous() -  name: gt2l_ssh_segments_longitude
1692903655,1557,timing,elapsed_us,16281,start_us,1692903655483739,stop_us,1692903655500020,-,DmrppArray::read_contiguous() -  name: orbit_info_crossing_time
1692903655,1557,timing,elapsed_us,203,start_us,1692903655501919,stop_us,1692903655502122,-,BESInterface::execute_request
1692903655,1557,timing,elapsed_us,20491,start_us,1692903655280033,stop_us,1692903655300524,-,DmrppArray::read_contiguous() -  name: gt2l_ssh_segments_delta_time
1692903655,1557,timing,elapsed_us,264,start_us,1692903655501884,stop_us,1692903655502148,-,BESServerHandler::execute
1692903655,1557,timing,elapsed_us,4267529,start_us,1692903651232775,stop_us,1692903655500304,-,BESInterface::execute_request
1692903655,1557,timing,elapsed_us,4269120,start_us,1692903651232739,stop_us,1692903655501859,-,BESServerHandler::execute
1692903655,1557,timing,elapsed_us,44187,start_us,1692903655300707,stop_us,1692903655344894,-,DmrppArray::read_super_chunks_concurrent() -  name: gt2r_ssh_segments_delta_time
1692903655,1557,timing,elapsed_us,46612,start_us,1692903655110128,stop_us,1692903655156740,-,DmrppArray::read_super_chunks_concurrent() -  name: gt3r_ssh_segments_longitude
1692903655,1557,timing,elapsed_us,49870,start_us,1692903655230015,stop_us,1692903655279885,-,DmrppArray::read_super_chunks_concurrent() -  name: gt1r_ssh_segments_delta_time
1692903655,1557,timing,elapsed_us,61823,start_us,1692903655345049,stop_us,1692903655406872,-,DmrppArray::read_contiguous() -  name: gt3l_ssh_segments_delta_time
1692903655,1557,timing,elapsed_us,7,start_us,1692903655502107,stop_us,1692903655502114,client: /-3:121,show status; transmitting
1692903655,1557,timing,elapsed_us,72929,start_us,1692903655156895,stop_us,1692903655229824,-,DmrppArray::read_contiguous() -  name: gt1l_ssh_segments_delta_time
1692903655,1557,timing,elapsed_us,75833,start_us,1692903655034036,stop_us,1692903655109869,-,DmrppArray::read_super_chunks_concurrent() -  name: gt3r_ssh_segments_latitude
1692903655,1557,timing,elapsed_us,76510,start_us,1692903655407081,stop_us,1692903655483591,-,DmrppArray::read_super_chunks_concurrent() -  name: gt3r_ssh_segments_delta_time
1692903697,1557,timing,elapsed_us,6,start_us,1692903697790863,stop_us,1692903697790869,http-nio-8080-exec-1:29[bes_client:/-3],define d1 in default as ngapContainer with ngapContainer.dap4constraint="/orbit_info_rgt;/orbit_info_crossing_time;/gt3r_segment_lat[0:256:];/gt3r_segment_lon[0:256:];/gt3r_delta_time[0:256:];/gt3l_segment_lat[0:256:];/gt3l_segment_lon[0:256:];/gt3l_delta_time[0:256:];/gt2r_segment_lat[0:256:];/gt2r_segment_lon[0:256:];/gt2r_delta_time[0:256:];/gt2l_segment_lat[0:256:];/gt2l_segment_lon[0:256:];/gt2l_delta_time[0:256:];/gt1r_segment_lat[0:256:];/gt1r_segment_lon[0:256:];/gt1r_delta_time[0:256:];/gt1l_segment_lat[0:256:];/gt1l_segment_lon[0:256:];/gt1l_delta_time[0:256:]"; transmitting
1692903697,1557,timing,elapsed_us,7,start_us,1692903697790668,stop_us,1692903697790675,http-nio-8080-exec-1:29[bes_client:/-3],set container in ngap values ngapContainer,collections/C1241427013-NSIDC_CUAT/granules/ATL13_20200101002212_00810601_005_01.h5; transmitting
1692903697,1557,timing,elapsed_us,825488,start_us,1692903696964711,stop_us,1692903697790199,-,RemoteResource::get_url() - source url: https://cmr.uat.earthdata.nasa.gov/search/granules.umm_json_v1_4?collection_concept_id=C1241427013-NSIDC_CUAT&granule_ur=ATL13_20200101002212_00810601_005_01.h5
1692903700,1557,timing,elapsed_us,2304649,start_us,1692903697791726,stop_us,1692903700096375,-,RemoteResource::get_url() - source url: https://data.nsidc.uat.earthdatacloud.nasa.gov/nsidc-cumulus-uat-protected/ATLAS/ATL13/005/2020/01/ATL13_20200101002212_00810601_005_01.h5.dmrpp
1692903702,1557,timing,elapsed_us,137563,start_us,1692903702539968,stop_us,1692903702677531,-,DmrppArray::read_super_chunks_concurrent() -  name: gt1r_segment_lon
1692903702,1557,timing,elapsed_us,2341999,start_us,1692903700108176,stop_us,1692903702450175,-,CurlUtils::retrieve_effective_url() -  Following Redirects Starting With: https://data.nsidc.uat.earthdatacloud.nasa.gov/nsidc-cumulus-uat-protected/ATLAS/ATL13/005/2020/01/ATL13_20200101002212_00810601_005_01.h5
1692903702,1557,timing,elapsed_us,2431065,start_us,1692903700108129,stop_us,1692903702539194,-,DmrppArray::read_contiguous() -  name: orbit_info_rgt
1692903702,1557,timing,elapsed_us,25000,start_us,1692903702906235,stop_us,1692903702931235,-,DmrppArray::read_super_chunks_concurrent() -  name: gt1l_segment_lat
1692903702,1557,timing,elapsed_us,36812,start_us,1692903702869141,stop_us,1692903702905953,-,DmrppArray::read_super_chunks_concurrent() -  name: gt1l_segment_lon
1692903702,1557,timing,elapsed_us,42095,start_us,1692903702678273,stop_us,1692903702720368,-,DmrppArray::read_super_chunks_concurrent() -  name: gt1r_segment_lat
1692903702,1557,timing,elapsed_us,47293,start_us,1692903702821575,stop_us,1692903702868868,-,DmrppArray::read_super_chunks_concurrent() -  name: gt2r_segment_lat
1692903702,1557,timing,elapsed_us,49296,start_us,1692903702931538,stop_us,1692903702980834,-,DmrppArray::read_super_chunks_concurrent() -  name: gt3l_segment_lon
1692903702,1557,timing,elapsed_us,99921,start_us,1692903702721022,stop_us,1692903702820943,-,DmrppArray::read_super_chunks_concurrent() -  name: gt2r_segment_lon
1692903703,1557,timing,elapsed_us,101592,start_us,1692903703290879,stop_us,1692903703392471,-,DmrppArray::read_super_chunks_concurrent() -  name: gt1l_delta_time
1692903703,1557,timing,elapsed_us,117553,start_us,1692903703393178,stop_us,1692903703510731,-,DmrppArray::read_super_chunks_concurrent() -  name: gt1r_delta_time
1692903703,1557,timing,elapsed_us,204,start_us,1692903703773106,stop_us,1692903703773310,-,BESInterface::execute_request
1692903703,1557,timing,elapsed_us,232,start_us,1692903703773102,stop_us,1692903703773334,-,BESServerHandler::execute
1692903703,1557,timing,elapsed_us,26613,start_us,1692903703703308,stop_us,1692903703729921,-,DmrppArray::read_super_chunks_concurrent() -  name: gt3r_delta_time
1692903703,1557,timing,elapsed_us,29674,start_us,1692903702981076,stop_us,1692903703010750,-,DmrppArray::read_super_chunks_concurrent() -  name: gt3l_segment_lat
1692903703,1557,timing,elapsed_us,32760,start_us,1692903703669901,stop_us,1692903703702661,-,DmrppArray::read_super_chunks_concurrent() -  name: gt3l_delta_time
1692903703,1557,timing,elapsed_us,3664678,start_us,1692903700106682,stop_us,1692903703771360,-,BESDapResponseBuilder::serialize_dap4_data() - Timer
1692903703,1557,timing,elapsed_us,3665073,start_us,1692903700106338,stop_us,1692903703771411,http-nio-8080-exec-1:29[bes_client:/-3],get dap for d1 return as dap2; transmitting
1692903703,1557,timing,elapsed_us,41038,start_us,1692903703730044,stop_us,1692903703771082,-,DmrppArray::read_contiguous() -  name: orbit_info_crossing_time
1692903703,1557,timing,elapsed_us,44606,start_us,1692903703157714,stop_us,1692903703202320,-,DmrppArray::read_super_chunks_concurrent() -  name: gt3r_segment_lon
1692903703,1557,timing,elapsed_us,62108,start_us,1692903703094950,stop_us,1692903703157058,-,DmrppArray::read_super_chunks_concurrent() -  name: gt2l_segment_lat
1692903703,1557,timing,elapsed_us,63924,start_us,1692903703605666,stop_us,1692903703669590,-,DmrppArray::read_super_chunks_concurrent() -  name: gt2r_delta_time
1692903703,1557,timing,elapsed_us,6810746,start_us,1692903696960691,stop_us,1692903703771437,-,BESInterface::execute_request
1692903703,1557,timing,elapsed_us,6812410,start_us,1692903696960670,stop_us,1692903703773080,-,BESServerHandler::execute
1692903703,1557,timing,elapsed_us,7,start_us,1692903703773296,stop_us,1692903703773303,client: /-3:123,show status; transmitting
1692903703,1557,timing,elapsed_us,83718,start_us,1692903703010997,stop_us,1692903703094715,-,DmrppArray::read_super_chunks_concurrent() -  name: gt2l_segment_lon
1692903703,1557,timing,elapsed_us,87636,start_us,1692903703202912,stop_us,1692903703290548,-,DmrppArray::read_super_chunks_concurrent() -  name: gt3r_segment_lat
1692903703,1557,timing,elapsed_us,94104,start_us,1692903703511004,stop_us,1692903703605108,-,DmrppArray::read_super_chunks_concurrent() -  name: gt2l_delta_time
1692903754,1557,timing,elapsed_us,211575,start_us,1692903753869181,stop_us,1692903754080756,-,RemoteResource::get_url() - source url: https://cmr.uat.earthdata.nasa.gov/search/granules.umm_json_v1_4?collection_concept_id=C1241427013-NSIDC_CUAT&granule_ur=ATL13_20200101002212_00810601_005_01.h5
1692903754,1557,timing,elapsed_us,6,start_us,1692903754081422,stop_us,1692903754081428,http-nio-8080-exec-9:37[bes_client:/-3],define d1 in default as ngapContainer with ngapContainer.dap4constraint="/orbit_info_rgt;/orbit_info_crossing_time;/gt3r_segment_lat[0:256:];/gt3r_segment_lon[0:256:];/gt3r_delta_time[0:256:];/gt3l_segment_lat[0:256:];/gt3l_segment_lon[0:256:];/gt3l_delta_time[0:256:];/gt2r_segment_lat[0:256:];/gt2r_segment_lon[0:256:];/gt2r_delta_time[0:256:];/gt2l_segment_lat[0:256:];/gt2l_segment_lon[0:256:];/gt2l_delta_time[0:256:];/gt1r_segment_lat[0:256:];/gt1r_segment_lon[0:256:];/gt1r_delta_time[0:256:];/gt1l_segment_lat[0:256:];/gt1l_segment_lon[0:256:];/gt1l_delta_time[0:256:]"; transmitting
1692903754,1557,timing,elapsed_us,7,start_us,1692903754081192,stop_us,1692903754081199,http-nio-8080-exec-9:37[bes_client:/-3],set container in ngap values ngapContainer,collections/C1241427013-NSIDC_CUAT/granules/ATL13_20200101002212_00810601_005_01.h5; transmitting
1692903756,1557,timing,elapsed_us,110214,start_us,1692903756642587,stop_us,1692903756752801,-,DmrppArray::read_super_chunks_concurrent() -  name: gt1r_segment_lon
1692903756,1557,timing,elapsed_us,21723,start_us,1692903756925971,stop_us,1692903756947694,-,DmrppArray::read_super_chunks_concurrent() -  name: gt1l_segment_lat
1692903756,1557,timing,elapsed_us,2449392,start_us,1692903754082236,stop_us,1692903756531628,-,RemoteResource::get_url() - source url: https://data.nsidc.uat.earthdatacloud.nasa.gov/nsidc-cumulus-uat-protected/ATLAS/ATL13/005/2020/01/ATL13_20200101002212_00810601_005_01.h5.dmrpp
1692903756,1557,timing,elapsed_us,25217,start_us,1692903756900466,stop_us,1692903756925683,-,DmrppArray::read_super_chunks_concurrent() -  name: gt1l_segment_lon
1692903756,1557,timing,elapsed_us,35647,start_us,1692903756864517,stop_us,1692903756900164,-,DmrppArray::read_super_chunks_concurrent() -  name: gt2r_segment_lat
1692903756,1557,timing,elapsed_us,42488,start_us,1692903756821403,stop_us,1692903756863891,-,DmrppArray::read_super_chunks_concurrent() -  name: gt2r_segment_lon
1692903756,1557,timing,elapsed_us,67366,start_us,1692903756753394,stop_us,1692903756820760,-,DmrppArray::read_super_chunks_concurrent() -  name: gt1r_segment_lat
1692903756,1557,timing,elapsed_us,97775,start_us,1692903756543729,stop_us,1692903756641504,-,DmrppArray::read_contiguous() -  name: orbit_info_rgt
1692903757,1557,timing,elapsed_us,114709,start_us,1692903757586352,stop_us,1692903757701061,-,DmrppArray::read_super_chunks_concurrent() -  name: gt3l_delta_time
1692903757,1557,timing,elapsed_us,1262098,start_us,1692903756542287,stop_us,1692903757804385,-,BESDapResponseBuilder::serialize_dap4_data() - Timer
1692903757,1557,timing,elapsed_us,1262457,start_us,1692903756541945,stop_us,1692903757804402,http-nio-8080-exec-9:37[bes_client:/-3],get dap for d1 return as dap2; transmitting
1692903757,1557,timing,elapsed_us,140501,start_us,1692903757073416,stop_us,1692903757213917,-,DmrppArray::read_super_chunks_concurrent() -  name: gt2l_segment_lon
1692903757,1557,timing,elapsed_us,203,start_us,1692903757806417,stop_us,1692903757806620,-,BESInterface::execute_request
1692903757,1557,timing,elapsed_us,233,start_us,1692903757806412,stop_us,1692903757806645,-,BESServerHandler::execute
1692903757,1557,timing,elapsed_us,23613,start_us,1692903757440153,stop_us,1692903757463766,-,DmrppArray::read_super_chunks_concurrent() -  name: gt1l_delta_time
1692903757,1557,timing,elapsed_us,26410,start_us,1692903757559641,stop_us,1692903757586051,-,DmrppArray::read_super_chunks_concurrent() -  name: gt2r_delta_time
1692903757,1557,timing,elapsed_us,36654,start_us,1692903757767552,stop_us,1692903757804206,-,DmrppArray::read_contiguous() -  name: orbit_info_crossing_time
1692903757,1557,timing,elapsed_us,3939671,start_us,1692903753864745,stop_us,1692903757804416,-,BESInterface::execute_request
1692903757,1557,timing,elapsed_us,3941680,start_us,1692903753864707,stop_us,1692903757806387,-,BESServerHandler::execute
1692903757,1557,timing,elapsed_us,46098,start_us,1692903757464444,stop_us,1692903757510542,-,DmrppArray::read_super_chunks_concurrent() -  name: gt1r_delta_time
1692903757,1557,timing,elapsed_us,47965,start_us,1692903757510811,stop_us,1692903757558776,-,DmrppArray::read_super_chunks_concurrent() -  name: gt2l_delta_time
1692903757,1557,timing,elapsed_us,51399,start_us,1692903757290506,stop_us,1692903757341905,-,DmrppArray::read_super_chunks_concurrent() -  name: gt3r_segment_lon
1692903757,1557,timing,elapsed_us,6,start_us,1692903757806607,stop_us,1692903757806613,client: /-3:125,show status; transmitting
1692903757,1557,timing,elapsed_us,60644,start_us,1692903757012526,stop_us,1692903757073170,-,DmrppArray::read_super_chunks_concurrent() -  name: gt3l_segment_lat
1692903757,1557,timing,elapsed_us,64244,start_us,1692903756947979,stop_us,1692903757012223,-,DmrppArray::read_super_chunks_concurrent() -  name: gt3l_segment_lon
1692903757,1557,timing,elapsed_us,65674,start_us,1692903757701737,stop_us,1692903757767411,-,DmrppArray::read_super_chunks_concurrent() -  name: gt3r_delta_time
1692903757,1557,timing,elapsed_us,75664,start_us,1692903757214171,stop_us,1692903757289835,-,DmrppArray::read_super_chunks_concurrent() -  name: gt2l_segment_lat
1692903757,1557,timing,elapsed_us,97214,start_us,1692903757342607,stop_us,1692903757439821,-,DmrppArray::read_super_chunks_concurrent() -  name: gt3r_segment_lat
1692903815,1557,timing,elapsed_us,202679,start_us,1692903815362544,stop_us,1692903815565223,-,RemoteResource::get_url() - source url: https://cmr.uat.earthdata.nasa.gov/search/granules.umm_json_v1_4?collection_concept_id=C1241427013-NSIDC_CUAT&granule_ur=ATL13_20200101002212_00810601_005_01.h5
1692903815,1557,timing,elapsed_us,5,start_us,1692903815565675,stop_us,1692903815565680,http-nio-8080-exec-9:37[bes_client:/-3],define d1 in default as ngapContainer with ngapContainer.dap4constraint="/orbit_info_rgt;/orbit_info_crossing_time;/gt3r_segment_lat[0:256:];/gt3r_segment_lon[0:256:];/gt3r_delta_time[0:256:];/gt3l_segment_lat[0:256:];/gt3l_segment_lon[0:256:];/gt3l_delta_time[0:256:];/gt2r_segment_lat[0:256:];/gt2r_segment_lon[0:256:];/gt2r_delta_time[0:256:];/gt2l_segment_lat[0:256:];/gt2l_segment_lon[0:256:];/gt2l_delta_time[0:256:];/gt1r_segment_lat[0:256:];/gt1r_segment_lon[0:256:];/gt1r_delta_time[0:256:];/gt1l_segment_lat[0:256:];/gt1l_segment_lon[0:256:];/gt1l_delta_time[0:256:]"; transmitting
1692903815,1557,timing,elapsed_us,7,start_us,1692903815565441,stop_us,1692903815565448,http-nio-8080-exec-9:37[bes_client:/-3],set container in ngap values ngapContainer,collections/C1241427013-NSIDC_CUAT/granules/ATL13_20200101002212_00810601_005_01.h5; transmitting
1692903817,1557,timing,elapsed_us,2270717,start_us,1692903815566499,stop_us,1692903817837216,-,RemoteResource::get_url() - source url: https://data.nsidc.uat.earthdatacloud.nasa.gov/nsidc-cumulus-uat-protected/ATLAS/ATL13/005/2020/01/ATL13_20200101002212_00810601_005_01.h5.dmrpp
1692903817,1557,timing,elapsed_us,67736,start_us,1692903817849351,stop_us,1692903817917087,-,DmrppArray::read_contiguous() -  name: orbit_info_rgt
1692903818,1557,timing,elapsed_us,102483,start_us,1692903818015336,stop_us,1692903818117819,-,DmrppArray::read_super_chunks_concurrent() -  name: gt1r_segment_lat
1692903818,1557,timing,elapsed_us,103113,start_us,1692903818845018,stop_us,1692903818948131,-,DmrppArray::read_super_chunks_concurrent() -  name: gt2r_delta_time
1692903818,1557,timing,elapsed_us,23777,start_us,1692903818429302,stop_us,1692903818453079,-,DmrppArray::read_super_chunks_concurrent() -  name: gt3l_segment_lat
1692903818,1557,timing,elapsed_us,25698,start_us,1692903818453309,stop_us,1692903818479007,-,DmrppArray::read_super_chunks_concurrent() -  name: gt2l_segment_lon
1692903818,1557,timing,elapsed_us,26020,start_us,1692903818510780,stop_us,1692903818536800,-,DmrppArray::read_super_chunks_concurrent() -  name: gt3r_segment_lon
1692903818,1557,timing,elapsed_us,30832,start_us,1692903818479269,stop_us,1692903818510101,-,DmrppArray::read_super_chunks_concurrent() -  name: gt2l_segment_lat
1692903818,1557,timing,elapsed_us,37800,start_us,1692903818948432,stop_us,1692903818986232,-,DmrppArray::read_super_chunks_concurrent() -  name: gt3l_delta_time
1692903818,1557,timing,elapsed_us,39814,start_us,1692903818348640,stop_us,1692903818388454,-,DmrppArray::read_super_chunks_concurrent() -  name: gt1l_segment_lat
1692903818,1557,timing,elapsed_us,40233,start_us,1692903818388788,stop_us,1692903818429021,-,DmrppArray::read_super_chunks_concurrent() -  name: gt3l_segment_lon
1692903818,1557,timing,elapsed_us,65213,start_us,1692903818779217,stop_us,1692903818844430,-,DmrppArray::read_super_chunks_concurrent() -  name: gt2l_delta_time
1692903818,1557,timing,elapsed_us,67120,start_us,1692903818118445,stop_us,1692903818185565,-,DmrppArray::read_super_chunks_concurrent() -  name: gt2r_segment_lon
1692903818,1557,timing,elapsed_us,68513,start_us,1692903818279812,stop_us,1692903818348325,-,DmrppArray::read_super_chunks_concurrent() -  name: gt1l_segment_lon
1692903818,1557,timing,elapsed_us,77003,start_us,1692903818624057,stop_us,1692903818701060,-,DmrppArray::read_super_chunks_concurrent() -  name: gt1l_delta_time
1692903818,1557,timing,elapsed_us,77221,start_us,1692903818701716,stop_us,1692903818778937,-,DmrppArray::read_super_chunks_concurrent() -  name: gt1r_delta_time
1692903818,1557,timing,elapsed_us,86352,start_us,1692903818537390,stop_us,1692903818623742,-,DmrppArray::read_super_chunks_concurrent() -  name: gt3r_segment_lat
1692903818,1557,timing,elapsed_us,93386,start_us,1692903818186165,stop_us,1692903818279551,-,DmrppArray::read_super_chunks_concurrent() -  name: gt2r_segment_lat
1692903818,1557,timing,elapsed_us,96613,start_us,1692903817918099,stop_us,1692903818014712,-,DmrppArray::read_super_chunks_concurrent() -  name: gt1r_segment_lon
1692903819,1557,timing,elapsed_us,1191652,start_us,1692903817847895,stop_us,1692903819039547,-,BESDapResponseBuilder::serialize_dap4_data() - Timer
1692903819,1557,timing,elapsed_us,1192023,start_us,1692903817847553,stop_us,1692903819039576,http-nio-8080-exec-9:37[bes_client:/-3],get dap for d1 return as dap2; transmitting
1692903819,1557,timing,elapsed_us,18870,start_us,1692903819020406,stop_us,1692903819039276,-,DmrppArray::read_contiguous() -  name: orbit_info_crossing_time
1692903819,1557,timing,elapsed_us,192,start_us,1692903819041263,stop_us,1692903819041455,-,BESInterface::execute_request
1692903819,1557,timing,elapsed_us,223,start_us,1692903819041259,stop_us,1692903819041482,-,BESServerHandler::execute
1692903819,1557,timing,elapsed_us,33388,start_us,1692903818986891,stop_us,1692903819020279,-,DmrppArray::read_super_chunks_concurrent() -  name: gt3r_delta_time
1692903819,1557,timing,elapsed_us,3682833,start_us,1692903815356764,stop_us,1692903819039597,-,BESInterface::execute_request
1692903819,1557,timing,elapsed_us,3684499,start_us,1692903815356732,stop_us,1692903819041231,-,BESServerHandler::execute
1692903819,1557,timing,elapsed_us,7,start_us,1692903819041440,stop_us,1692903819041447,client: /-3:127,show status; transmitting
1692903871,1557,timing,elapsed_us,210852,start_us,1692903871297351,stop_us,1692903871508203,-,RemoteResource::get_url() - source url: https://cmr.uat.earthdata.nasa.gov/search/granules.umm_json_v1_4?collection_concept_id=C1241426907-NSIDC_CUAT&granule_ur=ATL08_20200101145654_00900605_005_01.h5
1692903871,1557,timing,elapsed_us,8,start_us,1692903871508736,stop_us,1692903871508744,http-nio-8080-exec-9:37[bes_client:/-3],set container in ngap values ngapContainer,collections/C1241426907-NSIDC_CUAT/granules/ATL08_20200101145654_00900605_005_01.h5; transmitting
1692903871,1557,timing,elapsed_us,8,start_us,1692903871508970,stop_us,1692903871508978,http-nio-8080-exec-9:37[bes_client:/-3],define d1 in default as ngapContainer with ngapContainer.dap4constraint="/orbit_info_rgt;/orbit_info_crossing_time;/gt3r_land_segments_latitude[0:8:];/gt3r_land_segments_longitude[0:8:];/gt3r_land_segments_terrain_h_te_best_fit[0:8:];/gt3r_land_segments_canopy_h_canopy[0:8:];/gt3r_land_segments_delta_time[0:8:];/gt3l_land_segments_latitude[0:8:];/gt3l_land_segments_longitude[0:8:];/gt3l_land_segments_terrain_h_te_best_fit[0:8:];/gt3l_land_segments_canopy_h_canopy[0:8:];/gt3l_land_segments_delta_time[0:8:];/gt2r_land_segments_latitude[0:8:];/gt2r_land_segments_longitude[0:8:];/gt2r_land_segments_terrain_h_te_best_fit[0:8:];/gt2r_land_segments_canopy_h_canopy[0:8:];/gt2r_land_segments_delta_time[0:8:];/gt2l_land_segments_latitude[0:8:];/gt2l_land_segments_longitude[0:8:];/gt2l_land_segments_terrain_h_te_best_fit[0:8:];/gt2l_land_segments_canopy_h_canopy[0:8:];/gt2l_land_segments_delta_time[0:8:];/gt1r_land_segments_latitude[0:8:];/gt1r_land_segments_longitude[0:8:];/gt1r_land_segments_terrain_h_te_best_fit[0:8:];/gt1r_land_segments_canopy_h_canopy[0:8:];/gt1r_land_segments_delta_time[0:8:];/gt1l_land_segments_latitude[0:8:];/gt1l_land_segments_longitude[0:8:];/gt1l_land_segments_terrain_h_te_best_fit[0:8:];/gt1l_land_segments_canopy_h_canopy[0:8:];/gt1l_land_segments_delta_time[0:8:]"; transmitting
1692903873,1557,timing,elapsed_us,2333597,start_us,1692903871509828,stop_us,1692903873843425,-,RemoteResource::get_url() - source url: https://data.nsidc.uat.earthdatacloud.nasa.gov/nsidc-cumulus-uat-protected/ATLAS/ATL08/005/2020/01/01/ATL08_20200101145654_00900605_005_01.h5.dmrpp
1692903873,1557,timing,elapsed_us,80150,start_us,1692903873859151,stop_us,1692903873939301,-,DmrppArray::read_contiguous() -  name: gt1l_land_segments_delta_time
1692903874,1557,timing,elapsed_us,168328,start_us,1692903873939420,stop_us,1692903874107748,-,DmrppArray::read_contiguous() -  name: gt1r_land_segments_delta_time
1692903874,1557,timing,elapsed_us,17388,start_us,1692903874426817,stop_us,1692903874444205,-,DmrppArray::read_contiguous() -  name: gt2r_land_segments_longitude
1692903874,1557,timing,elapsed_us,18536,start_us,1692903874369211,stop_us,1692903874387747,-,DmrppArray::read_contiguous() -  name: gt1r_land_segments_latitude
1692903874,1557,timing,elapsed_us,19054,start_us,1692903874308054,stop_us,1692903874327108,-,DmrppArray::read_contiguous() -  name: gt1r_land_segments_canopy_h_canopy
1692903874,1557,timing,elapsed_us,19135,start_us,1692903874387948,stop_us,1692903874407083,-,DmrppArray::read_contiguous() -  name: gt2r_land_segments_canopy_h_canopy
1692903874,1557,timing,elapsed_us,19268,start_us,1692903874444286,stop_us,1692903874463554,-,DmrppArray::read_contiguous() -  name: gt2r_land_segments_latitude
1692903874,1557,timing,elapsed_us,19486,start_us,1692903874407163,stop_us,1692903874426649,-,DmrppArray::read_contiguous() -  name: gt2r_land_segments_terrain_h_te_best_fit
1692903874,1557,timing,elapsed_us,19557,start_us,1692903874265134,stop_us,1692903874284691,-,DmrppArray::read_contiguous() -  name: orbit_info_crossing_time
1692903874,1557,timing,elapsed_us,20004,start_us,1692903874327182,stop_us,1692903874347186,-,DmrppArray::read_contiguous() -  name: gt1r_land_segments_terrain_h_te_best_fit
1692903874,1557,timing,elapsed_us,20197,start_us,1692903874463722,stop_us,1692903874483919,-,DmrppArray::read_contiguous() -  name: gt1l_land_segments_canopy_h_canopy
1692903874,1557,timing,elapsed_us,21414,start_us,1692903874705112,stop_us,1692903874726526,-,DmrppArray::read_contiguous() -  name: gt3l_land_segments_terrain_h_te_best_fit
1692903874,1557,timing,elapsed_us,21850,start_us,1692903874347278,stop_us,1692903874369128,-,DmrppArray::read_contiguous() -  name: gt1r_land_segments_longitude
1692903874,1557,timing,elapsed_us,22179,start_us,1692903874484078,stop_us,1692903874506257,-,DmrppArray::read_contiguous() -  name: gt1l_land_segments_terrain_h_te_best_fit
1692903874,1557,timing,elapsed_us,23008,start_us,1692903874284875,stop_us,1692903874307883,-,DmrppArray::read_contiguous() -  name: orbit_info_rgt
1692903874,1557,timing,elapsed_us,24650,start_us,1692903874189482,stop_us,1692903874214132,-,DmrppArray::read_contiguous() -  name: gt3l_land_segments_delta_time
1692903874,1557,timing,elapsed_us,36519,start_us,1692903874893441,stop_us,1692903874929960,-,DmrppArray::read_contiguous() -  name: gt2l_land_segments_terrain_h_te_best_fit
1692903874,1557,timing,elapsed_us,37237,start_us,1692903874792974,stop_us,1692903874830211,-,DmrppArray::read_contiguous() -  name: gt3l_land_segments_latitude
1692903874,1557,timing,elapsed_us,40206,start_us,1692903874107944,stop_us,1692903874148150,-,DmrppArray::read_contiguous() -  name: gt2l_land_segments_delta_time
1692903874,1557,timing,elapsed_us,41085,start_us,1692903874148251,stop_us,1692903874189336,-,DmrppArray::read_contiguous() -  name: gt2r_land_segments_delta_time
1692903874,1557,timing,elapsed_us,44618,start_us,1692903874599242,stop_us,1692903874643860,-,DmrppArray::read_contiguous() -  name: gt1l_land_segments_latitude
1692903874,1557,timing,elapsed_us,50818,start_us,1692903874214212,stop_us,1692903874265030,-,DmrppArray::read_contiguous() -  name: gt3r_land_segments_delta_time
1692903874,1557,timing,elapsed_us,60214,start_us,1692903874930050,stop_us,1692903874990264,-,DmrppArray::read_contiguous() -  name: gt2l_land_segments_longitude
1692903874,1557,timing,elapsed_us,60995,start_us,1692903874643946,stop_us,1692903874704941,-,DmrppArray::read_contiguous() -  name: gt3l_land_segments_canopy_h_canopy
1692903874,1557,timing,elapsed_us,62945,start_us,1692903874830295,stop_us,1692903874893240,-,DmrppArray::read_contiguous() -  name: gt2l_land_segments_canopy_h_canopy
1692903874,1557,timing,elapsed_us,66070,start_us,1692903874726721,stop_us,1692903874792791,-,DmrppArray::read_contiguous() -  name: gt3l_land_segments_longitude
1692903874,1557,timing,elapsed_us,92800,start_us,1692903874506353,stop_us,1692903874599153,-,DmrppArray::read_contiguous() -  name: gt1l_land_segments_longitude
1692903875,1557,timing,elapsed_us,1281507,start_us,1692903873857691,stop_us,1692903875139198,-,BESDapResponseBuilder::serialize_dap4_data() - Timer
1692903875,1557,timing,elapsed_us,1281913,start_us,1692903873857299,stop_us,1692903875139212,http-nio-8080-exec-9:37[bes_client:/-3],get dap for d1 return as dap2; transmitting
1692903875,1557,timing,elapsed_us,18057,start_us,1692903875020839,stop_us,1692903875038896,-,DmrppArray::read_contiguous() -  name: gt3r_land_segments_canopy_h_canopy
1692903875,1557,timing,elapsed_us,18643,start_us,1692903875039073,stop_us,1692903875057716,-,DmrppArray::read_contiguous() -  name: gt3r_land_segments_terrain_h_te_best_fit
1692903875,1557,timing,elapsed_us,213,start_us,1692903875140527,stop_us,1692903875140740,-,BESInterface::execute_request
1692903875,1557,timing,elapsed_us,241,start_us,1692903875140523,stop_us,1692903875140764,-,BESServerHandler::execute
1692903875,1557,timing,elapsed_us,30212,start_us,1692903874990433,stop_us,1692903875020645,-,DmrppArray::read_contiguous() -  name: gt2l_land_segments_latitude
1692903875,1557,timing,elapsed_us,3846432,start_us,1692903871292789,stop_us,1692903875139221,-,BESInterface::execute_request
1692903875,1557,timing,elapsed_us,3847756,start_us,1692903871292749,stop_us,1692903875140505,-,BESServerHandler::execute
1692903875,1557,timing,elapsed_us,38488,start_us,1692903875100492,stop_us,1692903875138980,-,DmrppArray::read_contiguous() -  name: gt3r_land_segments_latitude
1692903875,1557,timing,elapsed_us,42434,start_us,1692903875057890,stop_us,1692903875100324,-,DmrppArray::read_contiguous() -  name: gt3r_land_segments_longitude
1692903875,1557,timing,elapsed_us,7,start_us,1692903875140723,stop_us,1692903875140730,client: /-3:129,show status; transmitting
1692903914,1557,timing,elapsed_us,346113,start_us,1692903913733249,stop_us,1692903914079362,-,RemoteResource::get_url() - source url: https://cmr.uat.earthdata.nasa.gov/search/granules.umm_json_v1_4?collection_concept_id=C1241426907-NSIDC_CUAT&granule_ur=ATL08_20200101145654_00900605_005_01.h5
1692903914,1557,timing,elapsed_us,7,start_us,1692903914079935,stop_us,1692903914079942,http-nio-8080-exec-10:38[bes_client:/-3],set container in ngap values ngapContainer,collections/C1241426907-NSIDC_CUAT/granules/ATL08_20200101145654_00900605_005_01.h5; transmitting
1692903914,1557,timing,elapsed_us,8,start_us,1692903914080319,stop_us,1692903914080327,http-nio-8080-exec-10:38[bes_client:/-3],define d1 in default as ngapContainer with ngapContainer.dap4constraint="/orbit_info_rgt;/orbit_info_crossing_time;/gt3r_land_segments_latitude[0:8:];/gt3r_land_segments_longitude[0:8:];/gt3r_land_segments_terrain_h_te_best_fit[0:8:];/gt3r_land_segments_canopy_h_canopy[0:8:];/gt3r_land_segments_delta_time[0:8:];/gt3l_land_segments_latitude[0:8:];/gt3l_land_segments_longitude[0:8:];/gt3l_land_segments_terrain_h_te_best_fit[0:8:];/gt3l_land_segments_canopy_h_canopy[0:8:];/gt3l_land_segments_delta_time[0:8:];/gt2r_land_segments_latitude[0:8:];/gt2r_land_segments_longitude[0:8:];/gt2r_land_segments_terrain_h_te_best_fit[0:8:];/gt2r_land_segments_canopy_h_canopy[0:8:];/gt2r_land_segments_delta_time[0:8:];/gt2l_land_segments_latitude[0:8:];/gt2l_land_segments_longitude[0:8:];/gt2l_land_segments_terrain_h_te_best_fit[0:8:];/gt2l_land_segments_canopy_h_canopy[0:8:];/gt2l_land_segments_delta_time[0:8:];/gt1r_land_segments_latitude[0:8:];/gt1r_land_segments_longitude[0:8:];/gt1r_land_segments_terrain_h_te_best_fit[0:8:];/gt1r_land_segments_canopy_h_canopy[0:8:];/gt1r_land_segments_delta_time[0:8:];/gt1l_land_segments_latitude[0:8:];/gt1l_land_segments_longitude[0:8:];/gt1l_land_segments_terrain_h_te_best_fit[0:8:];/gt1l_land_segments_canopy_h_canopy[0:8:];/gt1l_land_segments_delta_time[0:8:]"; transmitting
1692903916,1557,timing,elapsed_us,15129,start_us,1692903916879459,stop_us,1692903916894588,-,DmrppArray::read_contiguous() -  name: gt2r_land_segments_terrain_h_te_best_fit
1692903916,1557,timing,elapsed_us,15450,start_us,1692903916982742,stop_us,1692903916998192,-,DmrppArray::read_contiguous() -  name: gt1l_land_segments_longitude
1692903916,1557,timing,elapsed_us,15826,start_us,1692903916863460,stop_us,1692903916879286,-,DmrppArray::read_contiguous() -  name: gt2r_land_segments_canopy_h_canopy
1692903916,1557,timing,elapsed_us,16200,start_us,1692903916847058,stop_us,1692903916863258,-,DmrppArray::read_contiguous() -  name: gt1r_land_segments_latitude
1692903916,1557,timing,elapsed_us,16328,start_us,1692903916578543,stop_us,1692903916594871,-,DmrppArray::read_contiguous() -  name: gt2l_land_segments_delta_time
1692903916,1557,timing,elapsed_us,16892,start_us,1692903916947642,stop_us,1692903916964534,-,DmrppArray::read_contiguous() -  name: gt1l_land_segments_canopy_h_canopy
1692903916,1557,timing,elapsed_us,17421,start_us,1692903916829471,stop_us,1692903916846892,-,DmrppArray::read_contiguous() -  name: gt1r_land_segments_longitude
1692903916,1557,timing,elapsed_us,17906,start_us,1692903916964717,stop_us,1692903916982623,-,DmrppArray::read_contiguous() -  name: gt1l_land_segments_terrain_h_te_best_fit
1692903916,1557,timing,elapsed_us,18502,start_us,1692903916810787,stop_us,1692903916829289,-,DmrppArray::read_contiguous() -  name: gt1r_land_segments_terrain_h_te_best_fit
1692903916,1557,timing,elapsed_us,18565,start_us,1692903916928874,stop_us,1692903916947439,-,DmrppArray::read_contiguous() -  name: gt2r_land_segments_latitude
1692903916,1557,timing,elapsed_us,18642,start_us,1692903916722640,stop_us,1692903916741282,-,DmrppArray::read_contiguous() -  name: orbit_info_crossing_time
1692903916,1557,timing,elapsed_us,2338745,start_us,1692903914081204,stop_us,1692903916419949,-,RemoteResource::get_url() - source url: https://data.nsidc.uat.earthdatacloud.nasa.gov/nsidc-cumulus-uat-protected/ATLAS/ATL08/005/2020/01/01/ATL08_20200101145654_00900605_005_01.h5.dmrpp
1692903916,1557,timing,elapsed_us,25643,start_us,1692903916785062,stop_us,1692903916810705,-,DmrppArray::read_contiguous() -  name: gt1r_land_segments_canopy_h_canopy
1692903916,1557,timing,elapsed_us,27702,start_us,1692903916694717,stop_us,1692903916722419,-,DmrppArray::read_contiguous() -  name: gt3r_land_segments_delta_time
1692903916,1557,timing,elapsed_us,34082,start_us,1692903916894709,stop_us,1692903916928791,-,DmrppArray::read_contiguous() -  name: gt2r_land_segments_longitude
1692903916,1557,timing,elapsed_us,43426,start_us,1692903916594970,stop_us,1692903916638396,-,DmrppArray::read_contiguous() -  name: gt2r_land_segments_delta_time
1692903916,1557,timing,elapsed_us,43445,start_us,1692903916741447,stop_us,1692903916784892,-,DmrppArray::read_contiguous() -  name: orbit_info_rgt
1692903916,1557,timing,elapsed_us,51342,start_us,1692903916527097,stop_us,1692903916578439,-,DmrppArray::read_contiguous() -  name: gt1r_land_segments_delta_time
1692903916,1557,timing,elapsed_us,55994,start_us,1692903916638627,stop_us,1692903916694621,-,DmrppArray::read_contiguous() -  name: gt3l_land_segments_delta_time
1692903916,1557,timing,elapsed_us,84384,start_us,1692903916442609,stop_us,1692903916526993,-,DmrppArray::read_contiguous() -  name: gt1l_land_segments_delta_time
1692903917,1557,timing,elapsed_us,101142,start_us,1692903917521471,stop_us,1692903917622613,-,DmrppArray::read_contiguous() -  name: gt2l_land_segments_latitude
1692903917,1557,timing,elapsed_us,1300589,start_us,1692903916441184,stop_us,1692903917741773,-,BESDapResponseBuilder::serialize_dap4_data() - Timer
1692903917,1557,timing,elapsed_us,1300997,start_us,1692903916440788,stop_us,1692903917741785,http-nio-8080-exec-10:38[bes_client:/-3],get dap for d1 return as dap2; transmitting
1692903917,1557,timing,elapsed_us,15377,start_us,1692903917688345,stop_us,1692903917703722,-,DmrppArray::read_contiguous() -  name: gt3r_land_segments_longitude
1692903917,1557,timing,elapsed_us,16304,start_us,1692903916998378,stop_us,1692903917014682,-,DmrppArray::read_contiguous() -  name: gt1l_land_segments_latitude
1692903917,1557,timing,elapsed_us,17945,start_us,1692903917014759,stop_us,1692903917032704,-,DmrppArray::read_contiguous() -  name: gt3l_land_segments_canopy_h_canopy
1692903917,1557,timing,elapsed_us,18164,start_us,1692903917670096,stop_us,1692903917688260,-,DmrppArray::read_contiguous() -  name: gt3r_land_segments_terrain_h_te_best_fit
1692903917,1557,timing,elapsed_us,188,start_us,1692903917742953,stop_us,1692903917743141,-,BESInterface::execute_request
1692903917,1557,timing,elapsed_us,214129,start_us,1692903917172366,stop_us,1692903917386495,-,DmrppArray::read_contiguous() -  name: gt2l_land_segments_canopy_h_canopy
1692903917,1557,timing,elapsed_us,215,start_us,1692903917742949,stop_us,1692903917743164,-,BESServerHandler::execute
1692903917,1557,timing,elapsed_us,26221,start_us,1692903917032789,stop_us,1692903917059010,-,DmrppArray::read_contiguous() -  name: gt3l_land_segments_terrain_h_te_best_fit
1692903917,1557,timing,elapsed_us,37801,start_us,1692903917703792,stop_us,1692903917741593,-,DmrppArray::read_contiguous() -  name: gt3r_land_segments_latitude
1692903917,1557,timing,elapsed_us,39660,start_us,1692903917481623,stop_us,1692903917521283,-,DmrppArray::read_contiguous() -  name: gt2l_land_segments_longitude
1692903917,1557,timing,elapsed_us,4013038,start_us,1692903913728755,stop_us,1692903917741793,-,BESInterface::execute_request
1692903917,1557,timing,elapsed_us,4014215,start_us,1692903913728716,stop_us,1692903917742931,-,BESServerHandler::execute
1692903917,1557,timing,elapsed_us,42128,start_us,1692903917130146,stop_us,1692903917172274,-,DmrppArray::read_contiguous() -  name: gt3l_land_segments_latitude
1692903917,1557,timing,elapsed_us,47200,start_us,1692903917622750,stop_us,1692903917669950,-,DmrppArray::read_contiguous() -  name: gt3r_land_segments_canopy_h_canopy
1692903917,1557,timing,elapsed_us,7,start_us,1692903917743127,stop_us,1692903917743134,client: /-3:131,show status; transmitting
1692903917,1557,timing,elapsed_us,70790,start_us,1692903917059194,stop_us,1692903917129984,-,DmrppArray::read_contiguous() -  name: gt3l_land_segments_longitude
1692903917,1557,timing,elapsed_us,94786,start_us,1692903917386670,stop_us,1692903917481456,-,DmrppArray::read_contiguous() -  name: gt2l_land_segments_terrain_h_te_best_fit
1692904113,1557,timing,elapsed_us,223814,start_us,1692904112897773,stop_us,1692904113121587,-,RemoteResource::get_url() - source url: https://cmr.uat.earthdata.nasa.gov/search/granules.umm_json_v1_4?collection_concept_id=C1241426826-NSIDC_CUAT&granule_ur=ATL03_20200101145654_00900605_005_01.h5
1692904113,1557,timing,elapsed_us,6,start_us,1692904113122488,stop_us,1692904113122494,http-nio-8080-exec-5:33[bes_client:/-3],define d1 in default as ngapContainer with ngapContainer.dap4constraint="/gt3r_geolocation_delta_time;/gt3r_geolocation_reference_photon_lat;/gt3r_geolocation_reference_photon_lon;/gt3r_geolocation_reference_photon_index;/gt3r_geolocation_segment_ph_cnt;/gt3r_geolocation_ph_index_beg;/gt3r_geolocation_segment_id"; transmitting
1692904113,1557,timing,elapsed_us,7,start_us,1692904113122121,stop_us,1692904113122128,http-nio-8080-exec-5:33[bes_client:/-3],set container in ngap values ngapContainer,collections/C1241426826-NSIDC_CUAT/granules/ATL03_20200101145654_00900605_005_01.h5; transmitting
1692904115,1557,timing,elapsed_us,2454736,start_us,1692904113123345,stop_us,1692904115578081,-,RemoteResource::get_url() - source url: https://data.nsidc.uat.earthdatacloud.nasa.gov/nsidc-cumulus-uat-protected/ATLAS/ATL03/005/2020/01/01/ATL03_20200101145654_00900605_005_01.h5.dmrpp
1692904117,1557,timing,elapsed_us,2297167,start_us,1692904115621663,stop_us,1692904117918830,-,CurlUtils::retrieve_effective_url() -  Following Redirects Starting With: https://data.nsidc.uat.earthdatacloud.nasa.gov/nsidc-cumulus-uat-protected/ATLAS/ATL03/005/2020/01/01/ATL03_20200101145654_00900605_005_01.h5
1692904117,1557,timing,elapsed_us,77744,start_us,1692904117920882,stop_us,1692904117998626,-,DmrppArray::read_super_chunks_unconstrained_concurrent() -  name: gt3r_geolocation_segment_ph_cnt
1692904118,1557,timing,elapsed_us,20651,start_us,1692904118056066,stop_us,1692904118076717,-,DmrppArray::read_super_chunks_unconstrained_concurrent() -  name: gt3r_geolocation_segment_id
1692904118,1557,timing,elapsed_us,21200,start_us,1692904118110093,stop_us,1692904118131293,-,DmrppArray::read_super_chunks_unconstrained_concurrent() -  name: gt3r_geolocation_reference_photon_index
1692904118,1557,timing,elapsed_us,21747,start_us,1692904118031755,stop_us,1692904118053502,-,DmrppArray::read_super_chunks_unconstrained_concurrent() -  name: gt3r_geolocation_ph_index_beg
1692904118,1557,timing,elapsed_us,2542681,start_us,1692904115619841,stop_us,1692904118162522,-,BESDapResponseBuilder::serialize_dap4_data() - Timer
1692904118,1557,timing,elapsed_us,2543037,start_us,1692904115619511,stop_us,1692904118162548,http-nio-8080-exec-5:33[bes_client:/-3],get dap for d1 return as dap2; transmitting
1692904118,1557,timing,elapsed_us,268,start_us,1692904118164637,stop_us,1692904118164905,-,BESInterface::execute_request
1692904118,1557,timing,elapsed_us,26970,start_us,1692904118132751,stop_us,1692904118159721,-,DmrppArray::read_super_chunks_unconstrained_concurrent() -  name: gt3r_geolocation_delta_time
1692904118,1557,timing,elapsed_us,28328,start_us,1692904118000659,stop_us,1692904118028987,-,DmrppArray::read_super_chunks_unconstrained_concurrent() -  name: gt3r_geolocation_reference_photon_lon
1692904118,1557,timing,elapsed_us,28434,start_us,1692904118078764,stop_us,1692904118107198,-,DmrppArray::read_super_chunks_unconstrained_concurrent() -  name: gt3r_geolocation_reference_photon_lat
1692904118,1557,timing,elapsed_us,304,start_us,1692904118164632,stop_us,1692904118164936,-,BESServerHandler::execute
1692904118,1557,timing,elapsed_us,5269782,start_us,1692904112892775,stop_us,1692904118162557,-,BESInterface::execute_request
1692904118,1557,timing,elapsed_us,5271840,start_us,1692904112892740,stop_us,1692904118164580,-,BESServerHandler::execute
1692904118,1557,timing,elapsed_us,8,start_us,1692904118164881,stop_us,1692904118164889,client: /-3:133,show status; transmitting
1692904185,1557,timing,elapsed_us,642832,start_us,1692904184513336,stop_us,1692904185156168,-,RemoteResource::get_url() - source url: https://cmr.uat.earthdata.nasa.gov/search/granules.umm_json_v1_4?collection_concept_id=C1241426826-NSIDC_CUAT&granule_ur=ATL03_20200101145654_00900605_005_01.h5
1692904185,1557,timing,elapsed_us,7,start_us,1692904185156456,stop_us,1692904185156463,http-nio-8080-exec-7:35[bes_client:/-3],set container in ngap values ngapContainer,collections/C1241426826-NSIDC_CUAT/granules/ATL03_20200101145654_00900605_005_01.h5; transmitting
1692904185,1557,timing,elapsed_us,8,start_us,1692904185157281,stop_us,1692904185157289,http-nio-8080-exec-7:35[bes_client:/-3],define d1 in default as ngapContainer with ngapContainer.dap4constraint="/gt3r_geolocation_delta_time;/gt3r_geolocation_reference_photon_lat;/gt3r_geolocation_reference_photon_lon;/gt3r_geolocation_reference_photon_index;/gt3r_geolocation_segment_ph_cnt;/gt3r_geolocation_ph_index_beg;/gt3r_geolocation_segment_id"; transmitting
1692904187,1557,timing,elapsed_us,18325,start_us,1692904187678847,stop_us,1692904187697172,-,DmrppArray::read_super_chunks_unconstrained_concurrent() -  name: gt3r_geolocation_ph_index_beg
1692904187,1557,timing,elapsed_us,19671,start_us,1692904187699711,stop_us,1692904187719382,-,DmrppArray::read_super_chunks_unconstrained_concurrent() -  name: gt3r_geolocation_segment_id
1692904187,1557,timing,elapsed_us,2369924,start_us,1692904185158157,stop_us,1692904187528081,-,RemoteResource::get_url() - source url: https://data.nsidc.uat.earthdatacloud.nasa.gov/nsidc-cumulus-uat-protected/ATLAS/ATL03/005/2020/01/01/ATL03_20200101145654_00900605_005_01.h5.dmrpp
1692904187,1557,timing,elapsed_us,254,start_us,1692904187868458,stop_us,1692904187868712,-,BESInterface::execute_request
1692904187,1557,timing,elapsed_us,26071,start_us,1692904187650217,stop_us,1692904187676288,-,DmrppArray::read_super_chunks_unconstrained_concurrent() -  name: gt3r_geolocation_reference_photon_lon
1692904187,1557,timing,elapsed_us,290,start_us,1692904187868448,stop_us,1692904187868738,-,BESServerHandler::execute
1692904187,1557,timing,elapsed_us,29282,start_us,1692904187832877,stop_us,1692904187862159,-,DmrppArray::read_super_chunks_unconstrained_concurrent() -  name: gt3r_geolocation_delta_time
1692904187,1557,timing,elapsed_us,294035,start_us,1692904187570906,stop_us,1692904187864941,-,BESDapResponseBuilder::serialize_dap4_data() - Timer
1692904187,1557,timing,elapsed_us,294399,start_us,1692904187570571,stop_us,1692904187864970,http-nio-8080-exec-7:35[bes_client:/-3],get dap for d1 return as dap2; transmitting
1692904187,1557,timing,elapsed_us,3356207,start_us,1692904184508779,stop_us,1692904187864986,-,BESInterface::execute_request
1692904187,1557,timing,elapsed_us,3358287,start_us,1692904184508742,stop_us,1692904187867029,-,BESServerHandler::execute
1692904187,1557,timing,elapsed_us,36877,start_us,1692904187794295,stop_us,1692904187831172,-,DmrppArray::read_super_chunks_unconstrained_concurrent() -  name: gt3r_geolocation_reference_photon_index
1692904187,1557,timing,elapsed_us,70465,start_us,1692904187721230,stop_us,1692904187791695,-,DmrppArray::read_super_chunks_unconstrained_concurrent() -  name: gt3r_geolocation_reference_photon_lat
1692904187,1557,timing,elapsed_us,75802,start_us,1692904187572942,stop_us,1692904187648744,-,DmrppArray::read_super_chunks_unconstrained_concurrent() -  name: gt3r_geolocation_segment_ph_cnt
1692904187,1557,timing,elapsed_us,8,start_us,1692904187868692,stop_us,1692904187868700,client: /-3:135,show status; transmitting
1692904296,1557,timing,elapsed_us,220721,start_us,1692904296057670,stop_us,1692904296278391,-,RemoteResource::get_url() - source url: https://cmr.uat.earthdata.nasa.gov/search/granules.umm_json_v1_4?collection_concept_id=C1241426826-NSIDC_CUAT&granule_ur=ATL03_20200101145654_00900605_005_01.h5
1692904296,1557,timing,elapsed_us,6,start_us,1692904296279693,stop_us,1692904296279699,http-nio-8080-exec-6:34[bes_client:/-3],define d1 in default as ngapContainer with ngapContainer.dap4constraint="/gt3r_heights_delta_time[6710118:149:8209976];/gt3r_heights_lat_ph[6710118:149:8209976];/gt3r_heights_lon_ph[6710118:149:8209976];/gt3r_heights_h_ph[6710118:149:8209976];/gt3r_heights_signal_conf_ph[6710118:149:8209976][0:1:4]"; transmitting
1692904296,1557,timing,elapsed_us,7,start_us,1692904296278862,stop_us,1692904296278869,http-nio-8080-exec-6:34[bes_client:/-3],set container in ngap values ngapContainer,collections/C1241426826-NSIDC_CUAT/granules/ATL03_20200101145654_00900605_005_01.h5; transmitting
1692904298,1557,timing,elapsed_us,137282,start_us,1692904298646006,stop_us,1692904298783288,-,DmrppArray::read_super_chunks_concurrent() -  name: gt3r_heights_lat_ph
1692904298,1557,timing,elapsed_us,2320669,start_us,1692904296280565,stop_us,1692904298601234,-,RemoteResource::get_url() - source url: https://data.nsidc.uat.earthdatacloud.nasa.gov/nsidc-cumulus-uat-protected/ATLAS/ATL03/005/2020/01/01/ATL03_20200101145654_00900605_005_01.h5.dmrpp
1692904298,1557,timing,elapsed_us,32680,start_us,1692904298787100,stop_us,1692904298819780,-,DmrppArray::read_super_chunks_concurrent() -  name: gt3r_heights_signal_conf_ph
1692904298,1557,timing,elapsed_us,75927,start_us,1692904298823607,stop_us,1692904298899534,-,DmrppArray::read_super_chunks_concurrent() -  name: gt3r_heights_h_ph
1692904298,1557,timing,elapsed_us,97482,start_us,1692904298903168,stop_us,1692904299000650,-,DmrppArray::read_super_chunks_concurrent() -  name: gt3r_heights_lon_ph
1692904299,1557,timing,elapsed_us,211,start_us,1692904299038827,stop_us,1692904299039038,-,BESInterface::execute_request
1692904299,1557,timing,elapsed_us,245,start_us,1692904299038822,stop_us,1692904299039067,-,BESServerHandler::execute
1692904299,1557,timing,elapsed_us,2983370,start_us,1692904296052761,stop_us,1692904299036131,-,BESInterface::execute_request
1692904299,1557,timing,elapsed_us,2986068,start_us,1692904296052725,stop_us,1692904299038793,-,BESServerHandler::execute
1692904299,1557,timing,elapsed_us,31380,start_us,1692904299004301,stop_us,1692904299035681,-,DmrppArray::read_super_chunks_concurrent() -  name: gt3r_heights_delta_time
1692904299,1557,timing,elapsed_us,395203,start_us,1692904298640897,stop_us,1692904299036100,-,BESDapResponseBuilder::serialize_dap4_data() - Timer
1692904299,1557,timing,elapsed_us,395496,start_us,1692904298640625,stop_us,1692904299036121,http-nio-8080-exec-6:34[bes_client:/-3],get dap for d1 return as dap2; transmitting
1692904299,1557,timing,elapsed_us,6,start_us,1692904299039025,stop_us,1692904299039031,client: /-3:137,show status; transmitting
1692904332,1557,timing,elapsed_us,213705,start_us,1692904332592871,stop_us,1692904332806576,-,RemoteResource::get_url() - source url: https://cmr.uat.earthdata.nasa.gov/search/granules.umm_json_v1_4?collection_concept_id=C1241426826-NSIDC_CUAT&granule_ur=ATL03_20200101145654_00900605_005_01.h5
1692904332,1557,timing,elapsed_us,6,start_us,1692904332807873,stop_us,1692904332807879,http-nio-8080-exec-7:35[bes_client:/-3],define d1 in default as ngapContainer with ngapContainer.dap4constraint="/gt3r_heights_delta_time[6710118:149:8209976];/gt3r_heights_lat_ph[6710118:149:8209976];/gt3r_heights_lon_ph[6710118:149:8209976];/gt3r_heights_h_ph[6710118:149:8209976];/gt3r_heights_signal_conf_ph[6710118:149:8209976][0:1:4]"; transmitting
1692904332,1557,timing,elapsed_us,8,start_us,1692904332807037,stop_us,1692904332807045,http-nio-8080-exec-7:35[bes_client:/-3],set container in ngap values ngapContainer,collections/C1241426826-NSIDC_CUAT/granules/ATL03_20200101145654_00900605_005_01.h5; transmitting
1692904335,1557,timing,elapsed_us,129490,start_us,1692904335260548,stop_us,1692904335390038,-,DmrppArray::read_super_chunks_concurrent() -  name: gt3r_heights_lat_ph
1692904335,1557,timing,elapsed_us,226,start_us,1692904335639143,stop_us,1692904335639369,-,BESInterface::execute_request
1692904335,1557,timing,elapsed_us,2400277,start_us,1692904332808763,stop_us,1692904335209040,-,RemoteResource::get_url() - source url: https://data.nsidc.uat.earthdatacloud.nasa.gov/nsidc-cumulus-uat-protected/ATLAS/ATL03/005/2020/01/01/ATL03_20200101145654_00900605_005_01.h5.dmrpp
1692904335,1557,timing,elapsed_us,256,start_us,1692904335639138,stop_us,1692904335639394,-,BESServerHandler::execute
1692904335,1557,timing,elapsed_us,29453,start_us,1692904335606227,stop_us,1692904335635680,-,DmrppArray::read_super_chunks_concurrent() -  name: gt3r_heights_delta_time
1692904335,1557,timing,elapsed_us,3047430,start_us,1692904332588705,stop_us,1692904335636135,-,BESInterface::execute_request
1692904335,1557,timing,elapsed_us,3050431,start_us,1692904332588679,stop_us,1692904335639110,-,BESServerHandler::execute
1692904335,1557,timing,elapsed_us,32536,start_us,1692904335393834,stop_us,1692904335426370,-,DmrppArray::read_super_chunks_concurrent() -  name: gt3r_heights_signal_conf_ph
1692904335,1557,timing,elapsed_us,380648,start_us,1692904335255457,stop_us,1692904335636105,-,BESDapResponseBuilder::serialize_dap4_data() - Timer
1692904335,1557,timing,elapsed_us,380947,start_us,1692904335255178,stop_us,1692904335636125,http-nio-8080-exec-7:35[bes_client:/-3],get dap for d1 return as dap2; transmitting
1692904335,1557,timing,elapsed_us,6,start_us,1692904335639355,stop_us,1692904335639361,client: /-3:139,show status; transmitting
1692904335,1557,timing,elapsed_us,73563,start_us,1692904335430205,stop_us,1692904335503768,-,DmrppArray::read_super_chunks_concurrent() -  name: gt3r_heights_h_ph
1692904335,1557,timing,elapsed_us,95114,start_us,1692904335507384,stop_us,1692904335602498,-,DmrppArray::read_super_chunks_concurrent() -  name: gt3r_heights_lon_ph
